#targetfile:$(projectRoot)/ddd/hasc-20150427-180538-mag.csv
1430125989.974,1430125990.613,A,40,23
1430125989.974,1430125990.613,B,25,23
1430125990.013,1430125990.653,A,36,24
1430125990.013,1430125990.653,B,29,24
1430125990.056,1430125990.694,A,5,28
1430125990.056,1430125990.694,B,15,28
1430125990.093,1430125990.733,A,7,26
1430125990.093,1430125990.733,B,15,26
1430125990.133,1430125990.773,A,8,27
1430125990.133,1430125990.773,B,17,27
1430125990.173,1430125990.813,A,1,28
1430125990.173,1430125990.813,B,27,28
1430125990.213,1430125990.853,A,27,30
1430125990.213,1430125990.853,B,31,30
1430125990.253,1430125990.893,A,34,29
1430125990.253,1430125990.893,B,22,29
1430125990.293,1430125990.933,A,42,28
1430125990.293,1430125990.933,B,20,28
1430125990.333,1430125990.973,A,27,28
1430125990.333,1430125990.973,B,34,28
1430125990.373,1430125991.014,A,26,29
1430125990.373,1430125991.014,B,36,29
1430125990.413,1430125991.053,A,20,28
1430125990.413,1430125991.053,B,40,28
1430125990.453,1430125991.093,A,22,27
1430125990.453,1430125991.093,B,38,27
1430125990.493,1430125991.133,A,29,24
1430125990.493,1430125991.133,B,27,24
1430125990.533,1430125991.174,A,10,27
1430125990.533,1430125991.174,B,34,27
1430125990.573,1430125991.213,A,36,23
1430125990.573,1430125991.213,B,18,23
1430125990.613,1430125991.253,A,34,24
1430125990.613,1430125991.253,B,21,24
1430125990.653,1430125991.293,A,28,25
1430125990.653,1430125991.293,B,23,25
1430125990.694,1430125991.333,A,19,19
1430125990.694,1430125991.333,B,24,19
1430125990.733,1430125991.373,A,33,19
1430125990.733,1430125991.373,B,18,19
1430125990.773,1430125991.413,A,34,18
1430125990.773,1430125991.413,B,17,18
1430125990.813,1430125991.453,A,16,19
1430125990.813,1430125991.453,B,30,19
1430125990.853,1430125991.493,A,26,19
1430125990.853,1430125991.493,B,23,19
1430125990.893,1430125991.533,A,36,18
1430125990.893,1430125991.533,B,14,18
1430125990.933,1430125991.577,A,35,17
1430125990.933,1430125991.577,B,15,17
1430125990.973,1430125991.613,A,6,17
1430125990.973,1430125991.613,B,30,17
1430125991.014,1430125991.653,A,29,15
1430125991.014,1430125991.653,B,22,15
1430125991.053,1430125991.693,A,28,15
1430125991.053,1430125991.693,B,24,15
1430125991.093,1430125991.733,A,24,16
1430125991.093,1430125991.733,B,28,16
1430125991.133,1430125991.773,A,15,18
1430125991.133,1430125991.773,B,20,18
1430125991.174,1430125991.813,A,15,18
1430125991.174,1430125991.813,B,19,18
1430125991.213,1430125991.854,A,20,18
1430125991.213,1430125991.854,B,16,18
1430125991.253,1430125991.893,A,10,21
1430125991.253,1430125991.893,B,27,21
1430125991.293,1430125991.933,A,31,22
1430125991.293,1430125991.933,B,17,22
1430125991.333,1430125991.974,A,31,22
1430125991.333,1430125991.974,B,20,22
1430125991.373,1430125992.013,A,41,22
1430125991.373,1430125992.013,B,12,22
1430125991.413,1430125992.054,A,35,22
1430125991.413,1430125992.054,B,13,22
1430125991.453,1430125992.093,A,41,21
1430125991.453,1430125992.093,B,11,21
1430125991.493,1430125992.133,A,27,23
1430125991.493,1430125992.133,B,21,23
1430125991.533,1430125992.173,A,24,23
1430125991.533,1430125992.173,B,19,23
1430125991.577,1430125992.213,A,2,25
1430125991.577,1430125992.213,B,28,25
1430125991.613,1430125992.253,A,4,24
1430125991.613,1430125992.253,B,31,24
1430125991.653,1430125992.293,A,20,24
1430125991.653,1430125992.293,B,34,24
1430125991.693,1430125992.333,A,21,27
1430125991.693,1430125992.333,B,41,27
1430125991.733,1430125992.373,A,51,28
1430125991.733,1430125992.373,B,28,28
1430125991.773,1430125992.413,A,53,25
1430125991.773,1430125992.413,B,24,25
1430125991.813,1430125992.454,A,57,27
1430125991.813,1430125992.454,B,18,27
1430125991.854,1430125992.493,A,37,31
1430125991.854,1430125992.493,B,22,31
1430125991.893,1430125992.533,A,53,30
1430125991.893,1430125992.533,B,18,30
1430125991.933,1430125992.574,A,45,31
1430125991.933,1430125992.574,B,26,31
1430125991.974,1430125992.613,A,44,31
1430125991.974,1430125992.613,B,28,31
1430125992.013,1430125992.653,A,16,30
1430125992.013,1430125992.653,B,38,30
1430125992.054,1430125992.693,A,20,29
1430125992.054,1430125992.693,B,32,29
1430125992.093,1430125992.733,A,15,28
1430125992.093,1430125992.733,B,26,28
1430125992.133,1430125992.773,A,14,28
1430125992.133,1430125992.773,B,25,28
1430125992.173,1430125992.813,A,11,27
1430125992.173,1430125992.813,B,26,27
1430125992.213,1430125992.853,A,20,29
1430125992.213,1430125992.853,B,22,29
1430125992.253,1430125992.893,A,24,26
1430125992.253,1430125992.893,B,13,26
1430125992.293,1430125992.934,A,25,26
1430125992.293,1430125992.934,B,12,26
1430125992.333,1430125992.973,A,19,26
1430125992.333,1430125992.973,B,9,26
1430125992.373,1430125993.013,A,41,26
1430125992.373,1430125993.013,B,18,26
1430125992.413,1430125993.053,A,53,25
1430125992.413,1430125993.053,B,16,25
1430125992.454,1430125993.093,A,56,24
1430125992.454,1430125993.093,B,22,24
1430125992.493,1430125993.135,A,39,24
1430125992.493,1430125993.135,B,39,24
1430125992.533,1430125993.173,A,43,22
1430125992.533,1430125993.173,B,37,22
1430125992.574,1430125993.214,A,57,18
1430125992.574,1430125993.214,B,23,18
1430125992.613,1430125993.254,A,55,15
1430125992.613,1430125993.254,B,14,15
1430125992.653,1430125993.294,A,40,15
1430125992.653,1430125993.294,B,20,15
1430125992.693,1430125993.334,A,29,9
1430125992.693,1430125993.334,B,16,9
1430125992.733,1430125993.375,A,27,8
1430125992.733,1430125993.375,B,12,8
1430125992.773,1430125993.415,A,20,8
1430125992.773,1430125993.415,B,10,8
1430125992.813,1430125993.46,A,23,9
1430125992.813,1430125993.46,B,16,9
1430125992.853,1430125993.506,A,24,10
1430125992.853,1430125993.506,B,15,10
1430125992.893,1430125993.538,A,24,11
1430125992.893,1430125993.538,B,16,11
1430125992.934,1430125993.576,A,17,10
1430125992.934,1430125993.576,B,18,10
1430125992.973,1430125993.614,A,10,9
1430125992.973,1430125993.614,B,13,9
1430125993.013,1430125993.655,A,13,10
1430125993.013,1430125993.655,B,15,10
1430125993.053,1430125993.699,A,15,11
1430125993.053,1430125993.699,B,19,11
1430125993.093,1430125993.739,A,20,10
1430125993.093,1430125993.739,B,21,10
1430125993.135,1430125993.779,A,20,10
1430125993.135,1430125993.779,B,21,10
1430125993.173,1430125993.815,A,20,10
1430125993.173,1430125993.815,B,20,10
1430125993.214,1430125993.854,A,15,10
1430125993.214,1430125993.854,B,16,10
1430125993.254,1430125993.893,A,15,10
1430125993.254,1430125993.893,B,17,10
1430125993.294,1430125993.937,A,4,11
1430125993.294,1430125993.937,B,19,11
1430125993.334,1430125993.979,A,1,10
1430125993.334,1430125993.979,B,22,10
1430125993.375,1430125994.017,A,10,12
1430125993.375,1430125994.017,B,28,12
1430125993.415,1430125994.083,A,17,12
1430125993.415,1430125994.083,B,19,12
1430125993.46,1430125994.117,A,18,13
1430125993.46,1430125994.117,B,16,13
1430125993.506,1430125994.157,A,12,13
1430125993.506,1430125994.157,B,14,13
1430125993.538,1430125994.197,A,13,13
1430125993.538,1430125994.197,B,14,13
1430125993.576,1430125994.24,A,2,14
1430125993.576,1430125994.24,B,22,14
1430125993.614,1430125994.279,A,4,14
1430125993.614,1430125994.279,B,19,14
1430125993.655,1430125994.324,A,15,16
1430125993.655,1430125994.324,B,16,16
1430125993.699,1430125994.357,A,22,15
1430125993.699,1430125994.357,B,9,15
1430125993.739,1430125994.397,A,29,15
1430125993.739,1430125994.397,B,5,15
1430125993.779,1430125994.437,A,32,15
1430125993.779,1430125994.437,B,8,15
1430125993.815,1430125994.477,A,35,16
1430125993.815,1430125994.477,B,15,16
1430125993.854,1430125994.517,A,35,17
1430125993.854,1430125994.517,B,15,17
1430125993.893,1430125994.557,A,33,17
1430125993.893,1430125994.557,B,16,17
1430125993.937,1430125994.604,A,23,18
1430125993.937,1430125994.604,B,25,18
1430125993.979,1430125994.638,A,17,17
1430125993.979,1430125994.638,B,22,17
1430125994.017,1430125994.684,A,9,17
1430125994.017,1430125994.684,B,26,17
1430125994.083,1430125994.718,A,15,16
1430125994.083,1430125994.718,B,14,16
1430125994.117,1430125994.758,A,13,17
1430125994.117,1430125994.758,B,13,17
1430125994.157,1430125994.838,A,20,15
1430125994.157,1430125994.838,B,10,15
1430125994.197,1430125994.858,A,18,14
1430125994.197,1430125994.858,B,8,14
1430125994.24,1430125994.898,A,10,17
1430125994.24,1430125994.898,B,14,17
1430125994.279,1430125994.939,A,12,18
1430125994.279,1430125994.939,B,19,18
1430125994.324,1430125994.979,A,13,19
1430125994.324,1430125994.979,B,28,19
1430125994.357,1430125995.018,A,27,20
1430125994.357,1430125995.018,B,27,20
1430125994.397,1430125995.06,A,30,23
1430125994.397,1430125995.06,B,39,23
1430125994.437,1430125995.098,A,48,20
1430125994.437,1430125995.098,B,28,20
1430125994.477,1430125995.139,A,49,21
1430125994.477,1430125995.139,B,24,21
1430125994.517,1430125995.185,A,51,22
1430125994.517,1430125995.185,B,19,22
1430125994.557,1430125995.225,A,43,22
1430125994.557,1430125995.225,B,16,22
1430125994.604,1430125995.265,A,40,21
1430125994.604,1430125995.265,B,17,21
1430125994.638,1430125995.322,A,24,21
1430125994.638,1430125995.322,B,14,21
1430125994.684,1430125995.353,A,24,21
1430125994.684,1430125995.353,B,14,21
1430125994.718,1430125995.392,A,9,21
1430125994.718,1430125995.392,B,24,21
1430125994.758,1430125995.433,A,1,22
1430125994.758,1430125995.433,B,33,22
1430125994.838,1430125995.474,A,22,22
1430125994.838,1430125995.474,B,32,22
1430125994.858,1430125995.513,A,24,20
1430125994.858,1430125995.513,B,32,20
1430125994.898,1430125995.561,A,32,21
1430125994.898,1430125995.561,B,26,21
1430125994.939,1430125995.595,A,27,22
1430125994.939,1430125995.595,B,30,22
1430125994.979,1430125995.637,A,33,21
1430125994.979,1430125995.637,B,23,21
1430125995.018,1430125995.681,A,30,20
1430125995.018,1430125995.681,B,17,20
1430125995.06,1430125995.716,A,14,22
1430125995.06,1430125995.716,B,29,22
1430125995.098,1430125995.763,A,23,21
1430125995.098,1430125995.763,B,18,21
1430125995.139,1430125995.826,A,23,20
1430125995.139,1430125995.826,B,18,20
1430125995.185,1430125995.878,A,31,18
1430125995.185,1430125995.878,B,15,18
1430125995.225,1430125995.914,A,17,21
1430125995.225,1430125995.914,B,29,21
1430125995.265,1430125995.954,A,17,19
1430125995.265,1430125995.954,B,29,19
1430125995.322,1430125995.997,A,10,20
1430125995.322,1430125995.997,B,29,20
1430125995.353,1430125996.039,A,7,20
1430125995.353,1430125996.039,B,27,20
1430125995.392,1430125996.08,A,13,19
1430125995.392,1430125996.08,B,15,19
1430125995.433,1430125996.127,A,13,18
1430125995.433,1430125996.127,B,14,18
1430125995.474,1430125996.159,A,17,18
1430125995.474,1430125996.159,B,11,18
1430125995.513,1430125996.21,A,17,18
1430125995.513,1430125996.21,B,18,18
1430125995.561,1430125996.244,A,22,17
1430125995.561,1430125996.244,B,14,17
1430125995.595,1430125996.288,A,23,17
1430125995.595,1430125996.288,B,14,17
1430125995.637,1430125996.327,A,26,17
1430125995.637,1430125996.327,B,13,17
1430125995.681,1430125996.362,A,27,18
1430125995.681,1430125996.362,B,16,18
1430125995.716,1430125996.403,A,21,18
1430125995.716,1430125996.403,B,23,18
1430125995.763,1430125996.442,A,22,17
1430125995.763,1430125996.442,B,24,17
1430125995.826,1430125996.482,A,19,17
1430125995.826,1430125996.482,B,22,17
1430125995.878,1430125996.522,A,19,16
1430125995.878,1430125996.522,B,16,16
1430125995.914,1430125996.563,A,3,12
1430125995.914,1430125996.563,B,22,12
1430125995.954,1430125996.606,A,2,13
1430125995.954,1430125996.606,B,24,13
1430125995.997,1430125996.647,A,13,14
1430125995.997,1430125996.647,B,21,14
1430125996.039,1430125996.686,A,18,16
1430125996.039,1430125996.686,B,23,16
1430125996.08,1430125996.726,A,33,14
1430125996.08,1430125996.726,B,16,14
1430125996.127,1430125996.766,A,33,16
1430125996.127,1430125996.766,B,17,16
1430125996.159,1430125996.806,A,39,15
1430125996.159,1430125996.806,B,11,15
1430125996.21,1430125996.848,A,33,15
1430125996.21,1430125996.848,B,7,15
1430125996.244,1430125996.886,A,33,15
1430125996.244,1430125996.886,B,8,15
1430125996.288,1430125996.926,A,23,15
1430125996.288,1430125996.926,B,17,15
1430125996.327,1430125996.966,A,24,15
1430125996.327,1430125996.966,B,14,15
1430125996.362,1430125997.007,A,9,15
1430125996.362,1430125997.007,B,14,15
1430125996.403,1430125997.046,A,8,16
1430125996.403,1430125997.046,B,19,16
1430125996.442,1430125997.086,A,11,14
1430125996.442,1430125997.086,B,16,14
1430125996.482,1430125997.126,A,16,15
1430125996.482,1430125997.126,B,19,15
1430125996.522,1430125997.167,A,30,17
1430125996.522,1430125997.167,B,12,17
1430125996.563,1430125997.207,A,31,17
1430125996.563,1430125997.207,B,12,17
1430125996.606,1430125997.248,A,42,17
1430125996.606,1430125997.248,B,5,17
1430125996.647,1430125997.286,A,36,18
1430125996.647,1430125997.286,B,13,18
1430125996.686,1430125997.327,A,36,19
1430125996.686,1430125997.327,B,19,19
1430125996.726,1430125997.372,A,28,18
1430125996.726,1430125997.372,B,24,18
1430125996.766,1430125997.411,A,24,18
1430125996.766,1430125997.411,B,27,18
1430125996.806,1430125997.451,A,5,17
1430125996.806,1430125997.451,B,20,17
1430125996.848,1430125997.49,A,5,16
1430125996.848,1430125997.49,B,13,16
1430125996.886,1430125997.53,A,15,20
1430125996.886,1430125997.53,B,22,20
1430125996.926,1430125997.57,A,15,20
1430125996.926,1430125997.57,B,30,20
1430125996.966,1430125997.61,A,38,19
1430125996.966,1430125997.61,B,24,19
1430125997.007,1430125997.651,A,36,22
1430125997.007,1430125997.651,B,34,22
1430125997.046,1430125997.701,A,43,22
1430125997.046,1430125997.701,B,37,22
1430125997.086,1430125997.741,A,31,22
1430125997.086,1430125997.741,B,47,22
1430125997.126,1430125997.779,A,38,22
1430125997.126,1430125997.779,B,39,22
1430125997.167,1430125997.828,A,24,23
1430125997.167,1430125997.828,B,31,23
1430125997.207,1430125997.859,A,22,24
1430125997.207,1430125997.859,B,24,24
1430125997.248,1430125997.898,A,7,21
1430125997.248,1430125997.898,B,24,21
1430125997.286,1430125997.938,A,9,21
1430125997.286,1430125997.938,B,19,21
1430125997.327,1430125997.978,A,20,21
1430125997.327,1430125997.978,B,21,21
1430125997.372,1430125998.018,A,24,21
1430125997.372,1430125998.018,B,21,21
1430125997.411,1430125998.103,A,33,23
1430125997.411,1430125998.103,B,26,23
1430125997.451,1430125998.126,A,21,24
1430125997.451,1430125998.126,B,39,24
1430125997.49,1430125998.166,A,30,25
1430125997.49,1430125998.166,B,35,25
1430125997.53,1430125998.206,A,19,24
1430125997.53,1430125998.206,B,43,24
1430125997.57,1430125998.246,A,22,25
1430125997.57,1430125998.246,B,40,25
1430125997.61,1430125998.286,A,28,25
1430125997.61,1430125998.286,B,35,25
1430125997.651,1430125998.327,A,34,25
1430125997.651,1430125998.327,B,29,25
1430125997.701,1430125998.366,A,41,22
1430125997.701,1430125998.366,B,22,22
1430125997.741,1430125998.407,A,32,23
1430125997.741,1430125998.407,B,31,23
1430125997.779,1430125998.447,A,39,22
1430125997.779,1430125998.447,B,20,22
1430125997.828,1430125998.486,A,31,22
1430125997.828,1430125998.486,B,13,22
1430125997.859,1430125998.526,A,33,21
1430125997.859,1430125998.526,B,20,21
1430125997.898,1430125998.567,A,22,24
1430125997.898,1430125998.567,B,29,24
1430125997.938,1430125998.607,A,25,23
1430125997.938,1430125998.607,B,28,23
1430125997.978,1430125998.647,A,12,24
1430125997.978,1430125998.647,B,37,24
1430125998.018,1430125998.686,A,19,22
1430125998.018,1430125998.686,B,30,22
1430125998.103,1430125998.726,A,22,22
1430125998.103,1430125998.726,B,25,22
1430125998.126,1430125998.768,A,18,23
1430125998.126,1430125998.768,B,28,23
1430125998.166,1430125998.806,A,29,23
1430125998.166,1430125998.806,B,21,23
1430125998.206,1430125998.846,A,30,25
1430125998.206,1430125998.846,B,17,25
1430125998.246,1430125998.886,A,39,24
1430125998.246,1430125998.886,B,16,24
1430125998.286,1430125998.927,A,22,26
1430125998.286,1430125998.927,B,29,26
1430125998.327,1430125998.966,A,32,23
1430125998.327,1430125998.966,B,18,23
1430125998.366,1430125999.007,A,25,24
1430125998.366,1430125999.007,B,23,24
1430125998.407,1430125999.046,A,25,24
1430125998.407,1430125999.046,B,22,24
1430125998.447,1430125999.087,A,14,24
1430125998.447,1430125999.087,B,24,24
1430125998.486,1430125999.127,A,20,24
1430125998.486,1430125999.127,B,15,24
1430125998.526,1430125999.166,A,15,24
1430125998.526,1430125999.166,B,21,24
1430125998.567,1430125999.206,A,17,22
1430125998.567,1430125999.206,B,21,22
1430125998.607,1430125999.247,A,23,22
1430125998.607,1430125999.247,B,21,22
1430125998.647,1430125999.286,A,22,21
1430125998.647,1430125999.286,B,24,21
1430125998.686,1430125999.345,A,30,23
1430125998.686,1430125999.345,B,22,23
1430125998.726,1430125999.383,A,22,24
1430125998.726,1430125999.383,B,29,24
1430125998.768,1430125999.423,A,28,23
1430125998.768,1430125999.423,B,27,23
1430125998.806,1430125999.463,A,15,24
1430125998.806,1430125999.463,B,37,24
1430125998.846,1430125999.503,A,39,21
1430125998.846,1430125999.503,B,17,21
1430125998.886,1430125999.543,A,36,21
1430125998.886,1430125999.543,B,20,21
1430125998.927,1430125999.584,A,32,21
1430125998.927,1430125999.584,B,23,21
1430125998.966,1430125999.624,A,24,20
1430125998.966,1430125999.624,B,20,20
1430125999.007,1430125999.664,A,27,20
1430125999.007,1430125999.664,B,15,20
1430125999.046,1430125999.703,A,20,19
1430125999.046,1430125999.703,B,18,19
1430125999.087,1430125999.743,A,17,21
1430125999.087,1430125999.743,B,17,21
1430125999.127,1430125999.784,A,18,18
1430125999.127,1430125999.784,B,16,18
1430125999.166,1430125999.829,A,14,18
1430125999.166,1430125999.829,B,22,18
1430125999.206,1430125999.863,A,17,18
1430125999.206,1430125999.863,B,22,18
1430125999.247,1430125999.904,A,15,18
1430125999.247,1430125999.904,B,20,18
1430125999.286,1430125999.943,A,20,15
1430125999.286,1430125999.943,B,8,15
1430125999.345,1430125999.983,A,11,16
1430125999.345,1430125999.983,B,21,16
1430125999.383,1430126000.024,A,20,16
1430125999.383,1430126000.024,B,18,16
1430125999.423,1430126000.064,A,17,17
1430125999.423,1430126000.064,B,20,17
1430125999.463,1430126000.104,A,16,17
1430125999.463,1430126000.104,B,23,17
1430125999.503,1430126000.143,A,21,15
1430125999.503,1430126000.143,B,25,15
1430125999.543,1430126000.184,A,28,15
1430125999.543,1430126000.184,B,19,15
1430125999.584,1430126000.224,A,28,15
1430125999.584,1430126000.224,B,18,15
1430125999.624,1430126000.264,A,27,16
1430125999.624,1430126000.264,B,20,16
1430125999.664,1430126000.304,A,24,16
1430125999.664,1430126000.304,B,15,16
1430125999.703,1430126000.359,A,20,16
1430125999.703,1430126000.359,B,14,16
1430125999.743,1430126000.389,A,14,15
1430125999.743,1430126000.389,B,14,15
1430125999.784,1430126000.429,A,15,15
1430125999.784,1430126000.429,B,13,15
1430125999.829,1430126000.47,A,7,15
1430125999.829,1430126000.47,B,15,15
1430125999.863,1430126000.509,A,3,16
1430125999.863,1430126000.509,B,22,16
1430125999.904,1430126000.549,A,11,15
1430125999.904,1430126000.549,B,21,15
1430125999.943,1430126000.59,A,16,18
1430125999.943,1430126000.59,B,19,18
1430125999.983,1430126000.63,A,20,18
1430125999.983,1430126000.63,B,16,18
1430126000.024,1430126000.67,A,25,17
1430126000.024,1430126000.67,B,25,17
1430126000.064,1430126000.709,A,27,17
1430126000.064,1430126000.709,B,26,17
1430126000.104,1430126000.75,A,31,18
1430126000.104,1430126000.75,B,24,18
1430126000.143,1430126000.79,A,34,18
1430126000.143,1430126000.79,B,21,18
1430126000.184,1430126000.865,A,33,17
1430126000.184,1430126000.865,B,14,17
1430126000.224,1430126000.918,A,26,15
1430126000.224,1430126000.918,B,14,15
1430126000.264,1430126000.959,A,21,14
1430126000.264,1430126000.959,B,10,14
1430126000.304,1430126000.999,A,18,15
1430126000.304,1430126000.999,B,9,15
1430126000.359,1430126001.039,A,18,15
1430126000.359,1430126001.039,B,11,15
1430126000.389,1430126001.086,A,32,17
1430126000.389,1430126001.086,B,16,17
1430126000.429,1430126001.141,A,34,16
1430126000.429,1430126001.141,B,11,16
1430126000.47,1430126001.177,A,40,14
1430126000.47,1430126001.177,B,10,14
1430126000.509,1430126001.218,A,34,15
1430126000.509,1430126001.218,B,14,15
1430126000.549,1430126001.257,A,35,14
1430126000.549,1430126001.257,B,13,14
1430126000.59,1430126001.298,A,25,15
1430126000.59,1430126001.298,B,12,15
1430126000.63,1430126001.343,A,21,14
1430126000.63,1430126001.343,B,13,14
1430126000.67,1430126001.377,A,8,15
1430126000.67,1430126001.377,B,19,15
1430126000.709,1430126001.417,A,6,15
1430126000.709,1430126001.417,B,17,15
1430126000.75,1430126001.457,A,18,15
1430126000.75,1430126001.457,B,16,15
1430126000.79,1430126001.497,A,21,13
1430126000.79,1430126001.497,B,15,13
1430126000.865,1430126001.538,A,24,14
1430126000.865,1430126001.538,B,15,14
1430126000.918,1430126001.59,A,19,15
1430126000.918,1430126001.59,B,19,15
1430126000.959,1430126001.626,A,16,15
1430126000.959,1430126001.626,B,20,15
1430126000.999,1430126001.662,A,5,14
1430126000.999,1430126001.662,B,15,14
1430126001.039,1430126001.703,A,8,16
1430126001.039,1430126001.703,B,23,16
1430126001.086,1430126001.742,A,23,16
1430126001.086,1430126001.742,B,15,16
1430126001.141,1430126001.782,A,26,16
1430126001.141,1430126001.782,B,16,16
1430126001.177,1430126001.822,A,29,17
1430126001.177,1430126001.822,B,15,17
1430126001.218,1430126001.863,A,28,16
1430126001.218,1430126001.863,B,13,16
1430126001.257,1430126001.902,A,26,17
1430126001.257,1430126001.902,B,14,17
1430126001.298,1430126001.942,A,20,18
1430126001.298,1430126001.942,B,17,18
1430126001.343,1430126001.986,A,21,17
1430126001.343,1430126001.986,B,11,17
1430126001.377,1430126002.03,A,17,17
1430126001.377,1430126002.03,B,13,17
1430126001.417,1430126002.089,A,6,18
1430126001.417,1430126002.089,B,23,18
1430126001.457,1430126002.128,A,16,17
1430126001.457,1430126002.128,B,20,17
1430126001.497,1430126002.159,A,18,18
1430126001.497,1430126002.159,B,18,18
1430126001.538,1430126002.199,A,22,19
1430126001.538,1430126002.199,B,17,19
1430126001.59,1430126002.24,A,13,19
1430126001.59,1430126002.24,B,22,19
1430126001.626,1430126002.279,A,16,18
1430126001.626,1430126002.279,B,18,18
1430126001.662,1430126002.32,A,18,18
1430126001.662,1430126002.32,B,15,18
1430126001.703,1430126002.359,A,11,19
1430126001.703,1430126002.359,B,24,19
1430126001.742,1430126002.4,A,26,20
1430126001.742,1430126002.4,B,19,20
1430126001.782,1430126002.44,A,28,19
1430126001.782,1430126002.44,B,16,19
1430126001.822,1430126002.479,A,35,18
1430126001.822,1430126002.479,B,14,18
1430126001.863,1430126002.52,A,31,18
1430126001.863,1430126002.52,B,13,18
1430126001.902,1430126002.579,A,33,19
1430126001.902,1430126002.579,B,10,19
1430126001.942,1430126002.609,A,19,20
1430126001.942,1430126002.609,B,19,20
1430126001.986,1430126002.649,A,19,19
1430126001.986,1430126002.649,B,14,19
1430126002.03,1430126002.689,A,3,19
1430126002.03,1430126002.689,B,18,19
1430126002.089,1430126002.729,A,2,19
1430126002.089,1430126002.729,B,23,19
1430126002.128,1430126002.77,A,29,22
1430126002.128,1430126002.77,B,25,22
1430126002.159,1430126002.809,A,37,18
1430126002.159,1430126002.809,B,18,18
1430126002.199,1430126002.859,A,42,18
1430126002.199,1430126002.859,B,17,18
1430126002.24,1430126002.889,A,33,21
1430126002.24,1430126002.889,B,21,21
1430126002.279,1430126002.929,A,41,19
1430126002.279,1430126002.929,B,12,19
1430126002.32,1430126002.97,A,30,21
1430126002.32,1430126002.97,B,17,21
1430126002.359,1430126003.01,A,27,21
1430126002.359,1430126003.01,B,21,21
1430126002.4,1430126003.05,A,11,19
1430126002.4,1430126003.05,B,25,19
1430126002.44,1430126003.107,A,7,18
1430126002.44,1430126003.107,B,19,18
1430126002.479,1430126003.139,A,3,17
1430126002.479,1430126003.139,B,15,17
1430126002.52,1430126003.169,A,7,18
1430126002.52,1430126003.169,B,11,18
1430126002.579,1430126003.209,A,19,17
1430126002.579,1430126003.209,B,22,17
1430126002.609,1430126003.25,A,18,18
1430126002.609,1430126003.25,B,26,18
1430126002.649,1430126003.289,A,30,19
1430126002.649,1430126003.289,B,17,19
1430126002.689,1430126003.329,A,29,18
1430126002.689,1430126003.329,B,19,18
1430126002.729,1430126003.369,A,37,17
1430126002.729,1430126003.369,B,19,17
1430126002.77,1430126003.41,A,28,18
1430126002.77,1430126003.41,B,27,18
1430126002.809,1430126003.449,A,37,17
1430126002.809,1430126003.449,B,19,17
1430126002.859,1430126003.502,A,32,18
1430126002.859,1430126003.502,B,19,18
1430126002.889,1430126003.544,A,27,18
1430126002.889,1430126003.544,B,19,18
1430126002.929,1430126003.585,A,1,17
1430126002.929,1430126003.585,B,19,17
1430126002.97,1430126003.643,A,5,16
1430126002.97,1430126003.643,B,13,16
1430126003.01,1430126003.682,A,4,15
1430126003.01,1430126003.682,B,15,15
1430126003.05,1430126003.722,A,5,16
1430126003.05,1430126003.722,B,18,16
1430126003.107,1430126003.762,A,17,16
1430126003.107,1430126003.762,B,10,16
1430126003.139,1430126003.802,A,23,19
1430126003.139,1430126003.802,B,19,19
1430126003.169,1430126003.842,A,34,18
1430126003.169,1430126003.842,B,18,18
1430126003.209,1430126003.882,A,36,20
1430126003.209,1430126003.882,B,19,20
1430126003.25,1430126003.928,A,38,19
1430126003.25,1430126003.928,B,22,19
1430126003.289,1430126003.963,A,32,19
1430126003.289,1430126003.963,B,33,19
1430126003.329,1430126004.003,A,33,17
1430126003.329,1430126004.003,B,32,17
1430126003.369,1430126004.044,A,28,19
1430126003.369,1430126004.044,B,29,19
1430126003.41,1430126004.109,A,29,19
1430126003.41,1430126004.109,B,25,19
1430126003.449,1430126004.148,A,25,18
1430126003.449,1430126004.148,B,14,18
1430126003.502,1430126004.187,A,16,18
1430126003.502,1430126004.187,B,7,18
1430126003.544,1430126004.227,A,10,17
1430126003.544,1430126004.227,B,8,17
1430126003.585,1430126004.267,A,25,20
1430126003.585,1430126004.267,B,20,20
1430126003.643,1430126004.307,A,29,20
1430126003.643,1430126004.307,B,17,20
1430126003.682,1430126004.348,A,34,20
1430126003.682,1430126004.348,B,16,20
1430126003.722,1430126004.388,A,29,22
1430126003.722,1430126004.388,B,24,22
1430126003.762,1430126004.428,A,39,18
1430126003.762,1430126004.428,B,20,18
1430126003.802,1430126004.469,A,28,19
1430126003.802,1430126004.469,B,29,19
1430126003.842,1430126004.509,A,37,19
1430126003.842,1430126004.509,B,17,19
1430126003.882,1430126004.548,A,30,19
1430126003.882,1430126004.548,B,14,19
1430126003.928,1430126004.59,A,33,18
1430126003.928,1430126004.59,B,4,18
1430126003.963,1430126004.63,A,13,19
1430126003.963,1430126004.63,B,19,19
1430126004.003,1430126004.669,A,11,17
1430126004.003,1430126004.669,B,19,17
1430126004.044,1430126004.709,A,6,16
1430126004.044,1430126004.709,B,27,16
1430126004.109,1430126004.749,A,9,16
1430126004.109,1430126004.749,B,25,16
1430126004.148,1430126004.789,A,15,16
1430126004.148,1430126004.789,B,18,16
1430126004.187,1430126004.829,A,9,16
1430126004.187,1430126004.829,B,16,16
1430126004.227,1430126004.869,A,16,16
1430126004.227,1430126004.869,B,18,16
1430126004.267,1430126004.909,A,14,17
1430126004.267,1430126004.909,B,30,17
1430126004.307,1430126004.966,A,20,16
1430126004.307,1430126004.966,B,26,16
1430126004.348,1430126004.994,A,22,16
1430126004.348,1430126004.994,B,18,16
1430126004.388,1430126005.034,A,22,15
1430126004.388,1430126005.034,B,19,15
1430126004.428,1430126005.079,A,23,15
1430126004.428,1430126005.079,B,18,15
1430126004.469,1430126005.114,A,22,15
1430126004.469,1430126005.114,B,18,15
1430126004.509,1430126005.155,A,24,17
1430126004.509,1430126005.155,B,27,17
1430126004.548,1430126005.194,A,24,16
1430126004.548,1430126005.194,B,27,16
1430126004.59,1430126005.234,A,28,15
1430126004.59,1430126005.234,B,15,15
1430126004.63,1430126005.274,A,21,16
1430126004.63,1430126005.274,B,17,16
1430126004.669,1430126005.315,A,23,14
1430126004.669,1430126005.315,B,20,14
1430126004.709,1430126005.354,A,17,14
1430126004.709,1430126005.354,B,23,14
1430126004.749,1430126005.394,A,17,14
1430126004.749,1430126005.394,B,20,14
1430126004.789,1430126005.435,A,6,15
1430126004.789,1430126005.435,B,21,15
1430126004.829,1430126005.474,A,8,14
1430126004.829,1430126005.474,B,15,14
1430126004.869,1430126005.514,A,13,14
1430126004.869,1430126005.514,B,11,14
1430126004.909,1430126005.554,A,18,15
1430126004.909,1430126005.554,B,11,15
