#targetfile:$(projectRoot)/result/result/75cm/waist-side/hasc-20150330-094738-mag-pca.csv-lowpass.csv
1427676469.86,1427676470.5,A,13,6
1427676469.9,1427676470.54,A,15,7
1427676469.94,1427676470.58,A,17,8
1427676469.98,1427676470.62,A,16,8
1427676470.02,1427676470.66,A,13,7
1427676470.06,1427676470.7,A,11,6
1427676470.1,1427676470.74,A,11,6
1427676470.14,1427676470.78,A,12,5
1427676470.18,1427676470.82,A,13,6
1427676470.22,1427676470.86,A,13,6
1427676470.26,1427676470.9,A,13,7
1427676470.3,1427676470.94,A,13,7
1427676470.34,1427676470.98,A,13,7
1427676470.38,1427676471.02,A,13,6
1427676470.42,1427676471.06,A,11,5
1427676470.46,1427676471.1,A,8,4
1427676470.5,1427676471.14,A,4,2
1427676470.54,1427676471.18,A,2,1
1427676470.58,1427676471.22,A,1,1
1427676470.62,1427676471.26,A,3,2
1427676470.66,1427676471.3,A,5,2
1427676470.7,1427676471.34,A,4,2
1427676470.74,1427676471.38,A,3,2
1427676470.78,1427676471.42,A,2,1
1427676470.82,1427676471.46,A,5,3
1427676470.86,1427676471.5,A,8,4
1427676470.9,1427676471.54,A,10,5
1427676470.94,1427676471.58,A,11,5
1427676470.98,1427676471.62,A,10,5
1427676471.02,1427676471.66,A,8,4
1427676471.06,1427676471.7,A,7,3
1427676471.1,1427676471.74,A,7,3
1427676471.14,1427676471.78,A,8,3
1427676471.18,1427676471.82,A,9,5
1427676471.22,1427676471.86,A,12,6
1427676471.26,1427676471.9,A,15,8
1427676471.3,1427676471.94,A,17,8
1427676471.34,1427676471.98,A,16,8
1427676471.38,1427676472.02,A,14,8
1427676471.42,1427676472.06,A,13,6
1427676471.46,1427676472.1,A,12,5
1427676471.5,1427676472.14,A,10,5
1427676471.54,1427676472.18,A,10,5
1427676471.58,1427676472.22,A,11,6
1427676471.62,1427676472.26,A,13,6
1427676471.66,1427676472.3,A,13,6
1427676471.7,1427676472.34,A,12,6
1427676471.74,1427676472.38,A,11,6
1427676471.78,1427676472.42,A,10,5
1427676471.82,1427676472.46,A,9,4
1427676471.86,1427676472.5,A,7,3
1427676471.9,1427676472.54,A,5,3
1427676471.94,1427676472.58,A,4,3
1427676471.98,1427676472.62,A,5,3
1427676472.02,1427676472.66,A,6,3
1427676472.06,1427676472.7,A,6,3
1427676472.1,1427676472.74,A,5,2
1427676472.14,1427676472.78,A,4,2
1427676472.18,1427676472.82,A,2,1
1427676472.22,1427676472.86,A,2,1
1427676472.26,1427676472.9,A,2,1
1427676472.3,1427676472.94,A,2,1
1427676472.34,1427676472.98,A,2,1
1427676472.38,1427676473.02,A,2,1
1427676472.42,1427676473.06,A,1,1
1427676472.46,1427676473.1,A,1,0
1427676472.5,1427676473.14,A,1,0
1427676472.54,1427676473.18,A,1,0
1427676472.58,1427676473.22,A,1,0
1427676472.62,1427676473.26,A,0,0
1427676472.66,1427676473.3,A,0,0
1427676472.7,1427676473.34,A,0,0
1427676472.74,1427676473.38,A,1,0
1427676472.78,1427676473.42,A,1,0
1427676472.82,1427676473.46,A,1,0
1427676472.86,1427676473.5,A,0,0
1427676472.9,1427676473.54,A,0,0
1427676472.94,1427676473.58,A,0,0
1427676472.98,1427676473.62,A,0,0
1427676473.02,1427676473.66,A,0,0
1427676473.06,1427676473.7,A,0,0
1427676473.1,1427676473.74,A,0,0
1427676473.14,1427676473.78,A,0,0
1427676473.18,1427676473.82,A,0,0
1427676473.22,1427676473.86,A,0,0
1427676473.26,1427676473.9,A,0,0
1427676473.3,1427676473.94,A,0,0
1427676473.34,1427676473.98,A,0,0
1427676473.38,1427676474.02,A,0,0
1427676473.42,1427676474.06,A,0,0
1427676473.46,1427676474.1,A,0,0
1427676473.5,1427676474.14,A,0,0
1427676473.54,1427676474.18,A,0,0
1427676473.58,1427676474.22,A,0,0
1427676473.62,1427676474.26,A,0,0
1427676473.66,1427676474.3,A,0,0
1427676473.7,1427676474.34,A,0,0
1427676473.74,1427676474.38,A,0,0
1427676473.78,1427676474.42,A,0,0
1427676473.82,1427676474.46,A,0,0
1427676473.86,1427676474.5,A,0,0
1427676473.9,1427676474.54,A,0,0
1427676473.94,1427676474.58,A,0,0
1427676473.98,1427676474.62,A,0,0
1427676474.02,1427676474.66,A,0,0
1427676474.06,1427676474.7,A,0,0
1427676474.1,1427676474.74,A,0,0
1427676474.14,1427676474.78,A,0,0
1427676474.18,1427676474.82,A,0,0
1427676474.22,1427676474.86,A,0,0
1427676474.26,1427676474.9,A,0,0
1427676474.3,1427676474.94,A,0,0
1427676474.34,1427676474.98,A,0,0
1427676474.38,1427676475.02,A,0,0
1427676474.42,1427676475.06,A,0,0
1427676474.46,1427676475.1,A,0,0
1427676474.5,1427676475.14,A,0,0
1427676474.54,1427676475.18,A,0,0
1427676474.58,1427676475.22,A,0,0
1427676474.62,1427676475.26,A,0,0
1427676474.66,1427676475.3,A,0,0
1427676474.7,1427676475.34,A,0,0
1427676474.74,1427676475.38,A,0,0
1427676474.78,1427676475.42,A,0,0
1427676474.82,1427676475.46,A,0,0
1427676474.86,1427676475.5,A,0,0
1427676474.9,1427676475.54,A,0,0
1427676474.94,1427676475.58,A,0,0
1427676474.98,1427676475.62,A,0,0
1427676475.02,1427676475.66,A,0,0
1427676475.06,1427676475.7,A,0,0
1427676475.1,1427676475.74,A,0,0
1427676475.14,1427676475.78,A,0,0
1427676475.18,1427676475.82,A,0,0
1427676475.22,1427676475.86,A,0,0
1427676475.26,1427676475.9,A,0,0
1427676475.3,1427676475.94,A,0,0
1427676475.34,1427676475.98,A,0,0
1427676475.38,1427676476.02,A,0,0
1427676475.42,1427676476.06,A,0,0
1427676475.46,1427676476.1,A,0,0
1427676475.5,1427676476.14,A,0,0
1427676475.54,1427676476.18,A,0,0
1427676475.58,1427676476.22,A,0,0
1427676475.62,1427676476.26,A,0,0
1427676475.66,1427676476.3,A,0,0
1427676475.7,1427676476.34,A,0,0
1427676475.74,1427676476.38,A,0,0
1427676475.78,1427676476.42,A,0,0
1427676475.82,1427676476.46,A,0,0
1427676475.86,1427676476.5,A,0,0
1427676475.9,1427676476.54,A,0,0
1427676475.94,1427676476.58,A,0,0
1427676475.98,1427676476.62,A,0,0
1427676476.02,1427676476.66,A,0,0
1427676476.06,1427676476.7,A,0,0
1427676476.1,1427676476.74,A,0,0
1427676476.14,1427676476.78,A,0,0
1427676476.18,1427676476.82,A,0,0
1427676476.22,1427676476.86,A,0,0
