#targetfile:$(projectRoot)/result/result/75cm/waist-side/hasc-20150329-184304-mag-pca.csv-lowpass.csv
1427622189.94,1427622190.58,B,13,6
1427622189.98,1427622190.62,B,14,7
1427622190.02,1427622190.66,B,15,6
1427622190.06,1427622190.7,B,14,7
1427622190.1,1427622190.74,B,15,6
1427622190.14,1427622190.78,B,14,6
1427622190.18,1427622190.82,B,14,6
1427622190.22,1427622190.86,B,10,6
1427622190.26,1427622190.9,B,12,5
1427622190.3,1427622190.94,B,13,6
1427622190.34,1427622190.98,B,14,6
1427622190.38,1427622191.02,B,13,6
1427622190.42,1427622191.06,B,13,5
1427622190.46,1427622191.1,B,13,5
1427622190.5,1427622191.14,B,10,4
1427622190.54,1427622191.18,B,7,4
1427622190.58,1427622191.22,B,9,3
1427622190.62,1427622191.26,B,9,3
1427622190.66,1427622191.3,B,8,3
1427622190.7,1427622191.34,B,7,3
1427622190.74,1427622191.38,B,6,3
1427622190.78,1427622191.42,B,6,3
1427622190.82,1427622191.46,B,7,3
1427622190.86,1427622191.5,B,6,3
1427622190.9,1427622191.54,B,5,3
1427622190.94,1427622191.58,B,5,3
1427622190.98,1427622191.62,B,7,3
1427622191.02,1427622191.66,B,7,3
1427622191.06,1427622191.7,B,6,3
1427622191.1,1427622191.74,B,6,3
1427622191.14,1427622191.78,B,7,3
1427622191.18,1427622191.82,B,7,3
1427622191.22,1427622191.86,B,6,3
1427622191.26,1427622191.9,B,11,3
1427622191.3,1427622191.94,B,12,4
1427622191.34,1427622191.98,B,13,5
1427622191.38,1427622192.02,B,13,5
1427622191.42,1427622192.06,B,11,6
1427622191.46,1427622192.1,B,10,6
1427622191.5,1427622192.14,B,10,6
1427622191.54,1427622192.18,B,10,6
1427622191.58,1427622192.22,B,11,6
1427622191.62,1427622192.26,B,10,5
1427622191.66,1427622192.3,B,10,5
1427622191.7,1427622192.34,B,9,5
1427622191.74,1427622192.38,B,8,5
1427622191.78,1427622192.42,B,9,5
1427622191.82,1427622192.46,B,8,5
1427622191.86,1427622192.5,B,9,5
1427622191.9,1427622192.54,B,9,5
1427622191.94,1427622192.58,B,8,5
1427622191.98,1427622192.62,B,6,5
1427622192.02,1427622192.66,B,5,5
1427622192.06,1427622192.7,B,6,4
1427622192.1,1427622192.74,B,6,4
1427622192.14,1427622192.78,B,6,4
1427622192.18,1427622192.82,B,5,4
1427622192.22,1427622192.86,B,6,4
1427622192.26,1427622192.9,B,6,4
1427622192.3,1427622192.94,B,5,5
1427622192.34,1427622192.98,B,6,5
1427622192.38,1427622193.02,B,9,5
1427622192.42,1427622193.06,B,9,6
1427622192.46,1427622193.1,B,9,5
1427622192.5,1427622193.14,B,9,5
1427622192.54,1427622193.18,B,8,4
1427622192.58,1427622193.22,B,8,4
1427622192.62,1427622193.26,B,10,4
1427622192.66,1427622193.3,B,12,5
1427622192.7,1427622193.34,B,12,5
1427622192.74,1427622193.38,B,11,5
1427622192.78,1427622193.42,B,8,6
1427622192.82,1427622193.46,B,8,5
1427622192.86,1427622193.5,B,9,5
1427622192.9,1427622193.54,B,11,5
1427622192.94,1427622193.58,B,9,5
1427622192.98,1427622193.62,B,7,4
1427622193.02,1427622193.66,B,5,4
1427622193.06,1427622193.7,B,5,4
1427622193.1,1427622193.74,B,5,4
1427622193.14,1427622193.78,B,6,4
1427622193.18,1427622193.82,B,8,4
1427622193.22,1427622193.86,B,8,4
1427622193.26,1427622193.9,B,7,4
1427622193.3,1427622193.94,B,7,3
1427622193.34,1427622193.98,B,7,3
1427622193.38,1427622194.02,B,8,3
1427622193.42,1427622194.06,B,8,3
1427622193.46,1427622194.1,B,8,4
1427622193.5,1427622194.14,B,7,3
1427622193.54,1427622194.18,B,7,5
1427622193.58,1427622194.22,B,10,6
1427622193.62,1427622194.26,B,11,6
1427622193.66,1427622194.3,B,12,7
1427622193.7,1427622194.34,B,15,7
1427622193.74,1427622194.38,B,12,7
1427622193.78,1427622194.42,B,11,8
1427622193.82,1427622194.46,B,9,9
1427622193.86,1427622194.5,A,15,10
1427622193.86,1427622194.5,B,16,10
1427622193.9,1427622194.54,A,17,10
1427622193.9,1427622194.54,B,14,10
1427622193.94,1427622194.58,A,19,10
1427622193.94,1427622194.58,B,10,10
1427622193.98,1427622194.62,A,20,10
1427622193.98,1427622194.62,B,8,10
1427622194.02,1427622194.66,A,18,11
1427622194.02,1427622194.66,B,11,11
1427622194.06,1427622194.7,A,13,11
1427622194.06,1427622194.7,B,15,11
1427622194.1,1427622194.74,A,8,12
1427622194.1,1427622194.74,B,17,12
1427622194.14,1427622194.78,A,10,14
1427622194.14,1427622194.78,B,21,14
1427622194.18,1427622194.82,A,12,15
1427622194.18,1427622194.82,B,20,15
1427622194.22,1427622194.86,A,23,13
1427622194.22,1427622194.86,B,22,13
1427622194.26,1427622194.9,A,26,14
1427622194.26,1427622194.9,B,19,14
1427622194.3,1427622194.94,A,34,15
1427622194.3,1427622194.94,B,15,15
1427622194.34,1427622194.98,A,25,16
1427622194.34,1427622194.98,B,25,16
1427622194.38,1427622195.02,A,23,16
1427622194.38,1427622195.02,B,28,16
1427622194.42,1427622195.06,A,4,19
1427622194.42,1427622195.06,B,31,19
1427622194.46,1427622195.1,A,4,19
1427622194.46,1427622195.1,B,31,19
1427622194.5,1427622195.14,A,36,21
1427622194.5,1427622195.14,B,27,21
1427622194.54,1427622195.18,A,38,26
1427622194.54,1427622195.18,B,41,26
1427622194.58,1427622195.22,A,55,27
1427622194.58,1427622195.22,B,39,27
1427622194.62,1427622195.26,A,51,26
1427622194.62,1427622195.26,B,43,26
1427622194.66,1427622195.3,A,52,27
1427622194.66,1427622195.3,B,40,27
1427622194.7,1427622195.34,A,36,28
1427622194.7,1427622195.34,B,34,28
1427622194.74,1427622195.38,A,26,31
1427622194.74,1427622195.38,B,38,31
1427622194.78,1427622195.42,A,14,32
1427622194.78,1427622195.42,B,23,32
1427622194.82,1427622195.46,A,52,40
1427622194.82,1427622195.46,B,40,40
1427622194.86,1427622195.5,A,71,38
1427622194.86,1427622195.5,B,39,38
1427622194.9,1427622195.54,A,87,42
1427622194.9,1427622195.54,B,45,42
1427622194.94,1427622195.58,A,108,44
1427622194.94,1427622195.58,B,32,44
1427622194.98,1427622195.62,A,110,42
1427622194.98,1427622195.62,B,31,42
1427622195.02,1427622195.66,A,96,49
1427622195.02,1427622195.66,B,41,49
1427622195.06,1427622195.7,A,78,46
1427622195.06,1427622195.7,B,40,46
1427622195.1,1427622195.74,A,49,53
1427622195.1,1427622195.74,B,78,53
1427622195.14,1427622195.78,A,36,55
1427622195.14,1427622195.78,B,74,55
1427622195.18,1427622195.82,A,109,69
1427622195.18,1427622195.82,B,87,69
1427622195.22,1427622195.86,A,129,64
1427622195.22,1427622195.86,B,77,64
1427622195.26,1427622195.9,A,180,67
1427622195.26,1427622195.9,B,75,67
1427622195.3,1427622195.94,A,184,66
1427622195.3,1427622195.94,B,70,66
1427622195.34,1427622195.98,A,191,64
1427622195.34,1427622195.98,B,50,64
1427622195.38,1427622196.02,A,154,69
1427622195.38,1427622196.02,B,52,69
1427622195.42,1427622196.06,A,141,70
1427622195.42,1427622196.06,B,49,70
1427622195.46,1427622196.1,A,92,67
1427622195.46,1427622196.1,B,54,67
1427622195.5,1427622196.14,A,74,71
1427622195.5,1427622196.14,B,54,71
1427622195.54,1427622196.18,A,146,86
1427622195.54,1427622196.18,B,100,86
1427622195.58,1427622196.22,A,159,82
1427622195.58,1427622196.22,B,90,82
1427622195.62,1427622196.26,A,216,80
1427622195.62,1427622196.26,B,85,80
1427622195.66,1427622196.3,A,222,80
1427622195.66,1427622196.3,B,78,80
1427622195.7,1427622196.34,A,227,76
1427622195.7,1427622196.34,B,70,76
1427622195.74,1427622196.38,A,180,79
1427622195.74,1427622196.38,B,76,79
1427622195.78,1427622196.42,A,178,82
1427622195.78,1427622196.42,B,95,82
1427622195.82,1427622196.46,A,135,74
1427622195.82,1427622196.46,B,62,74
1427622195.86,1427622196.5,A,153,75
1427622195.86,1427622196.5,B,58,75
1427622195.9,1427622196.54,A,201,66
1427622195.9,1427622196.54,B,28,66
1427622195.94,1427622196.58,A,207,68
1427622195.94,1427622196.58,B,36,68
1427622195.98,1427622196.62,A,245,63
1427622195.98,1427622196.62,B,32,63
1427622196.02,1427622196.66,A,245,63
1427622196.02,1427622196.66,B,39,63
1427622196.06,1427622196.7,A,233,64
1427622196.06,1427622196.7,B,52,64
1427622196.1,1427622196.74,A,209,65
1427622196.1,1427622196.74,B,53,65
1427622196.14,1427622196.78,A,194,61
1427622196.14,1427622196.78,B,54,61
1427622196.18,1427622196.82,A,141,43
1427622196.18,1427622196.82,B,54,43
1427622196.22,1427622196.86,A,145,42
1427622196.22,1427622196.86,B,56,42
1427622196.26,1427622196.9,A,145,38
1427622196.26,1427622196.9,B,29,38
1427622196.3,1427622196.94,A,145,35
1427622196.3,1427622196.94,B,21,35
1427622196.34,1427622196.98,A,158,32
1427622196.34,1427622196.98,B,9,32
1427622196.38,1427622197.02,A,157,33
1427622196.38,1427622197.02,B,11,33
1427622196.42,1427622197.06,A,133,34
1427622196.42,1427622197.06,B,29,34
1427622196.46,1427622197.1,A,122,31
1427622196.46,1427622197.1,B,31,31
1427622196.5,1427622197.14,A,104,28
1427622196.5,1427622197.14,B,30,28
1427622196.54,1427622197.18,A,72,19
1427622196.54,1427622197.18,B,15,19
1427622196.58,1427622197.22,A,81,23
1427622196.58,1427622197.22,B,30,23
1427622196.62,1427622197.26,A,75,19
1427622196.62,1427622197.26,B,20,19
1427622196.66,1427622197.3,A,72,18
1427622196.66,1427622197.3,B,18,18
1427622196.7,1427622197.34,A,72,18
1427622196.7,1427622197.34,B,17,18
1427622196.74,1427622197.38,A,67,19
1427622196.74,1427622197.38,B,24,19
1427622196.78,1427622197.42,A,48,17
1427622196.78,1427622197.42,B,18,17
1427622196.82,1427622197.46,A,45,18
1427622196.82,1427622197.46,B,18,18
1427622196.86,1427622197.5,A,34,13
1427622196.86,1427622197.5,B,21,13
1427622196.9,1427622197.54,A,29,12
1427622196.9,1427622197.54,B,18,12
1427622196.94,1427622197.58,A,35,11
1427622196.94,1427622197.58,B,11,11
1427622196.98,1427622197.62,A,34,10
1427622196.98,1427622197.62,B,10,10
1427622197.02,1427622197.66,A,34,10
1427622197.02,1427622197.66,B,9,10
1427622197.06,1427622197.7,A,34,10
1427622197.06,1427622197.7,B,8,10
1427622197.1,1427622197.74,A,32,10
1427622197.1,1427622197.74,B,8,10
1427622197.14,1427622197.78,A,28,10
1427622197.14,1427622197.78,B,12,10
1427622197.18,1427622197.82,A,28,9
1427622197.18,1427622197.82,B,11,9
1427622197.22,1427622197.86,A,20,7
1427622197.22,1427622197.86,B,2,7
1427622197.26,1427622197.9,A,23,7
1427622197.26,1427622197.9,B,4,7
1427622197.3,1427622197.94,A,25,8
1427622197.3,1427622197.94,B,6,8
1427622197.34,1427622197.98,A,27,8
1427622197.34,1427622197.98,B,9,8
1427622197.38,1427622198.02,A,24,8
1427622197.38,1427622198.02,B,12,8
1427622197.42,1427622198.06,A,24,9
1427622197.42,1427622198.06,B,12,9
1427622197.46,1427622198.1,A,18,7
1427622197.46,1427622198.1,B,13,7
1427622197.5,1427622198.14,A,18,8
1427622197.5,1427622198.14,B,13,8
1427622197.54,1427622198.18,A,14,8
1427622197.54,1427622198.18,B,12,8
1427622197.58,1427622198.22,A,11,7
1427622197.58,1427622198.22,B,15,7
1427622197.62,1427622198.26,A,15,7
1427622197.62,1427622198.26,B,18,7
1427622197.66,1427622198.3,A,17,7
1427622197.66,1427622198.3,B,17,7
1427622197.7,1427622198.34,A,18,7
1427622197.7,1427622198.34,B,16,7
1427622197.74,1427622198.38,A,19,7
1427622197.74,1427622198.38,B,15,7
1427622197.78,1427622198.42,A,18,7
1427622197.78,1427622198.42,B,14,7
1427622197.82,1427622198.46,A,16,7
1427622197.82,1427622198.46,B,14,7
1427622197.86,1427622198.5,A,16,7
1427622197.86,1427622198.5,B,14,7
1427622197.9,1427622198.54,A,11,7
1427622197.9,1427622198.54,B,15,7
1427622197.94,1427622198.58,A,11,6
1427622197.94,1427622198.58,B,15,6
1427622197.98,1427622198.62,A,13,6
1427622197.98,1427622198.62,B,12,6
1427622198.02,1427622198.66,A,13,6
1427622198.02,1427622198.66,B,12,6
1427622198.06,1427622198.7,A,15,6
1427622198.06,1427622198.7,B,11,6
1427622198.1,1427622198.74,A,14,6
1427622198.1,1427622198.74,B,10,6
1427622198.14,1427622198.78,A,12,5
1427622198.14,1427622198.78,B,7,5
1427622198.18,1427622198.82,A,11,5
1427622198.18,1427622198.82,B,7,5
1427622198.22,1427622198.86,A,10,5
1427622198.22,1427622198.86,B,9,5
1427622198.26,1427622198.9,A,8,4
1427622198.26,1427622198.9,B,7,4
1427622198.3,1427622198.94,A,11,5
1427622198.3,1427622198.94,B,6,5
1427622198.34,1427622198.98,A,9,6
1427622198.34,1427622198.98,B,8,6
1427622198.38,1427622199.02,A,9,6
1427622198.38,1427622199.02,B,9,6
1427622198.42,1427622199.06,A,9,6
1427622198.42,1427622199.06,B,9,6
1427622198.46,1427622199.1,A,10,7
1427622198.46,1427622199.1,B,10,7
1427622198.5,1427622199.14,A,9,7
1427622198.5,1427622199.14,B,10,7
1427622198.54,1427622199.18,A,9,7
1427622198.54,1427622199.18,B,11,7
1427622198.58,1427622199.22,A,7,6
1427622198.58,1427622199.22,B,13,6
1427622198.62,1427622199.26,A,7,6
1427622198.62,1427622199.26,B,13,6
1427622198.66,1427622199.3,A,9,6
1427622198.66,1427622199.3,B,14,6
1427622198.7,1427622199.34,A,7,6
1427622198.7,1427622199.34,B,13,6
1427622198.74,1427622199.38,A,7,6
1427622198.74,1427622199.38,B,14,6
1427622198.78,1427622199.42,A,8,6
1427622198.78,1427622199.42,B,13,6
1427622198.82,1427622199.46,A,7,6
1427622198.82,1427622199.46,B,13,6
1427622198.86,1427622199.5,A,8,6
1427622198.86,1427622199.5,B,11,6
1427622198.9,1427622199.54,A,6,6
1427622198.9,1427622199.54,B,9,6
1427622198.94,1427622199.58,A,5,4
1427622198.94,1427622199.58,B,9,4
1427622198.98,1427622199.62,A,1,4
1427622198.98,1427622199.62,B,10,4
1427622199.02,1427622199.66,A,4,4
1427622199.02,1427622199.66,B,9,4
1427622199.06,1427622199.7,A,4,4
1427622199.06,1427622199.7,B,10,4
1427622199.1,1427622199.74,A,2,4
1427622199.1,1427622199.74,B,8,4
1427622199.14,1427622199.78,A,4,3
1427622199.14,1427622199.78,B,7,3
1427622199.18,1427622199.82,A,5,4
1427622199.18,1427622199.82,B,7,4
1427622199.22,1427622199.86,A,6,3
1427622199.22,1427622199.86,B,8,3
1427622199.26,1427622199.9,A,6,4
1427622199.26,1427622199.9,B,8,4
1427622199.3,1427622199.94,A,6,3
1427622199.3,1427622199.94,B,7,3
1427622199.34,1427622199.98,A,5,3
1427622199.34,1427622199.98,B,8,3
1427622199.38,1427622200.02,A,7,3
1427622199.38,1427622200.02,B,8,3
1427622199.42,1427622200.06,A,7,3
1427622199.42,1427622200.06,B,8,3
1427622199.46,1427622200.1,A,5,4
1427622199.46,1427622200.1,B,7,4
1427622199.5,1427622200.14,A,5,4
1427622199.5,1427622200.14,B,7,4
1427622199.54,1427622200.18,A,5,4
1427622199.54,1427622200.18,B,8,4
1427622199.58,1427622200.22,A,5,4
1427622199.58,1427622200.22,B,8,4
1427622199.62,1427622200.26,A,5,4
1427622199.62,1427622200.26,B,8,4
1427622199.66,1427622200.3,A,6,4
1427622199.66,1427622200.3,B,4,4
1427622199.7,1427622200.34,A,7,4
1427622199.7,1427622200.34,B,5,4
1427622199.74,1427622200.38,A,9,4
1427622199.74,1427622200.38,B,4,4
1427622199.78,1427622200.42,A,9,4
1427622199.78,1427622200.42,B,4,4
1427622199.82,1427622200.46,A,11,4
1427622199.82,1427622200.46,B,5,4
1427622199.86,1427622200.5,A,12,4
1427622199.86,1427622200.5,B,6,4
1427622199.9,1427622200.54,A,11,4
1427622199.9,1427622200.54,B,6,4
1427622199.94,1427622200.58,A,14,4
1427622199.94,1427622200.58,B,4,4
1427622199.98,1427622200.62,A,13,4
1427622199.98,1427622200.62,B,3,4
1427622200.02,1427622200.66,A,13,5
1427622200.02,1427622200.66,B,5,5
