#targetfile:$(projectRoot)/result/result/75cm/waist-side/hasc-20150329-183825-mag-pca.csv-lowpass.csv
1427622093.01,1427622093.65,A,20,5
1427622093.05,1427622093.69,A,20,5
1427622093.09,1427622093.73,A,21,5
1427622093.13,1427622093.77,A,20,5
1427622093.17,1427622093.81,A,19,5
1427622093.21,1427622093.85,A,18,6
1427622093.25,1427622093.89,A,19,6
1427622093.29,1427622093.93,A,22,6
1427622093.33,1427622093.97,A,25,7
1427622093.37,1427622094.01,A,27,9
1427622093.41,1427622094.05,A,30,8
1427622093.45,1427622094.09,A,28,8
1427622093.49,1427622094.13,A,29,8
1427622093.53,1427622094.17,A,28,8
1427622093.57,1427622094.21,A,28,9
1427622093.61,1427622094.25,A,32,9
1427622093.65,1427622094.29,A,32,9
1427622093.69,1427622094.33,A,38,10
1427622093.73,1427622094.37,A,38,9
1427622093.77,1427622094.41,A,38,10
1427622093.81,1427622094.45,A,42,10
1427622093.85,1427622094.49,A,44,10
1427622093.89,1427622094.53,A,47,11
1427622093.93,1427622094.57,A,58,12
1427622093.97,1427622094.61,A,60,11
1427622094.01,1427622094.65,A,71,15
1427622094.05,1427622094.69,A,75,15
1427622094.09,1427622094.73,A,80,17
1427622094.13,1427622094.77,A,85,16
1427622094.17,1427622094.81,A,85,17
1427622094.21,1427622094.85,A,90,17
1427622094.25,1427622094.89,A,98,19
1427622094.29,1427622094.93,A,97,20
1427622094.33,1427622094.97,A,119,26
1427622094.37,1427622095.01,A,122,27
1427622094.37,1427622095.01,B,17,27
1427622094.41,1427622095.05,A,133,30
1427622094.41,1427622095.05,B,26,30
1427622094.45,1427622095.09,A,143,30
1427622094.45,1427622095.09,B,17,30
1427622094.49,1427622095.13,A,143,31
1427622094.49,1427622095.13,B,11,31
1427622094.53,1427622095.17,A,155,31
1427622094.53,1427622095.17,B,15,31
1427622094.57,1427622095.21,A,156,31
1427622094.57,1427622095.21,B,15,31
1427622094.61,1427622095.25,A,166,32
1427622094.61,1427622095.25,B,18,32
1427622094.65,1427622095.29,A,192,39
1427622094.65,1427622095.29,B,24,39
1427622094.69,1427622095.33,A,191,46
1427622094.69,1427622095.33,B,49,46
1427622094.73,1427622095.37,A,212,47
1427622094.73,1427622095.37,B,39,47
1427622094.77,1427622095.41,A,208,50
1427622094.77,1427622095.41,B,35,50
1427622094.81,1427622095.45,A,216,49
1427622094.81,1427622095.45,B,17,49
1427622094.85,1427622095.49,A,223,51
1427622094.85,1427622095.49,B,24,51
1427622094.89,1427622095.53,A,219,50
1427622094.89,1427622095.53,B,31,50
1427622094.93,1427622095.57,A,245,50
1427622094.93,1427622095.57,B,28,50
1427622094.97,1427622095.61,A,253,51
1427622094.97,1427622095.61,B,26,51
1427622095.01,1427622095.65,A,268,61
1427622095.01,1427622095.65,B,65,61
1427622095.05,1427622095.69,A,289,63
1427622095.05,1427622095.69,B,58,63
1427622095.09,1427622095.73,A,276,70
1427622095.09,1427622095.73,B,64,70
1427622095.13,1427622095.77,A,288,68
1427622095.13,1427622095.77,B,53,68
1427622095.17,1427622095.81,A,256,68
1427622095.17,1427622095.81,B,56,68
1427622095.21,1427622095.85,A,262,68
1427622095.21,1427622095.85,B,37,68
1427622095.25,1427622095.89,A,255,67
1427622095.25,1427622095.89,B,28,67
1427622095.29,1427622095.93,A,251,63
1427622095.29,1427622095.93,B,48,63
1427622095.33,1427622095.97,A,272,69
1427622095.33,1427622095.97,B,52,69
1427622095.37,1427622096.01,A,255,73
1427622095.37,1427622096.01,B,71,73
1427622095.41,1427622096.05,A,271,68
1427622095.41,1427622096.05,B,64,68
1427622095.45,1427622096.09,A,245,74
1427622095.45,1427622096.09,B,68,74
1427622095.49,1427622096.13,A,239,67
1427622095.49,1427622096.13,B,29,67
1427622095.53,1427622096.17,A,230,68
1427622095.53,1427622096.17,B,22,68
1427622095.57,1427622096.21,A,208,64
1427622095.57,1427622096.21,B,50,64
1427622095.61,1427622096.25,A,224,63
1427622095.61,1427622096.25,B,31,63
1427622095.65,1427622096.29,A,196,65
1427622095.65,1427622096.29,B,49,65
1427622095.69,1427622096.33,A,191,59
1427622095.69,1427622096.33,B,55,59
1427622095.73,1427622096.37,A,166,59
1427622095.73,1427622096.37,B,69,59
1427622095.77,1427622096.41,A,145,54
1427622095.77,1427622096.41,B,42,54
1427622095.81,1427622096.45,A,133,53
1427622095.81,1427622096.45,B,40,53
1427622095.85,1427622096.49,A,113,50
1427622095.85,1427622096.49,B,23,50
1427622095.89,1427622096.53,A,112,49
1427622095.89,1427622096.53,B,23,49
1427622095.93,1427622096.57,A,124,52
1427622095.93,1427622096.57,B,25,52
1427622095.97,1427622096.61,A,103,53
1427622095.97,1427622096.61,B,52,53
1427622096.01,1427622096.65,A,105,44
1427622096.01,1427622096.65,B,55,44
1427622096.05,1427622096.69,A,67,40
1427622096.05,1427622096.69,B,68,40
1427622096.09,1427622096.73,A,62,37
1427622096.09,1427622096.73,B,62,37
1427622096.13,1427622096.77,A,25,30
1427622096.13,1427622096.77,B,50,30
1427622096.17,1427622096.81,A,19,27
1427622096.17,1427622096.81,B,46,27
1427622096.21,1427622096.85,A,13,25
1427622096.21,1427622096.85,B,40,25
1427622096.25,1427622096.89,A,27,24
1427622096.25,1427622096.89,B,43,24
1427622096.29,1427622096.93,A,29,25
1427622096.29,1427622096.93,B,50,25
1427622096.33,1427622096.97,A,41,25
1427622096.33,1427622096.97,B,42,25
1427622096.37,1427622097.01,A,42,21
1427622096.37,1427622097.01,B,36,21
1427622096.41,1427622097.05,A,39,18
1427622096.41,1427622097.05,B,34,18
1427622096.45,1427622097.09,A,34,15
1427622096.45,1427622097.09,B,26,15
1427622096.49,1427622097.13,A,28,14
1427622096.49,1427622097.13,B,25,14
1427622096.53,1427622097.17,A,24,13
1427622096.53,1427622097.17,B,22,13
1427622096.57,1427622097.21,A,22,13
1427622096.57,1427622097.21,B,18,13
1427622096.61,1427622097.25,A,28,14
1427622096.61,1427622097.25,B,15,14
1427622096.65,1427622097.29,A,30,13
1427622096.65,1427622097.29,B,12,13
1427622096.69,1427622097.33,A,32,11
1427622096.69,1427622097.33,B,14,11
1427622096.73,1427622097.37,A,24,11
1427622096.73,1427622097.37,B,18,11
1427622096.77,1427622097.41,A,22,11
1427622096.77,1427622097.41,B,16,11
1427622096.81,1427622097.45,A,14,9
1427622096.81,1427622097.45,B,12,9
1427622096.85,1427622097.49,A,15,9
1427622096.85,1427622097.49,B,13,9
1427622096.89,1427622097.53,A,15,9
1427622096.89,1427622097.53,B,12,9
1427622096.93,1427622097.57,A,16,8
1427622096.93,1427622097.57,B,12,8
1427622096.97,1427622097.61,A,16,9
1427622096.97,1427622097.61,B,12,9
1427622097.01,1427622097.65,A,15,8
1427622097.01,1427622097.65,B,12,8
1427622097.05,1427622097.69,A,12,7
1427622097.05,1427622097.69,B,11,7
1427622097.09,1427622097.73,A,11,7
1427622097.09,1427622097.73,B,10,7
1427622097.13,1427622097.77,A,7,6
1427622097.13,1427622097.77,B,6,6
1427622097.17,1427622097.81,A,6,5
1427622097.17,1427622097.81,B,4,5
1427622097.21,1427622097.85,A,9,5
1427622097.21,1427622097.85,B,3,5
1427622097.25,1427622097.89,A,6,5
1427622097.25,1427622097.89,B,2,5
1427622097.29,1427622097.93,A,5,5
1427622097.29,1427622097.93,B,3,5
1427622097.33,1427622097.97,A,5,5
1427622097.33,1427622097.97,B,4,5
1427622097.37,1427622098.01,A,5,5
1427622097.37,1427622098.01,B,4,5
1427622097.41,1427622098.05,A,6,5
1427622097.41,1427622098.05,B,5,5
1427622097.45,1427622098.09,A,5,5
1427622097.45,1427622098.09,B,7,5
1427622097.49,1427622098.13,A,7,6
1427622097.49,1427622098.13,B,6,6
1427622097.53,1427622098.17,A,7,6
1427622097.53,1427622098.17,B,7,6
1427622097.57,1427622098.21,A,7,6
1427622097.57,1427622098.21,B,7,6
1427622097.61,1427622098.25,A,8,6
1427622097.61,1427622098.25,B,6,6
1427622097.65,1427622098.29,A,7,6
1427622097.65,1427622098.29,B,6,6
1427622097.69,1427622098.33,A,9,5
1427622097.69,1427622098.33,B,7,5
1427622097.73,1427622098.37,A,7,5
1427622097.73,1427622098.37,B,6,5
1427622097.77,1427622098.41,A,6,5
1427622097.77,1427622098.41,B,7,5
1427622097.81,1427622098.45,A,8,5
1427622097.81,1427622098.45,B,9,5
1427622097.85,1427622098.49,A,7,5
1427622097.85,1427622098.49,B,9,5
1427622097.89,1427622098.53,A,8,5
1427622097.89,1427622098.53,B,9,5
1427622097.93,1427622098.57,A,6,6
1427622097.93,1427622098.57,B,11,6
1427622097.97,1427622098.61,A,6,6
1427622097.97,1427622098.61,B,11,6
1427622098.01,1427622098.65,A,5,6
1427622098.01,1427622098.65,B,10,6
1427622098.05,1427622098.69,A,7,6
1427622098.05,1427622098.69,B,9,6
1427622098.09,1427622098.73,A,8,6
1427622098.09,1427622098.73,B,9,6
1427622098.13,1427622098.77,A,8,6
1427622098.13,1427622098.77,B,10,6
1427622098.17,1427622098.81,A,8,6
1427622098.17,1427622098.81,B,10,6
1427622098.21,1427622098.85,A,9,5
1427622098.21,1427622098.85,B,10,5
1427622098.25,1427622098.89,A,10,5
1427622098.25,1427622098.89,B,11,5
1427622098.29,1427622098.93,A,10,5
1427622098.29,1427622098.93,B,12,5
1427622098.33,1427622098.97,A,8,5
1427622098.33,1427622098.97,B,12,5
1427622098.37,1427622099.01,A,9,6
1427622098.37,1427622099.01,B,13,6
1427622098.41,1427622099.05,A,10,6
1427622098.41,1427622099.05,B,13,6
1427622098.45,1427622099.09,A,8,5
1427622098.45,1427622099.09,B,11,5
1427622098.49,1427622099.13,A,9,5
1427622098.49,1427622099.13,B,11,5
1427622098.53,1427622099.17,A,9,5
1427622098.53,1427622099.17,B,12,5
1427622098.57,1427622099.21,A,9,5
1427622098.57,1427622099.21,B,12,5
1427622098.61,1427622099.25,A,8,6
1427622098.61,1427622099.25,B,11,6
1427622098.65,1427622099.29,A,7,5
1427622098.65,1427622099.29,B,10,5
1427622098.69,1427622099.33,A,5,5
1427622098.69,1427622099.33,B,9,5
1427622098.73,1427622099.37,A,5,5
1427622098.73,1427622099.37,B,9,5
1427622098.77,1427622099.41,A,5,5
1427622098.77,1427622099.41,B,9,5
1427622098.81,1427622099.45,A,5,5
1427622098.81,1427622099.45,B,9,5
1427622098.85,1427622099.49,A,6,6
1427622098.85,1427622099.49,B,9,6
1427622098.89,1427622099.53,A,6,6
1427622098.89,1427622099.53,B,9,6
1427622098.93,1427622099.57,A,5,6
1427622098.93,1427622099.57,B,8,6
1427622098.97,1427622099.61,A,8,6
1427622098.97,1427622099.61,B,8,6
1427622099.01,1427622099.65,A,8,5
1427622099.01,1427622099.65,B,8,5
1427622099.05,1427622099.69,A,9,5
1427622099.05,1427622099.69,B,7,5
1427622099.09,1427622099.73,A,7,4
1427622099.09,1427622099.73,B,9,4
1427622099.13,1427622099.77,A,7,4
1427622099.13,1427622099.77,B,9,4
1427622099.17,1427622099.81,A,5,4
1427622099.17,1427622099.81,B,7,4
1427622099.21,1427622099.85,A,5,4
1427622099.21,1427622099.85,B,6,4
1427622099.25,1427622099.89,A,6,3
1427622099.25,1427622099.89,B,5,3
1427622099.29,1427622099.93,A,10,3
1427622099.29,1427622099.93,B,3,3
1427622099.33,1427622099.97,A,9,4
1427622099.33,1427622099.97,B,4,4
1427622099.37,1427622100.01,A,9,4
1427622099.37,1427622100.01,B,5,4
1427622099.41,1427622100.05,A,9,4
1427622099.41,1427622100.05,B,5,4
1427622099.45,1427622100.09,A,9,4
1427622099.45,1427622100.09,B,5,4
1427622099.49,1427622100.13,A,10,4
1427622099.49,1427622100.13,B,6,4
1427622099.53,1427622100.17,A,10,4
1427622099.53,1427622100.17,B,7,4
1427622099.57,1427622100.21,A,11,4
1427622099.57,1427622100.21,B,6,4
1427622099.61,1427622100.25,A,13,4
1427622099.61,1427622100.25,B,5,4
1427622099.65,1427622100.29,A,13,4
1427622099.65,1427622100.29,B,6,4
1427622099.69,1427622100.33,A,13,4
1427622099.69,1427622100.33,B,6,4
1427622099.73,1427622100.37,A,13,4
1427622099.73,1427622100.37,B,6,4
1427622099.77,1427622100.41,A,12,4
1427622099.77,1427622100.41,B,5,4
1427622099.81,1427622100.45,A,11,4
1427622099.81,1427622100.45,B,5,4
1427622099.85,1427622100.49,A,12,4
1427622099.85,1427622100.49,B,3,4
1427622099.89,1427622100.53,A,12,4
1427622099.89,1427622100.53,B,3,4
1427622099.93,1427622100.57,A,11,4
1427622099.93,1427622100.57,B,2,4
