#targetfile:$(projectRoot)/result/result/75cm/waist-side/hasc-20150330-094718-mag-pca.csv-lowpass.csv
1427676445.1,1427676445.74,B,14,6
1427676445.14,1427676445.78,B,16,6
1427676445.18,1427676445.82,B,14,6
1427676445.22,1427676445.86,B,14,6
1427676445.26,1427676445.9,B,13,6
1427676445.3,1427676445.94,B,15,6
1427676445.34,1427676445.98,A,10,6
1427676445.34,1427676445.98,B,14,6
1427676445.38,1427676446.02,A,8,6
1427676445.38,1427676446.02,B,14,6
1427676445.42,1427676446.06,A,7,6
1427676445.42,1427676446.06,B,13,6
1427676445.46,1427676446.1,A,9,7
1427676445.46,1427676446.1,B,13,7
1427676445.5,1427676446.14,A,11,7
1427676445.5,1427676446.14,B,11,7
1427676445.54,1427676446.18,A,12,6
1427676445.54,1427676446.18,B,10,6
1427676445.58,1427676446.22,A,10,6
1427676445.58,1427676446.22,B,11,6
1427676445.62,1427676446.26,A,12,5
1427676445.62,1427676446.26,B,9,5
1427676445.66,1427676446.3,A,15,5
1427676445.66,1427676446.3,B,10,5
1427676445.7,1427676446.34,A,16,5
1427676445.7,1427676446.34,B,9,5
1427676445.74,1427676446.38,A,16,4
1427676445.74,1427676446.38,B,9,4
1427676445.78,1427676446.42,A,14,4
1427676445.78,1427676446.42,B,10,4
1427676445.82,1427676446.46,A,14,4
1427676445.82,1427676446.46,B,10,4
1427676445.86,1427676446.5,A,15,4
1427676445.86,1427676446.5,B,9,4
1427676445.9,1427676446.54,A,13,4
1427676445.9,1427676446.54,B,8,4
1427676445.94,1427676446.58,A,13,4
1427676445.94,1427676446.58,B,8,4
1427676445.98,1427676446.62,A,12,4
1427676445.98,1427676446.62,B,8,4
1427676446.02,1427676446.66,A,11,4
1427676446.02,1427676446.66,B,8,4
1427676446.06,1427676446.7,A,13,4
1427676446.06,1427676446.7,B,7,4
1427676446.1,1427676446.74,A,9,3
1427676446.1,1427676446.74,B,4,3
1427676446.14,1427676446.78,A,9,3
1427676446.14,1427676446.78,B,4,3
1427676446.18,1427676446.82,A,8,3
1427676446.18,1427676446.82,B,4,3
1427676446.22,1427676446.86,A,8,3
1427676446.22,1427676446.86,B,4,3
1427676446.26,1427676446.9,A,11,4
1427676446.26,1427676446.9,B,5,4
1427676446.3,1427676446.94,A,9,4
1427676446.3,1427676446.94,B,7,4
1427676446.34,1427676446.98,A,10,4
1427676446.34,1427676446.98,B,5,4
1427676446.38,1427676447.02,A,11,4
1427676446.38,1427676447.02,B,6,4
1427676446.42,1427676447.06,A,11,4
1427676446.42,1427676447.06,B,6,4
1427676446.46,1427676447.1,A,15,5
1427676446.46,1427676447.1,B,7,5
1427676446.5,1427676447.14,A,15,5
1427676446.5,1427676447.14,B,9,5
1427676446.54,1427676447.18,A,15,5
1427676446.54,1427676447.18,B,10,5
1427676446.58,1427676447.22,A,14,5
1427676446.58,1427676447.22,B,10,5
1427676446.62,1427676447.26,A,14,5
1427676446.62,1427676447.26,B,10,5
1427676446.66,1427676447.3,A,13,4
1427676446.66,1427676447.3,B,10,4
1427676446.7,1427676447.34,A,13,4
1427676446.7,1427676447.34,B,11,4
1427676446.74,1427676447.38,A,13,4
1427676446.74,1427676447.38,B,11,4
1427676446.78,1427676447.42,A,11,4
1427676446.78,1427676447.42,B,12,4
1427676446.82,1427676447.46,A,13,5
1427676446.82,1427676447.46,B,12,5
1427676446.86,1427676447.5,A,13,5
1427676446.86,1427676447.5,B,12,5
1427676446.9,1427676447.54,A,10,4
1427676446.9,1427676447.54,B,9,4
1427676446.94,1427676447.58,A,12,4
1427676446.94,1427676447.58,B,8,4
1427676446.98,1427676447.62,A,12,4
1427676446.98,1427676447.62,B,9,4
1427676447.02,1427676447.66,A,14,4
1427676447.02,1427676447.66,B,9,4
1427676447.06,1427676447.7,A,14,5
1427676447.06,1427676447.7,B,10,5
1427676447.1,1427676447.74,A,13,5
1427676447.1,1427676447.74,B,11,5
1427676447.14,1427676447.78,A,11,5
1427676447.14,1427676447.78,B,11,5
1427676447.18,1427676447.82,A,12,5
1427676447.18,1427676447.82,B,12,5
1427676447.22,1427676447.86,A,12,5
1427676447.22,1427676447.86,B,12,5
1427676447.26,1427676447.9,A,12,5
1427676447.26,1427676447.9,B,13,5
1427676447.3,1427676447.94,A,12,5
1427676447.3,1427676447.94,B,13,5
1427676447.34,1427676447.98,A,14,5
1427676447.34,1427676447.98,B,12,5
1427676447.38,1427676448.02,A,15,6
1427676447.38,1427676448.02,B,10,6
1427676447.42,1427676448.06,A,19,6
1427676447.42,1427676448.06,B,8,6
1427676447.46,1427676448.1,A,14,5
1427676447.46,1427676448.1,B,9,5
1427676447.5,1427676448.14,A,14,5
1427676447.5,1427676448.14,B,6,5
1427676447.54,1427676448.18,A,12,5
1427676447.54,1427676448.18,B,6,5
1427676447.58,1427676448.22,A,12,5
1427676447.58,1427676448.22,B,6,5
1427676447.62,1427676448.26,A,14,5
1427676447.62,1427676448.26,B,5,5
1427676447.66,1427676448.3,A,14,5
1427676447.66,1427676448.3,B,5,5
1427676447.7,1427676448.34,A,17,6
1427676447.7,1427676448.34,B,12,6
1427676447.74,1427676448.38,A,16,7
1427676447.74,1427676448.38,B,12,7
1427676447.78,1427676448.42,A,17,6
1427676447.78,1427676448.42,B,11,6
1427676447.82,1427676448.46,A,20,7
1427676447.82,1427676448.46,B,8,7
1427676447.86,1427676448.5,A,18,7
1427676447.86,1427676448.5,B,5,7
1427676447.9,1427676448.54,A,19,7
1427676447.9,1427676448.54,B,6,7
1427676447.94,1427676448.58,A,23,8
1427676447.94,1427676448.58,B,5,8
1427676447.98,1427676448.62,A,23,8
1427676447.98,1427676448.62,B,9,8
1427676448.02,1427676448.66,A,30,8
1427676448.02,1427676448.66,B,8,8
1427676448.06,1427676448.7,A,29,8
1427676448.06,1427676448.7,B,7,8
1427676448.1,1427676448.74,A,38,10
1427676448.1,1427676448.74,B,6,10
1427676448.14,1427676448.78,A,37,10
1427676448.14,1427676448.78,B,8,10
1427676448.18,1427676448.82,A,40,12
1427676448.18,1427676448.82,B,9,12
1427676448.22,1427676448.86,A,46,12
1427676448.22,1427676448.86,B,5,12
1427676448.26,1427676448.9,A,44,13
1427676448.26,1427676448.9,B,10,13
1427676448.3,1427676448.94,A,50,13
1427676448.3,1427676448.94,B,5,13
1427676448.34,1427676448.98,A,47,13
1427676448.34,1427676448.98,B,7,13
1427676448.38,1427676449.02,A,48,12
1427676448.38,1427676449.02,B,4,12
1427676448.42,1427676449.06,A,56,14
1427676448.42,1427676449.06,B,10,14
1427676448.46,1427676449.1,A,59,15
1427676448.46,1427676449.1,B,12,15
1427676448.5,1427676449.14,A,76,20
1427676448.5,1427676449.14,B,28,20
1427676448.54,1427676449.18,A,83,22
1427676448.54,1427676449.18,B,30,22
1427676448.58,1427676449.22,A,91,23
1427676448.58,1427676449.22,B,36,23
1427676448.62,1427676449.26,A,101,23
1427676448.62,1427676449.26,B,27,23
1427676448.66,1427676449.3,A,99,24
1427676448.66,1427676449.3,B,18,24
1427676448.7,1427676449.34,A,111,25
1427676448.7,1427676449.34,B,13,25
1427676448.74,1427676449.38,A,111,23
1427676448.74,1427676449.38,B,15,23
1427676448.78,1427676449.42,A,118,26
1427676448.78,1427676449.42,B,26,26
1427676448.82,1427676449.46,A,139,28
1427676448.82,1427676449.46,B,22,28
1427676448.86,1427676449.5,A,141,35
1427676448.86,1427676449.5,B,31,35
1427676448.9,1427676449.54,A,174,40
1427676448.9,1427676449.54,B,24,40
1427676448.94,1427676449.58,A,172,43
1427676448.94,1427676449.58,B,31,43
1427676448.98,1427676449.62,A,192,44
1427676448.98,1427676449.62,B,40,44
1427676449.02,1427676449.66,A,196,48
1427676449.02,1427676449.66,B,40,48
1427676449.06,1427676449.7,A,193,48
1427676449.06,1427676449.7,B,38,48
1427676449.1,1427676449.74,A,208,46
1427676449.1,1427676449.74,B,22,46
1427676449.14,1427676449.78,A,201,44
1427676449.14,1427676449.78,B,12,44
1427676449.18,1427676449.82,A,224,56
1427676449.18,1427676449.82,B,42,56
1427676449.22,1427676449.86,A,254,56
1427676449.22,1427676449.86,B,50,56
1427676449.26,1427676449.9,A,253,66
1427676449.26,1427676449.9,B,96,66
1427676449.3,1427676449.94,A,307,69
1427676449.3,1427676449.94,B,72,69
1427676449.34,1427676449.98,A,281,89
1427676449.34,1427676449.98,B,99,89
1427676449.38,1427676450.02,A,328,82
1427676449.38,1427676450.02,B,51,82
1427676449.42,1427676450.06,A,280,90
1427676449.42,1427676450.06,B,64,90
1427676449.46,1427676450.1,A,280,85
1427676449.46,1427676450.1,B,52,85
1427676449.5,1427676450.14,A,275,83
1427676449.5,1427676450.14,B,46,83
1427676449.54,1427676450.18,A,268,81
1427676449.54,1427676450.18,B,50,81
1427676449.58,1427676450.22,A,289,84
1427676449.58,1427676450.22,B,55,84
1427676449.62,1427676450.26,A,293,84
1427676449.62,1427676450.26,B,50,84
1427676449.66,1427676450.3,A,310,92
1427676449.66,1427676450.3,B,65,92
1427676449.7,1427676450.34,A,292,99
1427676449.7,1427676450.34,B,88,99
1427676449.74,1427676450.38,A,270,96
1427676449.74,1427676450.38,B,92,96
1427676449.78,1427676450.42,A,253,98
1427676449.78,1427676450.42,B,99,98
1427676449.82,1427676450.46,A,217,93
1427676449.82,1427676450.46,B,65,93
1427676449.86,1427676450.5,A,225,92
1427676449.86,1427676450.5,B,76,92
1427676449.9,1427676450.54,A,191,91
1427676449.9,1427676450.54,B,98,91
1427676449.94,1427676450.58,A,180,89
1427676449.94,1427676450.58,B,120,89
1427676449.98,1427676450.62,A,141,85
1427676449.98,1427676450.62,B,156,85
1427676450.02,1427676450.66,A,111,75
1427676450.02,1427676450.66,B,135,75
1427676450.06,1427676450.7,A,80,73
1427676450.06,1427676450.7,B,151,73
1427676450.1,1427676450.74,A,54,69
1427676450.1,1427676450.74,B,134,69
1427676450.14,1427676450.78,A,56,69
1427676450.14,1427676450.78,B,138,69
1427676450.18,1427676450.82,A,70,71
1427676450.18,1427676450.82,B,139,71
1427676450.22,1427676450.86,A,70,71
1427676450.22,1427676450.86,B,152,71
1427676450.26,1427676450.9,A,113,70
1427676450.26,1427676450.9,B,119,70
1427676450.3,1427676450.94,A,98,64
1427676450.3,1427676450.94,B,106,64
1427676450.34,1427676450.98,A,104,54
1427676450.34,1427676450.98,B,85,54
1427676450.38,1427676451.02,A,79,41
1427676450.38,1427676451.02,B,60,41
1427676450.42,1427676451.06,A,61,36
1427676450.42,1427676451.06,B,57,36
1427676450.46,1427676451.1,A,39,31
1427676450.46,1427676451.1,B,41,31
1427676450.5,1427676451.14,A,36,27
1427676450.5,1427676451.14,B,35,27
1427676450.54,1427676451.18,A,44,27
1427676450.54,1427676451.18,B,37,27
1427676450.58,1427676451.22,A,44,28
1427676450.58,1427676451.22,B,40,28
1427676450.62,1427676451.26,A,54,25
1427676450.62,1427676451.26,B,32,25
1427676450.66,1427676451.3,A,40,23
1427676450.66,1427676451.3,B,38,23
1427676450.7,1427676451.34,A,42,19
1427676450.7,1427676451.34,B,29,19
1427676450.74,1427676451.38,A,26,18
1427676450.74,1427676451.38,B,28,18
1427676450.78,1427676451.42,A,21,15
1427676450.78,1427676451.42,B,18,15
1427676450.82,1427676451.46,A,15,12
1427676450.82,1427676451.46,B,14,12
1427676450.86,1427676451.5,A,18,12
1427676450.86,1427676451.5,B,15,12
1427676450.9,1427676451.54,A,21,13
1427676450.9,1427676451.54,B,19,13
1427676450.94,1427676451.58,A,22,12
1427676450.94,1427676451.58,B,20,12
1427676450.98,1427676451.62,A,21,12
1427676450.98,1427676451.62,B,21,12
1427676451.02,1427676451.66,A,20,11
1427676451.02,1427676451.66,B,19,11
1427676451.06,1427676451.7,A,17,8
1427676451.06,1427676451.7,B,11,8
1427676451.1,1427676451.74,A,12,9
1427676451.1,1427676451.74,B,9,9
1427676451.14,1427676451.78,A,6,7
1427676451.14,1427676451.78,B,8,7
1427676451.18,1427676451.82,A,5,7
1427676451.18,1427676451.82,B,10,7
1427676451.22,1427676451.86,A,5,7
1427676451.22,1427676451.86,B,10,7
1427676451.26,1427676451.9,A,6,6
1427676451.26,1427676451.9,B,8,6
1427676451.3,1427676451.94,A,7,7
1427676451.3,1427676451.94,B,8,7
1427676451.34,1427676451.98,A,5,7
1427676451.34,1427676451.98,B,7,7
1427676451.38,1427676452.02,A,5,6
1427676451.38,1427676452.02,B,7,6
1427676451.42,1427676452.06,A,2,5
1427676451.42,1427676452.06,B,10,5
1427676451.46,1427676452.1,A,1,5
1427676451.46,1427676452.1,B,10,5
1427676451.5,1427676452.14,A,2,5
1427676451.5,1427676452.14,B,8,5
1427676451.54,1427676452.18,A,5,7
1427676451.54,1427676452.18,B,10,7
1427676451.58,1427676452.22,A,6,7
1427676451.58,1427676452.22,B,10,7
1427676451.62,1427676452.26,A,10,8
1427676451.62,1427676452.26,B,8,8
1427676451.66,1427676452.3,A,8,8
1427676451.66,1427676452.3,B,9,8
1427676451.7,1427676452.34,A,9,7
1427676451.7,1427676452.34,B,7,7
1427676451.74,1427676452.38,A,6,7
1427676451.74,1427676452.38,B,6,7
1427676451.78,1427676452.42,A,6,7
1427676451.78,1427676452.42,B,7,7
1427676451.82,1427676452.46,A,7,7
1427676451.82,1427676452.46,B,8,7
1427676451.86,1427676452.5,A,7,7
1427676451.86,1427676452.5,B,7,7
1427676451.9,1427676452.54,A,7,7
1427676451.9,1427676452.54,B,7,7
1427676451.94,1427676452.58,A,10,7
1427676451.94,1427676452.58,B,7,7
1427676451.98,1427676452.62,A,10,7
1427676451.98,1427676452.62,B,7,7
1427676452.02,1427676452.66,A,15,8
1427676452.02,1427676452.66,B,11,8
1427676452.06,1427676452.7,A,13,8
1427676452.06,1427676452.7,B,15,8
1427676452.1,1427676452.74,A,14,7
1427676452.1,1427676452.74,B,16,7
1427676452.14,1427676452.78,A,15,8
1427676452.14,1427676452.78,B,15,8
1427676452.18,1427676452.82,A,15,6
1427676452.18,1427676452.82,B,10,6
1427676452.22,1427676452.86,A,12,6
1427676452.22,1427676452.86,B,10,6
1427676452.26,1427676452.9,A,10,5
1427676452.26,1427676452.9,B,11,5
1427676452.3,1427676452.94,A,9,5
1427676452.3,1427676452.94,B,13,5
1427676452.34,1427676452.98,A,10,5
1427676452.34,1427676452.98,B,13,5
1427676452.38,1427676453.02,A,10,5
1427676452.38,1427676453.02,B,14,5
1427676452.42,1427676453.06,A,11,5
1427676452.42,1427676453.06,B,13,5
1427676452.46,1427676453.1,A,9,5
1427676452.46,1427676453.1,B,10,5
1427676452.5,1427676453.14,A,6,5
1427676452.5,1427676453.14,B,7,5
1427676452.54,1427676453.18,A,5,4
1427676452.54,1427676453.18,B,6,4
1427676452.58,1427676453.22,A,5,4
1427676452.58,1427676453.22,B,6,4
1427676452.62,1427676453.26,A,3,4
1427676452.62,1427676453.26,B,6,4
1427676452.66,1427676453.3,A,3,5
1427676452.66,1427676453.3,B,9,5
1427676452.7,1427676453.34,A,5,5
1427676452.7,1427676453.34,B,10,5
1427676452.74,1427676453.38,A,6,6
1427676452.74,1427676453.38,B,12,6
1427676452.78,1427676453.42,A,3,5
1427676452.78,1427676453.42,B,13,5
1427676452.82,1427676453.46,A,3,6
1427676452.82,1427676453.46,B,14,6
1427676452.86,1427676453.5,A,2,6
1427676452.86,1427676453.5,B,15,6
1427676452.9,1427676453.54,A,4,6
1427676452.9,1427676453.54,B,12,6
1427676452.94,1427676453.58,A,3,5
1427676452.94,1427676453.58,B,11,5
1427676452.98,1427676453.62,A,4,5
1427676452.98,1427676453.62,B,10,5
1427676453.02,1427676453.66,A,2,5
1427676453.02,1427676453.66,B,10,5
1427676453.06,1427676453.7,A,2,5
1427676453.06,1427676453.7,B,12,5
1427676453.1,1427676453.74,A,3,5
1427676453.1,1427676453.74,B,12,5
1427676453.14,1427676453.78,A,8,5
1427676453.14,1427676453.78,B,7,5
1427676453.18,1427676453.82,A,8,5
1427676453.18,1427676453.82,B,4,5
1427676453.22,1427676453.86,A,7,5
1427676453.22,1427676453.86,B,4,5
1427676453.26,1427676453.9,A,8,5
1427676453.26,1427676453.9,B,5,5
1427676453.3,1427676453.94,A,10,4
1427676453.3,1427676453.94,B,7,4
1427676453.34,1427676453.98,A,9,5
1427676453.34,1427676453.98,B,7,5
1427676453.38,1427676454.02,A,8,5
1427676453.38,1427676454.02,B,8,5
1427676453.42,1427676454.06,A,5,5
1427676453.42,1427676454.06,B,10,5
1427676453.46,1427676454.1,A,5,4
1427676453.46,1427676454.1,B,11,4
1427676453.5,1427676454.14,A,6,4
1427676453.5,1427676454.14,B,11,4
1427676453.54,1427676454.18,A,5,4
1427676453.54,1427676454.18,B,10,4
1427676453.58,1427676454.22,A,7,4
1427676453.58,1427676454.22,B,10,4
1427676453.62,1427676454.26,A,7,4
1427676453.62,1427676454.26,B,10,4
1427676453.66,1427676454.3,A,8,4
1427676453.66,1427676454.3,B,10,4
1427676453.7,1427676454.34,A,7,4
1427676453.7,1427676454.34,B,10,4
1427676453.74,1427676454.38,A,4,4
1427676453.74,1427676454.38,B,10,4
1427676453.78,1427676454.42,A,3,4
1427676453.78,1427676454.42,B,9,4
1427676453.82,1427676454.46,A,7,4
1427676453.82,1427676454.46,B,7,4
1427676453.86,1427676454.5,A,8,4
1427676453.86,1427676454.5,B,8,4
1427676453.9,1427676454.54,A,8,4
1427676453.9,1427676454.54,B,9,4
