#targetfile:$(projectRoot)/result/result/75cm/waist-side/hasc-20150329-184233-mag-pca.csv-lowpass.csv
1427622170.4,1427622171.04,A,10,6
1427622170.44,1427622171.08,A,12,5
1427622170.48,1427622171.12,A,10,5
1427622170.52,1427622171.16,A,10,5
1427622170.56,1427622171.2,A,11,5
1427622170.6,1427622171.24,A,11,5
1427622170.64,1427622171.28,A,11,5
1427622170.68,1427622171.32,A,11,5
1427622170.72,1427622171.36,A,11,6
1427622170.72,1427622171.36,B,11,6
1427622170.76,1427622171.4,A,12,6
1427622170.76,1427622171.4,B,10,6
1427622170.8,1427622171.44,A,11,6
1427622170.8,1427622171.44,B,9,6
1427622170.84,1427622171.48,A,10,6
1427622170.84,1427622171.48,B,10,6
1427622170.88,1427622171.52,A,9,5
1427622170.88,1427622171.52,B,10,5
1427622170.92,1427622171.56,A,10,6
1427622170.92,1427622171.56,B,10,6
1427622170.96,1427622171.6,A,8,5
1427622170.96,1427622171.6,B,10,5
1427622171.0,1427622171.64,A,9,5
1427622171.0,1427622171.64,B,11,5
1427622171.04,1427622171.68,A,9,5
1427622171.04,1427622171.68,B,11,5
1427622171.08,1427622171.72,A,8,5
1427622171.08,1427622171.72,B,13,5
1427622171.12,1427622171.76,A,7,5
1427622171.12,1427622171.76,B,12,5
1427622171.16,1427622171.8,A,6,5
1427622171.16,1427622171.8,B,11,5
1427622171.2,1427622171.84,A,1,5
1427622171.2,1427622171.84,B,7,5
1427622171.24,1427622171.88,A,4,5
1427622171.24,1427622171.88,B,6,5
1427622171.28,1427622171.92,A,5,5
1427622171.28,1427622171.92,B,6,5
1427622171.32,1427622171.96,A,5,5
1427622171.32,1427622171.96,B,6,5
1427622171.36,1427622172.0,A,4,4
1427622171.36,1427622172.0,B,6,4
1427622171.4,1427622172.04,A,2,4
1427622171.4,1427622172.04,B,8,4
1427622171.44,1427622172.08,A,1,4
1427622171.44,1427622172.08,B,7,4
1427622171.48,1427622172.12,A,1,4
1427622171.48,1427622172.12,B,7,4
1427622171.52,1427622172.16,A,1,4
1427622171.52,1427622172.16,B,6,4
1427622171.56,1427622172.2,A,0,4
1427622171.56,1427622172.2,B,6,4
1427622171.6,1427622172.24,A,1,4
1427622171.6,1427622172.24,B,5,4
1427622171.64,1427622172.28,A,1,4
1427622171.64,1427622172.28,B,4,4
1427622171.68,1427622172.32,A,3,4
1427622171.68,1427622172.32,B,4,4
1427622171.72,1427622172.36,A,2,4
1427622171.72,1427622172.36,B,6,4
1427622171.76,1427622172.4,A,1,4
1427622171.76,1427622172.4,B,7,4
1427622171.8,1427622172.44,A,1,4
1427622171.8,1427622172.44,B,7,4
1427622171.84,1427622172.48,A,2,3
1427622171.84,1427622172.48,B,7,3
1427622171.88,1427622172.52,A,4,4
1427622171.88,1427622172.52,B,8,4
1427622171.92,1427622172.56,A,4,4
1427622171.92,1427622172.56,B,8,4
1427622171.96,1427622172.6,A,6,4
1427622171.96,1427622172.6,B,7,4
1427622172.0,1427622172.64,A,6,5
1427622172.0,1427622172.64,B,9,5
1427622172.04,1427622172.68,A,4,4
1427622172.04,1427622172.68,B,10,4
1427622172.08,1427622172.72,A,3,5
1427622172.08,1427622172.72,B,10,5
1427622172.12,1427622172.76,A,0,5
1427622172.12,1427622172.76,B,11,5
1427622172.16,1427622172.8,A,2,4
1427622172.16,1427622172.8,B,13,4
1427622172.2,1427622172.84,A,4,5
1427622172.2,1427622172.84,B,11,5
1427622172.24,1427622172.88,A,6,5
1427622172.24,1427622172.88,B,10,5
1427622172.28,1427622172.92,A,7,5
1427622172.28,1427622172.92,B,8,5
1427622172.32,1427622172.96,A,7,5
1427622172.32,1427622172.96,B,4,5
1427622172.36,1427622173.0,A,6,4
1427622172.36,1427622173.0,B,5,4
1427622172.4,1427622173.04,A,6,4
1427622172.4,1427622173.04,B,4,4
1427622172.44,1427622173.08,A,8,5
1427622172.44,1427622173.08,B,5,5
1427622172.48,1427622173.12,A,7,4
1427622172.48,1427622173.12,B,8,4
1427622172.52,1427622173.16,A,7,6
1427622172.52,1427622173.16,B,12,6
1427622172.56,1427622173.2,A,5,6
1427622172.56,1427622173.2,B,14,6
1427622172.6,1427622173.24,A,7,5
1427622172.6,1427622173.24,B,11,5
1427622172.64,1427622173.28,A,3,5
1427622172.64,1427622173.28,B,12,5
1427622172.68,1427622173.32,A,3,5
1427622172.68,1427622173.32,B,11,5
1427622172.72,1427622173.36,A,2,4
1427622172.72,1427622173.36,B,9,4
1427622172.76,1427622173.4,A,1,6
1427622172.76,1427622173.4,B,10,6
1427622172.8,1427622173.44,A,1,6
1427622172.8,1427622173.44,B,11,6
1427622172.84,1427622173.48,A,0,6
1427622172.84,1427622173.48,B,10,6
1427622172.88,1427622173.52,A,0,6
1427622172.88,1427622173.52,B,10,6
1427622172.92,1427622173.56,A,0,6
1427622172.92,1427622173.56,B,10,6
1427622172.96,1427622173.6,A,0,6
1427622172.96,1427622173.6,B,11,6
1427622173.0,1427622173.64,A,0,6
1427622173.0,1427622173.64,B,11,6
1427622173.04,1427622173.68,A,1,6
1427622173.04,1427622173.68,B,12,6
1427622173.08,1427622173.72,A,1,6
1427622173.08,1427622173.72,B,10,6
1427622173.12,1427622173.76,A,2,6
1427622173.12,1427622173.76,B,8,6
1427622173.16,1427622173.8,A,7,6
1427622173.16,1427622173.8,B,6,6
1427622173.2,1427622173.84,A,5,6
1427622173.2,1427622173.84,B,4,6
1427622173.24,1427622173.88,A,7,6
1427622173.24,1427622173.88,B,6,6
1427622173.28,1427622173.92,A,9,6
1427622173.28,1427622173.92,B,5,6
1427622173.32,1427622173.96,A,10,6
1427622173.32,1427622173.96,B,5,6
1427622173.36,1427622174.0,A,11,7
1427622173.36,1427622174.0,B,7,7
1427622173.4,1427622174.04,A,10,6
1427622173.4,1427622174.04,B,6,6
1427622173.44,1427622174.08,A,14,6
1427622173.44,1427622174.08,B,4,6
1427622173.48,1427622174.12,A,13,6
1427622173.48,1427622174.12,B,3,6
1427622173.52,1427622174.16,A,13,6
1427622173.52,1427622174.16,B,4,6
1427622173.56,1427622174.2,A,14,6
1427622173.56,1427622174.2,B,5,6
1427622173.6,1427622174.24,A,19,7
1427622173.6,1427622174.24,B,6,7
1427622173.64,1427622174.28,A,20,7
1427622173.64,1427622174.28,B,9,7
1427622173.68,1427622174.32,A,23,7
1427622173.68,1427622174.32,B,8,7
1427622173.72,1427622174.36,A,25,7
1427622173.72,1427622174.36,B,5,7
1427622173.76,1427622174.4,A,27,6
1427622173.76,1427622174.4,B,6,6
1427622173.8,1427622174.44,A,26,6
1427622173.8,1427622174.44,B,7,6
1427622173.84,1427622174.48,A,27,6
1427622173.84,1427622174.48,B,7,6
1427622173.88,1427622174.52,A,27,6
1427622173.88,1427622174.52,B,8,6
1427622173.92,1427622174.56,A,32,8
1427622173.92,1427622174.56,B,11,8
1427622173.96,1427622174.6,A,31,7
1427622173.96,1427622174.6,B,9,7
1427622174.0,1427622174.64,A,38,10
1427622174.0,1427622174.64,B,6,10
1427622174.04,1427622174.68,A,40,9
1427622174.04,1427622174.68,B,7,9
1427622174.08,1427622174.72,A,40,9
1427622174.08,1427622174.72,B,7,9
1427622174.12,1427622174.76,A,43,9
1427622174.12,1427622174.76,B,5,9
1427622174.16,1427622174.8,A,45,10
1427622174.16,1427622174.8,B,8,10
1427622174.2,1427622174.84,A,45,10
1427622174.2,1427622174.84,B,9,10
1427622174.24,1427622174.88,A,51,11
1427622174.24,1427622174.88,B,7,11
1427622174.28,1427622174.92,A,54,10
1427622174.28,1427622174.92,B,3,10
1427622174.32,1427622174.96,A,61,11
1427622174.32,1427622174.96,B,7,11
1427622174.36,1427622175.0,A,70,13
1427622174.36,1427622175.0,B,8,13
1427622174.4,1427622175.04,A,70,14
1427622174.4,1427622175.04,B,12,14
1427622174.44,1427622175.08,A,78,14
1427622174.44,1427622175.08,B,9,14
1427622174.48,1427622175.12,A,78,14
1427622174.48,1427622175.12,B,8,14
1427622174.52,1427622175.16,A,76,14
1427622174.52,1427622175.16,B,9,14
1427622174.56,1427622175.2,A,79,16
1427622174.56,1427622175.2,B,14,16
1427622174.6,1427622175.24,A,84,17
1427622174.6,1427622175.24,B,22,17
1427622174.64,1427622175.28,A,87,17
1427622174.64,1427622175.28,B,22,17
1427622174.68,1427622175.32,A,102,19
1427622174.68,1427622175.32,B,15,19
1427622174.72,1427622175.36,A,105,20
1427622174.72,1427622175.36,B,14,20
1427622174.76,1427622175.4,A,115,20
1427622174.76,1427622175.4,B,5,20
1427622174.8,1427622175.44,A,115,20
1427622174.8,1427622175.44,B,6,20
1427622174.84,1427622175.48,A,112,21
1427622174.84,1427622175.48,B,10,21
1427622174.88,1427622175.52,A,118,22
1427622174.88,1427622175.52,B,17,22
1427622174.92,1427622175.56,A,124,24
1427622174.92,1427622175.56,B,15,24
1427622174.96,1427622175.6,A,135,29
1427622174.96,1427622175.6,B,25,29
1427622175.0,1427622175.64,A,158,33
1427622175.0,1427622175.64,B,32,33
1427622175.04,1427622175.68,A,158,34
1427622175.04,1427622175.68,B,36,34
1427622175.08,1427622175.72,A,178,37
1427622175.08,1427622175.72,B,21,37
1427622175.12,1427622175.76,A,176,37
1427622175.12,1427622175.76,B,18,37
1427622175.16,1427622175.8,A,178,37
1427622175.16,1427622175.8,B,13,37
1427622175.2,1427622175.84,A,175,37
1427622175.2,1427622175.84,B,12,37
1427622175.24,1427622175.88,A,179,39
1427622175.24,1427622175.88,B,27,39
1427622175.28,1427622175.92,A,187,44
1427622175.28,1427622175.92,B,40,44
1427622175.32,1427622175.96,A,213,45
1427622175.32,1427622175.96,B,44,45
1427622175.36,1427622176.0,A,217,46
1427622175.36,1427622176.0,B,34,46
1427622175.4,1427622176.04,A,247,50
1427622175.4,1427622176.04,B,28,50
1427622175.44,1427622176.08,A,253,54
1427622175.44,1427622176.08,B,34,54
1427622175.48,1427622176.12,A,260,54
1427622175.48,1427622176.12,B,54,54
1427622175.52,1427622176.16,A,243,54
1427622175.52,1427622176.16,B,67,54
1427622175.56,1427622176.2,A,240,54
1427622175.56,1427622176.2,B,65,54
1427622175.6,1427622176.24,A,222,56
1427622175.6,1427622176.24,B,53,56
1427622175.64,1427622176.28,A,232,57
1427622175.64,1427622176.28,B,48,57
1427622175.68,1427622176.32,A,243,56
1427622175.68,1427622176.32,B,63,56
1427622175.72,1427622176.36,A,255,55
1427622175.72,1427622176.36,B,65,55
1427622175.76,1427622176.4,A,252,58
1427622175.76,1427622176.4,B,70,58
1427622175.8,1427622176.44,A,257,59
1427622175.8,1427622176.44,B,59,59
1427622175.84,1427622176.48,A,235,59
1427622175.84,1427622176.48,B,56,59
1427622175.88,1427622176.52,A,227,59
1427622175.88,1427622176.52,B,36,59
1427622175.92,1427622176.56,A,202,57
1427622175.92,1427622176.56,B,17,57
1427622175.96,1427622176.6,A,180,54
1427622175.96,1427622176.6,B,35,54
1427622176.0,1427622176.64,A,173,55
1427622176.0,1427622176.64,B,45,55
1427622176.04,1427622176.68,A,157,53
1427622176.04,1427622176.68,B,46,53
1427622176.08,1427622176.72,A,149,52
1427622176.08,1427622176.72,B,36,52
1427622176.12,1427622176.76,A,152,52
1427622176.12,1427622176.76,B,38,52
1427622176.16,1427622176.8,A,140,53
1427622176.16,1427622176.8,B,48,53
1427622176.2,1427622176.84,A,137,52
1427622176.2,1427622176.84,B,55,52
1427622176.24,1427622176.88,A,135,52
1427622176.24,1427622176.88,B,53,52
1427622176.28,1427622176.92,A,117,45
1427622176.28,1427622176.92,B,32,45
1427622176.32,1427622176.96,A,107,42
1427622176.32,1427622176.96,B,33,42
1427622176.36,1427622177.0,A,88,37
1427622176.36,1427622177.0,B,34,37
1427622176.4,1427622177.04,A,83,38
1427622176.4,1427622177.04,B,27,38
1427622176.44,1427622177.08,A,70,36
1427622176.44,1427622177.08,B,31,36
1427622176.48,1427622177.12,A,75,35
1427622176.48,1427622177.12,B,36,35
1427622176.52,1427622177.16,A,78,35
1427622176.52,1427622177.16,B,42,35
1427622176.56,1427622177.2,A,83,35
1427622176.56,1427622177.2,B,44,35
1427622176.6,1427622177.24,A,75,32
1427622176.6,1427622177.24,B,59,32
1427622176.64,1427622177.28,A,79,31
1427622176.64,1427622177.28,B,54,31
1427622176.68,1427622177.32,A,57,28
1427622176.68,1427622177.32,B,55,28
1427622176.72,1427622177.36,A,55,28
1427622176.72,1427622177.36,B,57,28
1427622176.76,1427622177.4,A,41,25
1427622176.76,1427622177.4,B,46,25
1427622176.8,1427622177.44,A,46,22
1427622176.8,1427622177.44,B,39,22
1427622176.84,1427622177.48,A,50,23
1427622176.84,1427622177.48,B,38,23
1427622176.88,1427622177.52,A,53,22
1427622176.88,1427622177.52,B,35,22
1427622176.92,1427622177.56,A,50,21
1427622176.92,1427622177.56,B,26,21
1427622176.96,1427622177.6,A,46,21
1427622176.96,1427622177.6,B,21,21
1427622177.0,1427622177.64,A,32,15
1427622177.0,1427622177.64,B,16,15
1427622177.04,1427622177.68,A,25,13
1427622177.04,1427622177.68,B,23,13
1427622177.08,1427622177.72,A,19,12
1427622177.08,1427622177.72,B,18,12
1427622177.12,1427622177.76,A,22,11
1427622177.12,1427622177.76,B,14,11
1427622177.16,1427622177.8,A,23,11
1427622177.16,1427622177.8,B,11,11
1427622177.2,1427622177.84,A,25,11
1427622177.2,1427622177.84,B,11,11
1427622177.24,1427622177.88,A,25,10
1427622177.24,1427622177.88,B,14,10
1427622177.28,1427622177.92,A,23,9
1427622177.28,1427622177.92,B,17,9
1427622177.32,1427622177.96,A,20,9
1427622177.32,1427622177.96,B,18,9
1427622177.36,1427622178.0,A,17,8
1427622177.36,1427622178.0,B,17,8
1427622177.4,1427622178.04,A,11,6
1427622177.4,1427622178.04,B,12,6
1427622177.44,1427622178.08,A,14,6
1427622177.44,1427622178.08,B,7,6
1427622177.48,1427622178.12,A,15,6
1427622177.48,1427622178.12,B,6,6
1427622177.52,1427622178.16,A,15,6
1427622177.52,1427622178.16,B,5,6
1427622177.56,1427622178.2,A,16,6
1427622177.56,1427622178.2,B,5,6
1427622177.6,1427622178.24,A,15,7
1427622177.6,1427622178.24,B,6,7
1427622177.64,1427622178.28,A,14,6
1427622177.64,1427622178.28,B,6,6
1427622177.68,1427622178.32,A,13,6
1427622177.68,1427622178.32,B,9,6
1427622177.72,1427622178.36,A,12,6
1427622177.72,1427622178.36,B,8,6
1427622177.76,1427622178.4,A,16,6
1427622177.76,1427622178.4,B,7,6
1427622177.8,1427622178.44,A,16,6
1427622177.8,1427622178.44,B,6,6
1427622177.84,1427622178.48,A,18,6
1427622177.84,1427622178.48,B,6,6
1427622177.88,1427622178.52,A,18,6
1427622177.88,1427622178.52,B,8,6
1427622177.92,1427622178.56,A,18,6
1427622177.92,1427622178.56,B,9,6
1427622177.96,1427622178.6,A,14,6
1427622177.96,1427622178.6,B,12,6
1427622178.0,1427622178.64,A,11,5
1427622178.0,1427622178.64,B,11,5
1427622178.04,1427622178.68,A,8,6
1427622178.04,1427622178.68,B,9,6
1427622178.08,1427622178.72,A,8,6
1427622178.08,1427622178.72,B,7,6
1427622178.12,1427622178.76,A,12,6
1427622178.12,1427622178.76,B,6,6
1427622178.16,1427622178.8,A,13,5
1427622178.16,1427622178.8,B,7,5
1427622178.2,1427622178.84,A,12,5
1427622178.2,1427622178.84,B,8,5
1427622178.24,1427622178.88,A,13,5
1427622178.24,1427622178.88,B,8,5
1427622178.28,1427622178.92,A,12,5
1427622178.28,1427622178.92,B,8,5
1427622178.32,1427622178.96,A,13,5
1427622178.32,1427622178.96,B,8,5
1427622178.36,1427622179.0,A,13,6
1427622178.36,1427622179.0,B,9,6
1427622178.4,1427622179.04,A,13,6
1427622178.4,1427622179.04,B,10,6
1427622178.44,1427622179.08,A,11,6
1427622178.44,1427622179.08,B,10,6
1427622178.48,1427622179.12,A,11,5
1427622178.48,1427622179.12,B,9,5
1427622178.52,1427622179.16,A,8,5
1427622178.52,1427622179.16,B,9,5
1427622178.56,1427622179.2,A,9,5
1427622178.56,1427622179.2,B,10,5
1427622178.6,1427622179.24,A,9,5
1427622178.6,1427622179.24,B,11,5
1427622178.64,1427622179.28,A,10,5
1427622178.64,1427622179.28,B,10,5
1427622178.68,1427622179.32,A,11,5
1427622178.68,1427622179.32,B,9,5
1427622178.72,1427622179.36,A,12,5
1427622178.72,1427622179.36,B,7,5
1427622178.76,1427622179.4,A,10,6
1427622178.76,1427622179.4,B,4,6
1427622178.8,1427622179.44,A,10,5
1427622178.8,1427622179.44,B,4,5
1427622178.84,1427622179.48,A,6,5
1427622178.84,1427622179.48,B,8,5
1427622178.88,1427622179.52,A,5,5
1427622178.88,1427622179.52,B,9,5
1427622178.92,1427622179.56,A,2,5
1427622178.92,1427622179.56,B,10,5
1427622178.96,1427622179.6,A,2,5
1427622178.96,1427622179.6,B,6,5
1427622179.0,1427622179.64,A,5,5
1427622179.0,1427622179.64,B,9,5
1427622179.04,1427622179.68,A,7,5
1427622179.04,1427622179.68,B,10,5
1427622179.08,1427622179.72,A,9,6
1427622179.08,1427622179.72,B,9,6
1427622179.12,1427622179.76,A,10,6
1427622179.12,1427622179.76,B,7,6
1427622179.16,1427622179.8,A,10,6
1427622179.16,1427622179.8,B,6,6
1427622179.2,1427622179.84,A,7,5
1427622179.2,1427622179.84,B,8,5
1427622179.24,1427622179.88,A,8,6
1427622179.24,1427622179.88,B,11,6
1427622179.28,1427622179.92,A,7,6
1427622179.28,1427622179.92,B,11,6
1427622179.32,1427622179.96,A,8,6
1427622179.32,1427622179.96,B,10,6
1427622179.36,1427622180.0,A,11,6
1427622179.36,1427622180.0,B,8,6
1427622179.4,1427622180.04,A,12,5
1427622179.4,1427622180.04,B,6,5
1427622179.44,1427622180.08,A,12,6
1427622179.44,1427622180.08,B,7,6
1427622179.48,1427622180.12,A,12,6
1427622179.48,1427622180.12,B,6,6
1427622179.52,1427622180.16,A,11,5
1427622179.52,1427622180.16,B,6,5
1427622179.56,1427622180.2,A,8,6
1427622179.56,1427622180.2,B,8,6
1427622179.6,1427622180.24,A,6,6
1427622179.6,1427622180.24,B,11,6
1427622179.64,1427622180.28,A,1,6
1427622179.64,1427622180.28,B,14,6
1427622179.68,1427622180.32,A,2,5
1427622179.68,1427622180.32,B,16,5
1427622179.72,1427622180.36,A,5,5
1427622179.72,1427622180.36,B,15,5
1427622179.76,1427622180.4,A,6,5
1427622179.76,1427622180.4,B,12,5
1427622179.8,1427622180.44,A,11,6
1427622179.8,1427622180.44,B,11,6
1427622179.84,1427622180.48,A,10,6
1427622179.84,1427622180.48,B,12,6
1427622179.88,1427622180.52,A,10,6
1427622179.88,1427622180.52,B,12,6
