#targetfile:$(projectRoot)/result/result/75cm/waist-side/hasc-20150329-184144-mag-pca.csv-lowpass.csv
1427622110.6,1427622111.24,B,10,4
1427622110.64,1427622111.28,B,10,4
1427622110.68,1427622111.32,A,12,4
1427622110.68,1427622111.32,B,9,4
1427622110.72,1427622111.36,A,11,4
1427622110.72,1427622111.36,B,9,4
1427622110.76,1427622111.4,A,13,4
1427622110.76,1427622111.4,B,7,4
1427622110.8,1427622111.44,A,10,3
1427622110.8,1427622111.44,B,4,3
1427622110.84,1427622111.48,A,10,3
1427622110.84,1427622111.48,B,4,3
1427622110.88,1427622111.52,A,7,3
1427622110.88,1427622111.52,B,4,3
1427622110.92,1427622111.56,A,7,3
1427622110.92,1427622111.56,B,4,3
1427622110.96,1427622111.6,A,7,3
1427622110.96,1427622111.6,B,3,3
1427622111.0,1427622111.64,A,6,3
1427622111.0,1427622111.64,B,3,3
1427622111.04,1427622111.68,A,6,3
1427622111.04,1427622111.68,B,4,3
1427622111.08,1427622111.72,A,6,3
1427622111.08,1427622111.72,B,4,3
1427622111.12,1427622111.76,A,6,3
1427622111.12,1427622111.76,B,4,3
1427622111.16,1427622111.8,A,6,3
1427622111.16,1427622111.8,B,4,3
1427622111.2,1427622111.84,A,6,3
1427622111.2,1427622111.84,B,5,3
1427622111.24,1427622111.88,A,6,2
1427622111.24,1427622111.88,B,5,2
1427622111.28,1427622111.92,A,2,3
1427622111.28,1427622111.92,B,5,3
1427622111.32,1427622111.96,A,2,2
1427622111.32,1427622111.96,B,4,2
1427622111.36,1427622112.0,A,2,2
1427622111.36,1427622112.0,B,7,2
1427622111.4,1427622112.04,A,2,3
1427622111.4,1427622112.04,B,8,3
1427622111.44,1427622112.08,A,3,3
1427622111.44,1427622112.08,B,8,3
1427622111.48,1427622112.12,A,4,3
1427622111.48,1427622112.12,B,8,3
1427622111.52,1427622112.16,A,5,3
1427622111.52,1427622112.16,B,6,3
1427622111.56,1427622112.2,A,7,3
1427622111.56,1427622112.2,B,8,3
1427622111.6,1427622112.24,A,7,3
1427622111.6,1427622112.24,B,8,3
1427622111.64,1427622112.28,A,7,3
1427622111.64,1427622112.28,B,8,3
1427622111.68,1427622112.32,A,8,3
1427622111.68,1427622112.32,B,7,3
1427622111.72,1427622112.36,A,8,2
1427622111.72,1427622112.36,B,7,2
1427622111.76,1427622112.4,A,7,3
1427622111.76,1427622112.4,B,7,3
1427622111.8,1427622112.44,A,8,3
1427622111.8,1427622112.44,B,7,3
1427622111.84,1427622112.48,A,9,3
1427622111.84,1427622112.48,B,8,3
1427622111.88,1427622112.52,A,9,3
1427622111.88,1427622112.52,B,8,3
1427622111.92,1427622112.56,A,9,3
1427622111.92,1427622112.56,B,9,3
1427622111.96,1427622112.6,A,10,3
1427622111.96,1427622112.6,B,8,3
1427622112.0,1427622112.64,A,9,3
1427622112.0,1427622112.64,B,6,3
1427622112.04,1427622112.68,A,8,3
1427622112.04,1427622112.68,B,6,3
1427622112.08,1427622112.72,A,7,3
1427622112.08,1427622112.72,B,7,3
1427622112.12,1427622112.76,A,8,3
1427622112.12,1427622112.76,B,8,3
1427622112.16,1427622112.8,A,8,3
1427622112.16,1427622112.8,B,8,3
1427622112.2,1427622112.84,A,9,3
1427622112.2,1427622112.84,B,7,3
1427622112.24,1427622112.88,A,9,3
1427622112.24,1427622112.88,B,7,3
1427622112.28,1427622112.92,A,8,4
1427622112.28,1427622112.92,B,8,4
1427622112.32,1427622112.96,A,9,4
1427622112.32,1427622112.96,B,8,4
1427622112.36,1427622113.0,A,9,4
1427622112.36,1427622113.0,B,8,4
1427622112.4,1427622113.04,A,9,4
1427622112.4,1427622113.04,B,8,4
1427622112.44,1427622113.08,A,10,4
1427622112.44,1427622113.08,B,7,4
1427622112.48,1427622113.12,A,10,4
1427622112.48,1427622113.12,B,8,4
1427622112.52,1427622113.16,A,10,4
1427622112.52,1427622113.16,B,8,4
1427622112.56,1427622113.2,A,10,4
1427622112.56,1427622113.2,B,6,4
1427622112.6,1427622113.24,A,7,4
1427622112.6,1427622113.24,B,8,4
1427622112.64,1427622113.28,A,6,4
1427622112.64,1427622113.28,B,6,4
1427622112.68,1427622113.32,A,5,4
1427622112.68,1427622113.32,B,4,4
1427622112.72,1427622113.36,A,4,4
1427622112.72,1427622113.36,B,5,4
1427622112.76,1427622113.4,A,6,5
1427622112.76,1427622113.4,B,7,5
1427622112.8,1427622113.44,A,6,5
1427622112.8,1427622113.44,B,8,5
1427622112.84,1427622113.48,A,5,5
1427622112.84,1427622113.48,B,9,5
1427622112.88,1427622113.52,A,6,5
1427622112.88,1427622113.52,B,10,5
1427622112.92,1427622113.56,A,7,5
1427622112.92,1427622113.56,B,10,5
1427622112.96,1427622113.6,A,2,4
1427622112.96,1427622113.6,B,10,4
1427622113.0,1427622113.64,A,3,4
1427622113.0,1427622113.64,B,10,4
1427622113.04,1427622113.68,A,3,4
1427622113.04,1427622113.68,B,11,4
1427622113.08,1427622113.72,A,2,4
1427622113.08,1427622113.72,B,10,4
1427622113.12,1427622113.76,A,6,4
1427622113.12,1427622113.76,B,7,4
1427622113.16,1427622113.8,A,6,5
1427622113.16,1427622113.8,B,5,5
1427622113.2,1427622113.84,A,6,5
1427622113.2,1427622113.84,B,7,5
1427622113.24,1427622113.88,A,4,5
1427622113.24,1427622113.88,B,11,5
1427622113.28,1427622113.92,A,3,5
1427622113.28,1427622113.92,B,12,5
1427622113.32,1427622113.96,A,3,5
1427622113.32,1427622113.96,B,11,5
1427622113.36,1427622114.0,A,3,5
1427622113.36,1427622114.0,B,9,5
1427622113.4,1427622114.04,A,4,6
1427622113.4,1427622114.04,B,6,6
1427622113.44,1427622114.08,A,2,7
1427622113.44,1427622114.08,B,10,7
1427622113.48,1427622114.12,A,2,7
1427622113.48,1427622114.12,B,13,7
1427622113.52,1427622114.16,A,3,7
1427622113.52,1427622114.16,B,15,7
1427622113.56,1427622114.2,A,3,7
1427622113.56,1427622114.2,B,14,7
1427622113.6,1427622114.24,A,6,8
1427622113.6,1427622114.24,B,12,8
1427622113.64,1427622114.28,A,6,8
1427622113.64,1427622114.28,B,8,8
1427622113.68,1427622114.32,A,4,8
1427622113.68,1427622114.32,B,11,8
1427622113.72,1427622114.36,A,9,10
1427622113.72,1427622114.36,B,16,10
1427622113.76,1427622114.4,A,7,11
1427622113.76,1427622114.4,B,22,11
1427622113.8,1427622114.44,A,13,11
1427622113.8,1427622114.44,B,19,11
1427622113.84,1427622114.48,A,14,13
1427622113.84,1427622114.48,B,13,13
1427622113.88,1427622114.52,A,15,12
1427622113.88,1427622114.52,B,10,12
1427622113.92,1427622114.56,A,12,11
1427622113.92,1427622114.56,B,10,11
1427622113.96,1427622114.6,A,4,13
1427622113.96,1427622114.6,B,18,13
1427622114.0,1427622114.64,A,6,13
1427622114.0,1427622114.64,B,21,13
1427622114.04,1427622114.68,A,18,16
1427622114.04,1427622114.68,B,23,16
1427622114.08,1427622114.72,A,20,15
1427622114.08,1427622114.72,B,19,15
1427622114.12,1427622114.76,A,42,20
1427622114.12,1427622114.76,B,6,20
1427622114.16,1427622114.8,A,42,21
1427622114.16,1427622114.8,B,15,21
1427622114.2,1427622114.84,A,55,22
1427622114.2,1427622114.84,B,19,22
1427622114.24,1427622114.88,A,48,23
1427622114.24,1427622114.88,B,25,23
1427622114.28,1427622114.92,A,48,24
1427622114.28,1427622114.92,B,28,24
1427622114.32,1427622114.96,A,27,26
1427622114.32,1427622114.96,B,39,26
1427622114.36,1427622115.0,A,19,34
1427622114.36,1427622115.0,B,50,34
1427622114.4,1427622115.04,A,32,35
1427622114.4,1427622115.04,B,60,35
1427622114.44,1427622115.08,A,49,41
1427622114.44,1427622115.08,B,82,41
1427622114.48,1427622115.12,A,74,41
1427622114.48,1427622115.12,B,74,41
1427622114.52,1427622115.16,A,77,40
1427622114.52,1427622115.16,B,70,40
1427622114.56,1427622115.2,A,101,44
1427622114.56,1427622115.2,B,48,44
1427622114.6,1427622115.24,A,89,43
1427622114.6,1427622115.24,B,31,43
1427622114.64,1427622115.28,A,75,46
1427622114.64,1427622115.28,B,48,46
1427622114.68,1427622115.32,A,54,43
1427622114.68,1427622115.32,B,62,43
1427622114.72,1427622115.36,A,68,51
1427622114.72,1427622115.36,B,86,51
1427622114.76,1427622115.4,A,63,49
1427622114.76,1427622115.4,B,74,49
1427622114.8,1427622115.44,A,117,61
1427622114.8,1427622115.44,B,68,61
1427622114.84,1427622115.48,A,135,63
1427622114.84,1427622115.48,B,64,63
1427622114.88,1427622115.52,A,164,64
1427622114.88,1427622115.52,B,77,64
1427622114.92,1427622115.56,A,170,63
1427622114.92,1427622115.56,B,81,63
1427622114.96,1427622115.6,A,168,62
1427622114.96,1427622115.6,B,81,62
1427622115.0,1427622115.64,A,147,62
1427622115.0,1427622115.64,B,72,62
1427622115.04,1427622115.68,A,139,60
1427622115.04,1427622115.68,B,61,60
1427622115.08,1427622115.72,A,120,62
1427622115.08,1427622115.72,B,30,62
1427622115.12,1427622115.76,A,136,64
1427622115.12,1427622115.76,B,55,64
1427622115.16,1427622115.8,A,185,67
1427622115.16,1427622115.8,B,88,67
1427622115.2,1427622115.84,A,191,67
1427622115.2,1427622115.84,B,75,67
1427622115.24,1427622115.88,A,228,65
1427622115.24,1427622115.88,B,48,65
1427622115.28,1427622115.92,A,231,64
1427622115.28,1427622115.92,B,42,64
1427622115.32,1427622115.96,A,224,64
1427622115.32,1427622115.96,B,48,64
1427622115.36,1427622116.0,A,193,58
1427622115.36,1427622116.0,B,45,58
1427622115.4,1427622116.04,A,206,58
1427622115.4,1427622116.04,B,75,58
1427622115.44,1427622116.08,A,180,52
1427622115.44,1427622116.08,B,44,52
1427622115.48,1427622116.12,A,200,56
1427622115.48,1427622116.12,B,43,56
1427622115.52,1427622116.16,A,218,48
1427622115.52,1427622116.16,B,14,48
1427622115.56,1427622116.2,A,225,48
1427622115.56,1427622116.2,B,25,48
1427622115.6,1427622116.24,A,237,48
1427622115.6,1427622116.24,B,35,48
1427622115.64,1427622116.28,A,234,47
1427622115.64,1427622116.28,B,35,47
1427622115.68,1427622116.32,A,217,48
1427622115.68,1427622116.32,B,50,48
1427622115.72,1427622116.36,A,200,43
1427622115.72,1427622116.36,B,46,43
1427622115.76,1427622116.4,A,185,45
1427622115.76,1427622116.4,B,68,45
1427622115.8,1427622116.44,A,158,35
1427622115.8,1427622116.44,B,52,35
1427622115.84,1427622116.48,A,174,36
1427622115.84,1427622116.48,B,49,36
1427622115.88,1427622116.52,A,171,31
1427622115.88,1427622116.52,B,29,31
1427622115.92,1427622116.56,A,170,31
1427622115.92,1427622116.56,B,30,31
1427622115.96,1427622116.6,A,166,31
1427622115.96,1427622116.6,B,29,31
1427622116.0,1427622116.64,A,156,32
1427622116.0,1427622116.64,B,33,32
1427622116.04,1427622116.68,A,124,23
1427622116.04,1427622116.68,B,7,23
1427622116.08,1427622116.72,A,124,25
1427622116.08,1427622116.72,B,18,25
1427622116.12,1427622116.76,A,106,23
1427622116.12,1427622116.76,B,20,23
1427622116.16,1427622116.8,A,105,22
1427622116.16,1427622116.8,B,20,22
1427622116.2,1427622116.84,A,105,21
1427622116.2,1427622116.84,B,16,21
1427622116.24,1427622116.88,A,97,20
1427622116.24,1427622116.88,B,19,20
1427622116.28,1427622116.92,A,86,20
1427622116.28,1427622116.92,B,21,20
1427622116.32,1427622116.96,A,84,20
1427622116.32,1427622116.96,B,26,20
1427622116.36,1427622117.0,A,69,18
1427622116.36,1427622117.0,B,26,18
1427622116.4,1427622117.04,A,61,15
1427622116.4,1427622117.04,B,18,15
1427622116.44,1427622117.08,A,55,14
1427622116.44,1427622117.08,B,17,14
1427622116.48,1427622117.12,A,44,12
1427622116.48,1427622117.12,B,17,12
1427622116.52,1427622117.16,A,46,12
1427622116.52,1427622117.16,B,19,12
1427622116.56,1427622117.2,A,43,11
1427622116.56,1427622117.2,B,19,11
1427622116.6,1427622117.24,A,42,11
1427622116.6,1427622117.24,B,18,11
1427622116.64,1427622117.28,A,40,11
1427622116.64,1427622117.28,B,20,11
1427622116.68,1427622117.32,A,42,11
1427622116.68,1427622117.32,B,19,11
1427622116.72,1427622117.36,A,32,11
1427622116.72,1427622117.36,B,23,11
1427622116.76,1427622117.4,A,30,8
1427622116.76,1427622117.4,B,20,8
1427622116.8,1427622117.44,A,19,6
1427622116.8,1427622117.44,B,15,6
1427622116.84,1427622117.48,A,17,6
1427622116.84,1427622117.48,B,12,6
1427622116.88,1427622117.52,A,18,5
1427622116.88,1427622117.52,B,7,5
1427622116.92,1427622117.56,A,17,5
1427622116.92,1427622117.56,B,7,5
1427622116.96,1427622117.6,A,15,5
1427622116.96,1427622117.6,B,7,5
1427622117.0,1427622117.64,A,14,5
1427622117.0,1427622117.64,B,8,5
1427622117.04,1427622117.68,A,10,5
1427622117.04,1427622117.68,B,9,5
1427622117.08,1427622117.72,A,10,5
1427622117.08,1427622117.72,B,10,5
1427622117.12,1427622117.76,A,9,5
1427622117.12,1427622117.76,B,8,5
1427622117.16,1427622117.8,A,7,5
1427622117.16,1427622117.8,B,9,5
1427622117.2,1427622117.84,A,9,5
1427622117.2,1427622117.84,B,11,5
1427622117.24,1427622117.88,A,9,5
1427622117.24,1427622117.88,B,11,5
1427622117.28,1427622117.92,A,9,5
1427622117.28,1427622117.92,B,10,5
1427622117.32,1427622117.96,A,12,4
1427622117.32,1427622117.96,B,11,4
1427622117.36,1427622118.0,A,12,4
1427622117.36,1427622118.0,B,10,4
1427622117.4,1427622118.04,A,12,4
1427622117.4,1427622118.04,B,10,4
1427622117.44,1427622118.08,A,14,5
1427622117.44,1427622118.08,B,9,5
1427622117.48,1427622118.12,A,14,5
1427622117.48,1427622118.12,B,8,5
1427622117.52,1427622118.16,A,17,6
1427622117.52,1427622118.16,B,11,6
1427622117.56,1427622118.2,A,17,6
1427622117.56,1427622118.2,B,11,6
1427622117.6,1427622118.24,A,17,6
1427622117.6,1427622118.24,B,10,6
1427622117.64,1427622118.28,A,19,6
1427622117.64,1427622118.28,B,11,6
1427622117.68,1427622118.32,A,18,6
1427622117.68,1427622118.32,B,10,6
1427622117.72,1427622118.36,A,17,6
1427622117.72,1427622118.36,B,10,6
1427622117.76,1427622118.4,A,17,6
1427622117.76,1427622118.4,B,9,6
1427622117.8,1427622118.44,A,17,6
1427622117.8,1427622118.44,B,8,6
1427622117.84,1427622118.48,A,15,5
1427622117.84,1427622118.48,B,7,5
1427622117.88,1427622118.52,A,14,5
1427622117.88,1427622118.52,B,7,5
1427622117.92,1427622118.56,A,15,5
1427622117.92,1427622118.56,B,7,5
1427622117.96,1427622118.6,A,14,5
1427622117.96,1427622118.6,B,5,5
1427622118.0,1427622118.64,A,13,6
1427622118.0,1427622118.64,B,7,6
1427622118.04,1427622118.68,A,10,6
1427622118.04,1427622118.68,B,9,6
1427622118.08,1427622118.72,A,10,5
1427622118.08,1427622118.72,B,7,5
1427622118.12,1427622118.76,A,10,5
1427622118.12,1427622118.76,B,7,5
1427622118.16,1427622118.8,A,7,4
1427622118.16,1427622118.8,B,7,4
1427622118.2,1427622118.84,A,7,4
1427622118.2,1427622118.84,B,8,4
1427622118.24,1427622118.88,A,9,4
1427622118.24,1427622118.88,B,7,4
1427622118.28,1427622118.92,A,8,4
1427622118.28,1427622118.92,B,5,4
1427622118.32,1427622118.96,A,8,4
1427622118.32,1427622118.96,B,5,4
1427622118.36,1427622119.0,A,8,4
1427622118.36,1427622119.0,B,6,4
1427622118.4,1427622119.04,A,8,4
1427622118.4,1427622119.04,B,5,4
1427622118.44,1427622119.08,A,7,4
1427622118.44,1427622119.08,B,5,4
1427622118.48,1427622119.12,A,7,4
1427622118.48,1427622119.12,B,5,4
1427622118.52,1427622119.16,A,7,4
1427622118.52,1427622119.16,B,4,4
1427622118.56,1427622119.2,A,8,4
1427622118.56,1427622119.2,B,5,4
1427622118.6,1427622119.24,A,7,4
1427622118.6,1427622119.24,B,5,4
1427622118.64,1427622119.28,A,7,3
1427622118.64,1427622119.28,B,3,3
1427622118.68,1427622119.32,A,7,3
1427622118.68,1427622119.32,B,3,3
1427622118.72,1427622119.36,A,7,3
1427622118.72,1427622119.36,B,3,3
1427622118.76,1427622119.4,A,4,3
1427622118.76,1427622119.4,B,2,3
1427622118.8,1427622119.44,A,5,4
1427622118.8,1427622119.44,B,4,4
1427622118.84,1427622119.48,A,6,4
1427622118.84,1427622119.48,B,6,4
1427622118.88,1427622119.52,A,5,4
1427622118.88,1427622119.52,B,6,4
1427622118.92,1427622119.56,A,5,4
1427622118.92,1427622119.56,B,6,4
1427622118.96,1427622119.6,A,5,4
1427622118.96,1427622119.6,B,5,4
1427622119.0,1427622119.64,A,5,4
1427622119.0,1427622119.64,B,6,4
1427622119.04,1427622119.68,A,5,4
1427622119.04,1427622119.68,B,7,4
1427622119.08,1427622119.72,A,6,4
1427622119.08,1427622119.72,B,6,4
1427622119.12,1427622119.76,A,5,4
1427622119.12,1427622119.76,B,4,4
1427622119.16,1427622119.8,A,5,4
1427622119.16,1427622119.8,B,4,4
1427622119.2,1427622119.84,A,5,4
1427622119.2,1427622119.84,B,5,4
1427622119.24,1427622119.88,A,6,5
1427622119.24,1427622119.88,B,6,5
1427622119.28,1427622119.92,A,5,4
1427622119.28,1427622119.92,B,7,4
1427622119.32,1427622119.96,A,6,5
1427622119.32,1427622119.96,B,6,5
1427622119.36,1427622120.0,A,6,5
1427622119.36,1427622120.0,B,5,5
1427622119.4,1427622120.04,A,6,5
1427622119.4,1427622120.04,B,5,5
1427622119.44,1427622120.08,A,8,5
1427622119.44,1427622120.08,B,6,5
1427622119.48,1427622120.12,A,9,4
1427622119.48,1427622120.12,B,5,4
1427622119.52,1427622120.16,A,10,5
1427622119.52,1427622120.16,B,8,5
1427622119.56,1427622120.2,A,10,5
1427622119.56,1427622120.2,B,8,5
1427622119.6,1427622120.24,A,10,4
1427622119.6,1427622120.24,B,9,4
1427622119.64,1427622120.28,A,10,4
1427622119.64,1427622120.28,B,9,4
1427622119.68,1427622120.32,A,12,5
1427622119.68,1427622120.32,B,10,5
1427622119.72,1427622120.36,A,13,6
1427622119.72,1427622120.36,B,13,6
1427622119.76,1427622120.4,A,13,6
1427622119.76,1427622120.4,B,13,6
1427622119.8,1427622120.44,A,13,6
1427622119.8,1427622120.44,B,12,6
1427622119.84,1427622120.48,A,13,5
1427622119.84,1427622120.48,B,11,5
1427622119.88,1427622120.52,A,12,5
1427622119.88,1427622120.52,B,10,5
1427622119.92,1427622120.56,A,12,5
1427622119.92,1427622120.56,B,9,5
1427622119.96,1427622120.6,A,8,5
1427622119.96,1427622120.6,B,8,5
1427622120.0,1427622120.64,A,8,5
1427622120.0,1427622120.64,B,8,5
1427622120.04,1427622120.68,A,8,5
1427622120.04,1427622120.68,B,10,5
1427622120.08,1427622120.72,A,8,5
1427622120.08,1427622120.72,B,10,5
1427622120.12,1427622120.76,A,8,5
1427622120.12,1427622120.76,B,11,5
1427622120.16,1427622120.8,A,8,5
1427622120.16,1427622120.8,B,10,5
1427622120.2,1427622120.84,A,10,5
1427622120.2,1427622120.84,B,8,5
1427622120.24,1427622120.88,A,9,5
1427622120.24,1427622120.88,B,11,5
1427622120.28,1427622120.92,A,8,5
1427622120.28,1427622120.92,B,12,5
1427622120.32,1427622120.96,A,6,5
1427622120.32,1427622120.96,B,11,5
1427622120.36,1427622121.0,A,4,4
1427622120.36,1427622121.0,B,9,4
1427622120.4,1427622121.04,A,6,4
1427622120.4,1427622121.04,B,10,4
1427622120.44,1427622121.08,A,5,4
1427622120.44,1427622121.08,B,12,4
1427622120.48,1427622121.12,A,5,4
1427622120.48,1427622121.12,B,12,4
1427622120.52,1427622121.16,A,5,4
1427622120.52,1427622121.16,B,12,4
1427622120.56,1427622121.2,A,5,4
1427622120.56,1427622121.2,B,11,4
