#targetfile:$(projectRoot)/result/result/100cm/pocket/hasc-20150330-105754-mag-pca.csv-lowpass.csv
1427680685.18,1427680685.82,B,18,7
1427680685.22,1427680685.86,B,15,7
1427680685.26,1427680685.9,B,12,8
1427680685.3,1427680685.94,B,10,9
1427680685.34,1427680685.98,A,18,10
1427680685.34,1427680685.98,B,16,10
1427680685.38,1427680686.02,A,19,10
1427680685.38,1427680686.02,B,15,10
1427680685.42,1427680686.06,A,20,10
1427680685.42,1427680686.06,B,12,10
1427680685.46,1427680686.1,A,21,12
1427680685.46,1427680686.1,B,12,12
1427680685.5,1427680686.14,A,21,12
1427680685.5,1427680686.14,B,13,12
1427680685.54,1427680686.18,A,22,12
1427680685.54,1427680686.18,B,12,12
1427680685.58,1427680686.22,A,18,12
1427680685.58,1427680686.22,B,10,12
1427680685.62,1427680686.26,A,14,13
1427680685.62,1427680686.26,B,9,13
1427680685.66,1427680686.3,A,2,14
1427680685.66,1427680686.3,B,15,14
1427680685.7,1427680686.34,A,2,14
1427680685.7,1427680686.34,B,20,14
1427680685.74,1427680686.38,A,17,18
1427680685.74,1427680686.38,B,17,18
1427680685.78,1427680686.42,A,22,19
1427680685.78,1427680686.42,B,11,19
1427680685.82,1427680686.46,A,40,23
1427680685.82,1427680686.46,B,15,23
1427680685.86,1427680686.5,A,45,22
1427680685.86,1427680686.5,B,11,22
1427680685.9,1427680686.54,A,50,24
1427680685.9,1427680686.54,B,6,24
1427680685.94,1427680686.58,A,62,25
1427680685.94,1427680686.58,B,14,25
1427680685.98,1427680686.62,A,64,25
1427680685.98,1427680686.62,B,19,25
1427680686.02,1427680686.66,A,68,25
1427680686.02,1427680686.66,B,19,25
1427680686.06,1427680686.7,A,66,25
1427680686.06,1427680686.7,B,20,25
1427680686.1,1427680686.74,A,67,25
1427680686.1,1427680686.74,B,22,25
1427680686.14,1427680686.78,A,60,25
1427680686.14,1427680686.78,B,18,25
1427680686.18,1427680686.82,A,54,25
1427680686.18,1427680686.82,B,25,25
1427680686.22,1427680686.86,A,46,29
1427680686.22,1427680686.86,B,39,29
1427680686.26,1427680686.9,A,30,31
1427680686.26,1427680686.9,B,32,31
1427680686.3,1427680686.94,A,43,36
1427680686.3,1427680686.94,B,35,36
1427680686.34,1427680686.98,A,53,36
1427680686.34,1427680686.98,B,30,36
1427680686.38,1427680687.02,A,56,37
1427680686.38,1427680687.02,B,31,37
1427680686.42,1427680687.06,A,76,39
1427680686.42,1427680687.06,B,28,39
1427680686.46,1427680687.1,A,89,36
1427680686.46,1427680687.1,B,31,36
1427680686.5,1427680687.14,A,99,36
1427680686.5,1427680687.14,B,41,36
1427680686.54,1427680687.18,A,117,37
1427680686.54,1427680687.18,B,41,37
1427680686.58,1427680687.22,A,121,38
1427680686.58,1427680687.22,B,29,38
1427680686.62,1427680687.26,A,133,37
1427680686.62,1427680687.26,B,18,37
1427680686.66,1427680687.3,A,144,37
1427680686.66,1427680687.3,B,22,37
1427680686.7,1427680687.34,A,144,36
1427680686.7,1427680687.34,B,23,36
1427680686.74,1427680687.38,A,140,37
1427680686.74,1427680687.38,B,22,37
1427680686.78,1427680687.42,A,144,37
1427680686.78,1427680687.42,B,17,37
1427680686.82,1427680687.46,A,140,38
1427680686.82,1427680687.46,B,20,38
1427680686.86,1427680687.5,A,125,38
1427680686.86,1427680687.5,B,21,38
1427680686.9,1427680687.54,A,122,37
1427680686.9,1427680687.54,B,26,37
1427680686.94,1427680687.58,A,100,34
1427680686.94,1427680687.58,B,25,34
1427680686.98,1427680687.62,A,86,29
1427680686.98,1427680687.62,B,11,29
1427680687.02,1427680687.66,A,89,31
1427680687.02,1427680687.66,B,27,31
1427680687.06,1427680687.7,A,75,28
1427680687.06,1427680687.7,B,26,28
1427680687.1,1427680687.74,A,79,27
1427680687.1,1427680687.74,B,24,27
1427680687.14,1427680687.78,A,89,24
1427680687.14,1427680687.78,B,10,24
1427680687.18,1427680687.82,A,87,23
1427680687.18,1427680687.82,B,5,23
1427680687.22,1427680687.86,A,94,22
1427680687.22,1427680687.86,B,5,22
1427680687.26,1427680687.9,A,94,22
1427680687.26,1427680687.9,B,5,22
1427680687.3,1427680687.94,A,88,22
1427680687.3,1427680687.94,B,5,22
1427680687.34,1427680687.98,A,86,22
1427680687.34,1427680687.98,B,5,22
1427680687.38,1427680688.02,A,85,22
1427680687.38,1427680688.02,B,4,22
1427680687.42,1427680688.06,A,66,19
1427680687.42,1427680688.06,B,18,19
1427680687.46,1427680688.1,A,62,18
1427680687.46,1427680688.1,B,15,18
1427680687.5,1427680688.14,A,54,19
1427680687.5,1427680688.14,B,22,19
1427680687.54,1427680688.18,A,38,13
1427680687.54,1427680688.18,B,12,13
1427680687.58,1427680688.22,A,46,13
1427680687.58,1427680688.22,B,16,13
1427680687.62,1427680688.26,A,45,10
1427680687.62,1427680688.26,B,5,10
1427680687.66,1427680688.3,A,42,10
1427680687.66,1427680688.3,B,6,10
1427680687.7,1427680688.34,A,47,10
1427680687.7,1427680688.34,B,11,10
1427680687.74,1427680688.38,A,47,10
1427680687.74,1427680688.38,B,13,10
1427680687.78,1427680688.42,A,47,10
1427680687.78,1427680688.42,B,14,10
1427680687.82,1427680688.46,A,48,10
1427680687.82,1427680688.46,B,12,10
1427680687.86,1427680688.5,A,48,10
1427680687.86,1427680688.5,B,11,10
1427680687.9,1427680688.54,A,46,9
1427680687.9,1427680688.54,B,11,9
1427680687.94,1427680688.58,A,44,9
1427680687.94,1427680688.58,B,8,9
1427680687.98,1427680688.62,A,41,9
1427680687.98,1427680688.62,B,11,9
1427680688.02,1427680688.66,A,37,9
1427680688.02,1427680688.66,B,10,9
1427680688.06,1427680688.7,A,36,8
1427680688.06,1427680688.7,B,8,8
1427680688.1,1427680688.74,A,34,8
1427680688.1,1427680688.74,B,9,8
1427680688.14,1427680688.78,A,33,7
1427680688.14,1427680688.78,B,9,7
1427680688.18,1427680688.82,A,31,7
1427680688.18,1427680688.82,B,9,7
1427680688.22,1427680688.86,A,28,6
1427680688.22,1427680688.86,B,7,6
1427680688.26,1427680688.9,A,30,6
1427680688.26,1427680688.9,B,5,6
1427680688.3,1427680688.94,A,30,6
1427680688.3,1427680688.94,B,6,6
1427680688.34,1427680688.98,A,27,6
1427680688.34,1427680688.98,B,6,6
1427680688.38,1427680689.02,A,25,6
1427680688.38,1427680689.02,B,5,6
1427680688.42,1427680689.06,A,21,6
1427680688.42,1427680689.06,B,10,6
1427680688.46,1427680689.1,A,21,6
1427680688.46,1427680689.1,B,10,6
1427680688.5,1427680689.14,A,22,6
1427680688.5,1427680689.14,B,11,6
1427680688.54,1427680689.18,A,19,6
1427680688.54,1427680689.18,B,10,6
1427680688.58,1427680689.22,A,19,7
1427680688.58,1427680689.22,B,9,7
1427680688.62,1427680689.26,A,19,6
1427680688.62,1427680689.26,B,11,6
1427680688.66,1427680689.3,A,18,6
1427680688.66,1427680689.3,B,11,6
1427680688.7,1427680689.34,A,19,6
1427680688.7,1427680689.34,B,13,6
1427680688.74,1427680689.38,A,17,6
1427680688.74,1427680689.38,B,10,6
1427680688.78,1427680689.42,A,14,5
1427680688.78,1427680689.42,B,12,5
1427680688.82,1427680689.46,A,19,6
1427680688.82,1427680689.46,B,15,6
1427680688.86,1427680689.5,A,19,7
1427680688.86,1427680689.5,B,16,7
1427680688.9,1427680689.54,A,20,7
1427680688.9,1427680689.54,B,17,7
1427680688.94,1427680689.58,A,22,7
1427680688.94,1427680689.58,B,14,7
1427680688.98,1427680689.62,A,24,7
1427680688.98,1427680689.62,B,13,7
1427680689.02,1427680689.66,A,27,6
1427680689.02,1427680689.66,B,12,6
1427680689.06,1427680689.7,A,27,6
1427680689.06,1427680689.7,B,12,6
1427680689.1,1427680689.74,A,28,6
1427680689.1,1427680689.74,B,14,6
1427680689.14,1427680689.78,A,28,6
1427680689.14,1427680689.78,B,13,6
1427680689.18,1427680689.82,A,29,6
1427680689.18,1427680689.82,B,11,6
1427680689.22,1427680689.86,A,27,5
1427680689.22,1427680689.86,B,10,5
1427680689.26,1427680689.9,A,25,5
1427680689.26,1427680689.9,B,9,5
1427680689.3,1427680689.94,A,23,5
1427680689.3,1427680689.94,B,7,5
1427680689.34,1427680689.98,A,20,5
1427680689.34,1427680689.98,B,6,5
1427680689.38,1427680690.02,A,19,5
1427680689.38,1427680690.02,B,8,5
1427680689.42,1427680690.06,A,18,5
1427680689.42,1427680690.06,B,9,5
1427680689.46,1427680690.1,A,16,5
1427680689.46,1427680690.1,B,7,5
1427680689.5,1427680690.14,A,14,5
1427680689.5,1427680690.14,B,6,5
1427680689.54,1427680690.18,A,13,5
1427680689.54,1427680690.18,B,8,5
1427680689.58,1427680690.22,A,10,6
1427680689.58,1427680690.22,B,6,6
1427680689.62,1427680690.26,A,8,6
1427680689.62,1427680690.26,B,9,6
1427680689.66,1427680690.3,A,5,6
1427680689.66,1427680690.3,B,7,6
1427680689.7,1427680690.34,A,5,6
1427680689.7,1427680690.34,B,6,6
1427680689.74,1427680690.38,A,4,6
1427680689.74,1427680690.38,B,6,6
1427680689.78,1427680690.42,A,2,6
1427680689.78,1427680690.42,B,7,6
1427680689.82,1427680690.46,A,4,6
1427680689.82,1427680690.46,B,8,6
1427680689.86,1427680690.5,A,4,6
1427680689.86,1427680690.5,B,8,6
1427680689.9,1427680690.54,A,6,6
1427680689.9,1427680690.54,B,9,6
1427680689.94,1427680690.58,A,5,6
1427680689.94,1427680690.58,B,11,6
1427680689.98,1427680690.62,A,4,6
1427680689.98,1427680690.62,B,11,6
1427680690.02,1427680690.66,A,4,6
1427680690.02,1427680690.66,B,10,6
1427680690.06,1427680690.7,A,3,6
1427680690.06,1427680690.7,B,9,6
1427680690.1,1427680690.74,A,0,5
1427680690.1,1427680690.74,B,10,5
1427680690.14,1427680690.78,A,1,5
1427680690.14,1427680690.78,B,9,5
1427680690.18,1427680690.82,A,1,5
1427680690.18,1427680690.82,B,8,5
1427680690.22,1427680690.86,A,1,4
1427680690.22,1427680690.86,B,10,4
1427680690.26,1427680690.9,A,2,4
1427680690.26,1427680690.9,B,11,4
1427680690.3,1427680690.94,A,2,4
1427680690.3,1427680690.94,B,12,4
1427680690.34,1427680690.98,A,5,5
1427680690.34,1427680690.98,B,9,5
1427680690.38,1427680691.02,A,6,4
1427680690.38,1427680691.02,B,7,4
1427680690.42,1427680691.06,A,7,4
1427680690.42,1427680691.06,B,7,4
1427680690.46,1427680691.1,A,7,4
1427680690.46,1427680691.1,B,8,4
1427680690.5,1427680691.14,A,8,4
1427680690.5,1427680691.14,B,8,4
1427680690.54,1427680691.18,A,9,4
1427680690.54,1427680691.18,B,7,4
1427680690.58,1427680691.22,A,11,3
1427680690.58,1427680691.22,B,6,3
1427680690.62,1427680691.26,A,7,3
1427680690.62,1427680691.26,B,7,3
1427680690.66,1427680691.3,A,7,3
1427680690.66,1427680691.3,B,8,3
1427680690.7,1427680691.34,A,7,3
1427680690.7,1427680691.34,B,8,3
1427680690.74,1427680691.38,A,7,2
1427680690.74,1427680691.38,B,8,2
1427680690.78,1427680691.42,A,6,3
1427680690.78,1427680691.42,B,9,3
1427680690.82,1427680691.46,A,6,3
1427680690.82,1427680691.46,B,9,3
1427680690.86,1427680691.5,A,5,3
1427680690.86,1427680691.5,B,8,3
1427680690.9,1427680691.54,A,5,3
1427680690.9,1427680691.54,B,8,3
1427680690.94,1427680691.58,A,5,3
1427680690.94,1427680691.58,B,8,3
1427680690.98,1427680691.62,A,6,3
1427680690.98,1427680691.62,B,8,3
1427680691.02,1427680691.66,A,6,2
1427680691.02,1427680691.66,B,7,2
1427680691.06,1427680691.7,A,6,3
1427680691.06,1427680691.7,B,9,3
1427680691.1,1427680691.74,A,4,3
1427680691.1,1427680691.74,B,11,3
1427680691.14,1427680691.78,A,4,3
1427680691.14,1427680691.78,B,9,3
1427680691.18,1427680691.82,A,3,4
1427680691.18,1427680691.82,B,8,4
1427680691.22,1427680691.86,A,4,4
1427680691.22,1427680691.86,B,4,4
1427680691.26,1427680691.9,A,3,5
1427680691.26,1427680691.9,B,4,5
1427680691.3,1427680691.94,A,5,6
1427680691.3,1427680691.94,B,6,6
1427680691.34,1427680691.98,A,4,6
1427680691.34,1427680691.98,B,7,6
1427680691.38,1427680692.02,A,4,6
1427680691.38,1427680692.02,B,7,6
1427680691.42,1427680692.06,A,7,6
1427680691.42,1427680692.06,B,6,6
1427680691.46,1427680692.1,A,7,6
1427680691.46,1427680692.1,B,6,6
1427680691.5,1427680692.14,A,9,6
1427680691.5,1427680692.14,B,9,6
1427680691.54,1427680692.18,A,9,6
1427680691.54,1427680692.18,B,9,6
1427680691.58,1427680692.22,A,10,6
1427680691.58,1427680692.22,B,7,6
1427680691.62,1427680692.26,A,12,6
1427680691.62,1427680692.26,B,6,6
1427680691.66,1427680692.3,A,11,6
1427680691.66,1427680692.3,B,7,6
1427680691.7,1427680692.34,A,14,6
1427680691.7,1427680692.34,B,6,6
1427680691.74,1427680692.38,A,11,6
1427680691.74,1427680692.38,B,8,6
1427680691.78,1427680692.42,A,9,7
1427680691.78,1427680692.42,B,9,7
1427680691.82,1427680692.46,A,13,8
1427680691.82,1427680692.46,B,9,8
1427680691.86,1427680692.5,A,11,7
1427680691.86,1427680692.5,B,9,7
1427680691.9,1427680692.54,A,10,7
1427680691.9,1427680692.54,B,10,7
1427680691.94,1427680692.58,A,6,7
1427680691.94,1427680692.58,B,10,7
1427680691.98,1427680692.62,A,5,7
1427680691.98,1427680692.62,B,11,7
1427680692.02,1427680692.66,A,4,7
1427680692.02,1427680692.66,B,11,7
