#targetfile:$(projectRoot)/result/result/100cm/pocket/hasc-20150330-105636-mag-pca.csv-lowpass.csv
1427680604.37,1427680605.01,A,20,12
1427680604.41,1427680605.05,A,24,13
1427680604.41,1427680605.05,B,17,13
1427680604.45,1427680605.09,A,24,14
1427680604.45,1427680605.09,B,20,14
1427680604.49,1427680605.13,A,24,14
1427680604.49,1427680605.13,B,20,14
1427680604.53,1427680605.17,A,24,14
1427680604.53,1427680605.17,B,19,14
1427680604.57,1427680605.21,A,25,13
1427680604.57,1427680605.21,B,19,13
1427680604.61,1427680605.25,A,24,14
1427680604.61,1427680605.25,B,17,14
1427680604.65,1427680605.29,A,22,14
1427680604.65,1427680605.29,B,18,14
1427680604.69,1427680605.33,A,20,14
1427680604.69,1427680605.33,B,20,14
1427680604.73,1427680605.37,A,17,15
1427680604.73,1427680605.37,B,27,15
1427680604.77,1427680605.41,A,13,15
1427680604.77,1427680605.41,B,28,15
1427680604.81,1427680605.45,A,17,15
1427680604.81,1427680605.45,B,28,15
1427680604.85,1427680605.49,A,24,17
1427680604.85,1427680605.49,B,15,17
1427680604.89,1427680605.53,A,28,18
1427680604.89,1427680605.53,B,16,18
1427680604.93,1427680605.57,A,39,18
1427680604.93,1427680605.57,B,15,18
1427680604.97,1427680605.61,A,39,18
1427680604.97,1427680605.61,B,15,18
1427680605.01,1427680605.65,A,43,18
1427680605.01,1427680605.65,B,14,18
1427680605.05,1427680605.69,A,45,18
1427680605.05,1427680605.69,B,12,18
1427680605.09,1427680605.73,A,46,18
1427680605.09,1427680605.73,B,13,18
1427680605.13,1427680605.77,A,41,18
1427680605.13,1427680605.77,B,15,18
1427680605.17,1427680605.81,A,36,19
1427680605.17,1427680605.81,B,8,19
1427680605.21,1427680605.85,A,27,19
1427680605.21,1427680605.85,B,8,19
1427680605.25,1427680605.89,A,10,21
1427680605.25,1427680605.89,B,13,21
1427680605.29,1427680605.93,A,9,22
1427680605.29,1427680605.93,B,18,22
1427680605.33,1427680605.97,A,21,25
1427680605.33,1427680605.97,B,16,25
1427680605.37,1427680606.01,A,29,24
1427680605.37,1427680606.01,B,7,24
1427680605.41,1427680606.05,A,58,33
1427680605.41,1427680606.05,B,32,33
1427680605.45,1427680606.09,A,72,32
1427680605.45,1427680606.09,B,32,32
1427680605.49,1427680606.13,A,77,34
1427680605.49,1427680606.13,B,30,34
1427680605.53,1427680606.17,A,101,33
1427680605.53,1427680606.17,B,20,33
1427680605.57,1427680606.21,A,104,33
1427680605.57,1427680606.21,B,24,33
1427680605.61,1427680606.25,A,109,32
1427680605.61,1427680606.25,B,28,32
1427680605.65,1427680606.29,A,118,31
1427680605.65,1427680606.29,B,21,31
1427680605.69,1427680606.33,A,117,31
1427680605.69,1427680606.33,B,20,31
1427680605.73,1427680606.37,A,111,32
1427680605.73,1427680606.37,B,25,32
1427680605.77,1427680606.41,A,103,32
1427680605.77,1427680606.41,B,29,32
1427680605.81,1427680606.45,A,93,35
1427680605.81,1427680606.45,B,41,35
1427680605.85,1427680606.49,A,83,35
1427680605.85,1427680606.49,B,39,35
1427680605.89,1427680606.53,A,88,41
1427680605.89,1427680606.53,B,25,41
1427680605.93,1427680606.57,A,86,38
1427680605.93,1427680606.57,B,19,38
1427680605.97,1427680606.61,A,84,38
1427680605.97,1427680606.61,B,20,38
1427680606.01,1427680606.65,A,88,39
1427680606.01,1427680606.65,B,18,39
1427680606.05,1427680606.69,A,85,36
1427680606.05,1427680606.69,B,24,36
1427680606.09,1427680606.73,A,88,36
1427680606.09,1427680606.73,B,27,36
1427680606.13,1427680606.77,A,104,35
1427680606.13,1427680606.77,B,23,35
1427680606.17,1427680606.81,A,105,34
1427680606.17,1427680606.81,B,10,34
1427680606.21,1427680606.85,A,108,34
1427680606.21,1427680606.85,B,10,34
1427680606.25,1427680606.89,A,115,34
1427680606.25,1427680606.89,B,17,34
1427680606.29,1427680606.93,A,114,34
1427680606.29,1427680606.93,B,14,34
1427680606.33,1427680606.97,A,100,35
1427680606.33,1427680606.97,B,25,35
1427680606.37,1427680607.01,A,98,36
1427680606.37,1427680607.01,B,27,36
1427680606.41,1427680607.05,A,90,36
1427680606.41,1427680607.05,B,27,36
1427680606.45,1427680607.09,A,60,29
1427680606.45,1427680607.09,B,22,29
1427680606.49,1427680607.13,A,57,28
1427680606.49,1427680607.13,B,32,28
1427680606.53,1427680607.17,A,33,24
1427680606.53,1427680607.17,B,35,24
1427680606.57,1427680607.21,A,18,17
1427680606.57,1427680607.21,B,21,17
1427680606.61,1427680607.25,A,35,15
1427680606.61,1427680607.25,B,27,15
1427680606.65,1427680607.29,A,38,13
1427680606.65,1427680607.29,B,20,13
1427680606.69,1427680607.33,A,37,13
1427680606.69,1427680607.33,B,18,13
1427680606.73,1427680607.37,A,47,14
1427680606.73,1427680607.37,B,12,14
1427680606.77,1427680607.41,A,48,14
1427680606.77,1427680607.41,B,16,14
1427680606.81,1427680607.45,A,43,14
1427680606.81,1427680607.45,B,11,14
1427680606.85,1427680607.49,A,42,14
1427680606.85,1427680607.49,B,12,14
1427680606.89,1427680607.53,A,41,12
1427680606.89,1427680607.53,B,6,12
1427680606.93,1427680607.57,A,34,13
1427680606.93,1427680607.57,B,12,13
1427680606.97,1427680607.61,A,32,12
1427680606.97,1427680607.61,B,11,12
1427680607.01,1427680607.65,A,32,10
1427680607.01,1427680607.65,B,14,10
1427680607.05,1427680607.69,A,27,9
1427680607.05,1427680607.69,B,9,9
1427680607.09,1427680607.73,A,30,8
1427680607.09,1427680607.73,B,6,8
1427680607.13,1427680607.77,A,31,8
1427680607.13,1427680607.77,B,9,8
1427680607.17,1427680607.81,A,31,8
1427680607.17,1427680607.81,B,9,8
1427680607.21,1427680607.85,A,30,8
1427680607.21,1427680607.85,B,10,8
1427680607.25,1427680607.89,A,30,8
1427680607.25,1427680607.89,B,10,8
1427680607.29,1427680607.93,A,28,8
1427680607.29,1427680607.93,B,9,8
1427680607.33,1427680607.97,A,25,7
1427680607.33,1427680607.97,B,8,7
1427680607.37,1427680608.01,A,19,6
1427680607.37,1427680608.01,B,12,6
1427680607.41,1427680608.05,A,16,6
1427680607.41,1427680608.05,B,11,6
1427680607.45,1427680608.09,A,16,6
1427680607.45,1427680608.09,B,12,6
1427680607.49,1427680608.13,A,12,5
1427680607.49,1427680608.13,B,9,5
1427680607.53,1427680608.17,A,12,5
1427680607.53,1427680608.17,B,10,5
1427680607.57,1427680608.21,A,12,5
1427680607.57,1427680608.21,B,8,5
1427680607.61,1427680608.25,A,5,5
1427680607.61,1427680608.25,B,8,5
1427680607.65,1427680608.29,A,3,4
1427680607.65,1427680608.29,B,7,4
1427680607.69,1427680608.33,A,6,5
1427680607.69,1427680608.33,B,8,5
1427680607.73,1427680608.37,A,6,5
1427680607.73,1427680608.37,B,8,5
1427680607.77,1427680608.41,A,7,5
1427680607.77,1427680608.41,B,8,5
1427680607.81,1427680608.45,A,7,5
1427680607.81,1427680608.45,B,8,5
1427680607.85,1427680608.49,A,6,5
1427680607.85,1427680608.49,B,8,5
1427680607.89,1427680608.53,A,6,5
1427680607.89,1427680608.53,B,7,5
1427680607.93,1427680608.57,A,9,5
1427680607.93,1427680608.57,B,5,5
1427680607.97,1427680608.61,A,8,5
1427680607.97,1427680608.61,B,5,5
1427680608.01,1427680608.65,A,4,5
1427680608.01,1427680608.65,B,8,5
1427680608.05,1427680608.69,A,9,5
1427680608.05,1427680608.69,B,13,5
1427680608.09,1427680608.73,A,10,5
1427680608.09,1427680608.73,B,13,5
1427680608.13,1427680608.77,A,11,5
1427680608.13,1427680608.77,B,14,5
1427680608.17,1427680608.81,A,13,5
1427680608.17,1427680608.81,B,12,5
1427680608.21,1427680608.85,A,14,4
1427680608.21,1427680608.85,B,10,4
1427680608.25,1427680608.89,A,12,4
1427680608.25,1427680608.89,B,9,4
1427680608.29,1427680608.93,A,10,4
1427680608.29,1427680608.93,B,7,4
1427680608.33,1427680608.97,A,7,4
1427680608.33,1427680608.97,B,8,4
1427680608.37,1427680609.01,A,8,4
1427680608.37,1427680609.01,B,8,4
1427680608.41,1427680609.05,A,9,4
1427680608.41,1427680609.05,B,7,4
1427680608.45,1427680609.09,A,9,4
1427680608.45,1427680609.09,B,6,4
1427680608.49,1427680609.13,A,10,4
1427680608.49,1427680609.13,B,6,4
1427680608.53,1427680609.17,A,10,4
1427680608.53,1427680609.17,B,7,4
1427680608.57,1427680609.21,A,10,4
1427680608.57,1427680609.21,B,6,4
1427680608.61,1427680609.25,A,10,4
1427680608.61,1427680609.25,B,5,4
1427680608.65,1427680609.29,A,11,4
1427680608.65,1427680609.29,B,2,4
1427680608.69,1427680609.33,A,8,3
1427680608.69,1427680609.33,B,3,3
1427680608.73,1427680609.37,A,7,3
1427680608.73,1427680609.37,B,2,3
1427680608.77,1427680609.41,A,6,4
1427680608.77,1427680609.41,B,2,4
1427680608.81,1427680609.45,A,4,4
1427680608.81,1427680609.45,B,1,4
1427680608.85,1427680609.49,A,3,4
1427680608.85,1427680609.49,B,3,4
1427680608.89,1427680609.53,A,3,5
1427680608.89,1427680609.53,B,4,5
1427680608.93,1427680609.57,A,6,5
1427680608.93,1427680609.57,B,6,5
1427680608.97,1427680609.61,A,6,5
1427680608.97,1427680609.61,B,7,5
1427680609.01,1427680609.65,A,7,5
1427680609.01,1427680609.65,B,8,5
1427680609.05,1427680609.69,A,6,5
1427680609.05,1427680609.69,B,8,5
1427680609.09,1427680609.73,A,5,5
1427680609.09,1427680609.73,B,9,5
1427680609.13,1427680609.77,A,3,5
1427680609.13,1427680609.77,B,7,5
1427680609.17,1427680609.81,A,2,5
1427680609.17,1427680609.81,B,7,5
1427680609.21,1427680609.85,A,2,5
1427680609.21,1427680609.85,B,5,5
1427680609.25,1427680609.89,A,3,5
1427680609.25,1427680609.89,B,4,5
1427680609.29,1427680609.93,A,4,5
1427680609.29,1427680609.93,B,4,5
1427680609.33,1427680609.97,A,4,4
1427680609.33,1427680609.97,B,4,4
1427680609.37,1427680610.01,A,7,5
1427680609.37,1427680610.01,B,6,5
1427680609.41,1427680610.05,A,6,5
1427680609.41,1427680610.05,B,7,5
1427680609.45,1427680610.09,A,7,5
1427680609.45,1427680610.09,B,7,5
1427680609.49,1427680610.13,A,6,4
1427680609.49,1427680610.13,B,8,4
1427680609.53,1427680610.17,A,5,4
1427680609.53,1427680610.17,B,8,4
1427680609.57,1427680610.21,A,3,3
1427680609.57,1427680610.21,B,7,3
1427680609.61,1427680610.25,A,4,3
1427680609.61,1427680610.25,B,7,3
1427680609.65,1427680610.29,A,5,3
1427680609.65,1427680610.29,B,8,3
1427680609.69,1427680610.33,A,5,3
1427680609.69,1427680610.33,B,7,3
1427680609.73,1427680610.37,A,5,3
1427680609.73,1427680610.37,B,7,3
1427680609.77,1427680610.41,A,5,3
1427680609.77,1427680610.41,B,7,3
1427680609.81,1427680610.45,A,6,3
1427680609.81,1427680610.45,B,9,3
1427680609.85,1427680610.49,A,5,3
1427680609.85,1427680610.49,B,7,3
1427680609.89,1427680610.53,A,6,3
1427680609.89,1427680610.53,B,5,3
1427680609.93,1427680610.57,A,7,4
1427680609.93,1427680610.57,B,4,4
1427680609.97,1427680610.61,A,9,4
1427680609.97,1427680610.61,B,5,4
1427680610.01,1427680610.65,A,6,4
1427680610.01,1427680610.65,B,7,4
1427680610.05,1427680610.69,A,6,4
1427680610.05,1427680610.69,B,7,4
1427680610.09,1427680610.73,A,5,4
1427680610.09,1427680610.73,B,7,4
1427680610.13,1427680610.77,A,5,4
1427680610.13,1427680610.77,B,6,4
1427680610.17,1427680610.81,A,6,4
1427680610.17,1427680610.81,B,5,4
1427680610.21,1427680610.85,A,7,4
1427680610.21,1427680610.85,B,5,4
1427680610.25,1427680610.89,A,7,4
1427680610.25,1427680610.89,B,5,4
1427680610.29,1427680610.93,A,7,4
1427680610.29,1427680610.93,B,5,4
1427680610.33,1427680610.97,A,7,4
1427680610.33,1427680610.97,B,5,4
1427680610.37,1427680611.01,A,7,4
1427680610.37,1427680611.01,B,6,4
1427680610.41,1427680611.05,A,6,4
1427680610.41,1427680611.05,B,6,4
1427680610.45,1427680611.09,A,5,3
1427680610.45,1427680611.09,B,6,3
1427680610.49,1427680611.13,A,4,3
1427680610.49,1427680611.13,B,6,3
1427680610.53,1427680611.17,A,2,4
1427680610.53,1427680611.17,B,6,4
1427680610.57,1427680611.21,A,1,4
1427680610.57,1427680611.21,B,5,4
1427680610.61,1427680611.25,A,2,3
1427680610.61,1427680611.25,B,5,3
1427680610.65,1427680611.29,A,1,3
1427680610.65,1427680611.29,B,5,3
1427680610.69,1427680611.33,A,1,3
1427680610.69,1427680611.33,B,6,3
1427680610.73,1427680611.37,A,0,3
1427680610.73,1427680611.37,B,6,3
1427680610.77,1427680611.41,A,2,3
1427680610.77,1427680611.41,B,7,3
1427680610.81,1427680611.45,A,3,3
1427680610.81,1427680611.45,B,5,3
1427680610.85,1427680611.49,A,5,3
1427680610.85,1427680611.49,B,6,3
1427680610.89,1427680611.53,A,8,3
1427680610.89,1427680611.53,B,4,3
1427680610.93,1427680611.57,A,8,3
1427680610.93,1427680611.57,B,3,3
1427680610.97,1427680611.61,A,8,4
1427680610.97,1427680611.61,B,4,4
1427680611.01,1427680611.65,A,11,5
1427680611.01,1427680611.65,B,6,5
1427680611.05,1427680611.69,A,12,5
1427680611.05,1427680611.69,B,7,5
1427680611.09,1427680611.73,A,11,5
1427680611.09,1427680611.73,B,8,5
1427680611.13,1427680611.77,A,10,5
1427680611.13,1427680611.77,B,7,5
1427680611.17,1427680611.81,A,4,6
1427680611.17,1427680611.81,B,13,6
1427680611.21,1427680611.85,A,4,6
1427680611.21,1427680611.85,B,14,6
1427680611.25,1427680611.89,A,7,7
1427680611.25,1427680611.89,B,15,7
1427680611.29,1427680611.93,A,7,7
1427680611.29,1427680611.93,B,13,7
1427680611.33,1427680611.97,A,9,7
1427680611.33,1427680611.97,B,11,7
1427680611.37,1427680612.01,A,9,7
1427680611.37,1427680612.01,B,11,7
1427680611.41,1427680612.05,A,9,7
1427680611.41,1427680612.05,B,12,7
1427680611.45,1427680612.09,A,10,7
1427680611.45,1427680612.09,B,12,7
1427680611.49,1427680612.13,A,13,7
1427680611.49,1427680612.13,B,9,7
1427680611.53,1427680612.17,A,13,7
1427680611.53,1427680612.17,B,9,7
1427680611.57,1427680612.21,A,14,7
1427680611.57,1427680612.21,B,7,7
1427680611.61,1427680612.25,A,16,7
1427680611.61,1427680612.25,B,12,7
1427680611.65,1427680612.29,A,15,6
1427680611.65,1427680612.29,B,12,6
1427680611.69,1427680612.33,A,18,6
1427680611.69,1427680612.33,B,12,6
1427680611.73,1427680612.37,A,19,6
1427680611.73,1427680612.37,B,11,6
1427680611.77,1427680612.41,A,19,6
1427680611.77,1427680612.41,B,11,6
1427680611.81,1427680612.45,A,13,5
1427680611.81,1427680612.45,B,8,5
1427680611.85,1427680612.49,A,12,6
1427680611.85,1427680612.49,B,8,6
1427680611.89,1427680612.53,A,9,6
1427680611.89,1427680612.53,B,11,6
1427680611.93,1427680612.57,A,11,6
1427680611.93,1427680612.57,B,14,6
1427680611.97,1427680612.61,A,11,6
1427680611.97,1427680612.61,B,15,6
1427680612.01,1427680612.65,A,11,6
1427680612.01,1427680612.65,B,15,6
1427680612.05,1427680612.69,A,11,7
1427680612.05,1427680612.69,B,15,7
1427680612.09,1427680612.73,A,10,7
1427680612.09,1427680612.73,B,14,7
1427680612.13,1427680612.77,A,5,6
1427680612.13,1427680612.77,B,14,6
1427680612.17,1427680612.81,A,7,6
1427680612.17,1427680612.81,B,14,6
1427680612.21,1427680612.85,A,8,5
1427680612.21,1427680612.85,B,16,5
1427680612.25,1427680612.89,A,7,5
1427680612.25,1427680612.89,B,15,5
1427680612.29,1427680612.93,A,8,5
1427680612.29,1427680612.93,B,14,5
1427680612.33,1427680612.97,A,8,5
1427680612.33,1427680612.97,B,13,5
1427680612.37,1427680613.01,A,5,5
1427680612.37,1427680613.01,B,11,5
1427680612.41,1427680613.05,A,4,5
1427680612.41,1427680613.05,B,13,5
