#targetfile:$(projectRoot)/result/result/100cm/pocket/hasc-20150330-105508-mag-pca.csv-lowpass.csv
1427680585.67,1427680586.31,A,19,5
1427680585.71,1427680586.35,A,18,5
1427680585.75,1427680586.39,A,17,5
1427680585.79,1427680586.43,A,16,5
1427680585.83,1427680586.47,A,19,5
1427680585.87,1427680586.51,A,21,5
1427680585.91,1427680586.55,A,22,5
1427680585.95,1427680586.59,A,24,6
1427680585.99,1427680586.63,A,24,6
1427680586.03,1427680586.67,A,28,7
1427680586.07,1427680586.71,A,28,7
1427680586.11,1427680586.75,A,29,7
1427680586.15,1427680586.79,A,30,7
1427680586.19,1427680586.83,A,31,7
1427680586.23,1427680586.87,A,29,7
1427680586.27,1427680586.91,A,27,7
1427680586.31,1427680586.95,A,28,8
1427680586.35,1427680586.99,A,28,7
1427680586.39,1427680587.03,A,31,8
1427680586.43,1427680587.07,A,33,8
1427680586.47,1427680587.11,A,35,8
1427680586.51,1427680587.15,A,40,10
1427680586.55,1427680587.19,A,42,11
1427680586.59,1427680587.23,A,48,11
1427680586.63,1427680587.27,A,48,11
1427680586.67,1427680587.31,A,49,12
1427680586.71,1427680587.35,A,46,12
1427680586.75,1427680587.39,A,46,11
1427680586.79,1427680587.43,A,43,11
1427680586.83,1427680587.47,A,44,12
1427680586.87,1427680587.51,A,46,12
1427680586.91,1427680587.55,A,57,13
1427680586.95,1427680587.59,A,60,14
1427680586.99,1427680587.63,A,78,20
1427680586.99,1427680587.63,B,22,20
1427680587.03,1427680587.67,A,87,20
1427680587.03,1427680587.67,B,21,20
1427680587.07,1427680587.71,A,92,22
1427680587.07,1427680587.71,B,29,22
1427680587.11,1427680587.75,A,104,21
1427680587.11,1427680587.75,B,20,21
1427680587.15,1427680587.79,A,100,20
1427680587.15,1427680587.79,B,18,20
1427680587.19,1427680587.83,A,105,21
1427680587.19,1427680587.83,B,12,21
1427680587.23,1427680587.87,A,103,21
1427680587.23,1427680587.87,B,14,21
1427680587.27,1427680587.91,A,101,22
1427680587.27,1427680587.91,B,20,22
1427680587.31,1427680587.95,A,108,23
1427680587.31,1427680587.95,B,26,23
1427680587.35,1427680587.99,A,123,24
1427680587.35,1427680587.99,B,27,24
1427680587.39,1427680588.03,A,133,29
1427680587.39,1427680588.03,B,31,29
1427680587.43,1427680588.07,A,161,28
1427680587.43,1427680588.07,B,36,28
1427680587.47,1427680588.11,A,165,33
1427680587.47,1427680588.11,B,46,33
1427680587.51,1427680588.15,A,188,36
1427680587.51,1427680588.15,B,38,36
1427680587.55,1427680588.19,A,186,39
1427680587.55,1427680588.19,B,35,39
1427680587.59,1427680588.23,A,196,40
1427680587.59,1427680588.23,B,26,40
1427680587.63,1427680588.27,A,172,41
1427680587.63,1427680588.27,B,32,41
1427680587.67,1427680588.31,A,164,38
1427680587.67,1427680588.31,B,23,38
1427680587.71,1427680588.35,A,142,38
1427680587.71,1427680588.35,B,38,38
1427680587.75,1427680588.39,A,136,38
1427680587.75,1427680588.39,B,37,38
1427680587.79,1427680588.43,A,135,39
1427680587.79,1427680588.43,B,36,39
1427680587.83,1427680588.47,A,139,40
1427680587.83,1427680588.47,B,31,40
1427680587.87,1427680588.51,A,150,40
1427680587.87,1427680588.51,B,22,40
1427680587.91,1427680588.55,A,164,46
1427680587.91,1427680588.55,B,35,46
1427680587.95,1427680588.59,A,160,45
1427680587.95,1427680588.59,B,39,45
1427680587.99,1427680588.63,A,155,45
1427680587.99,1427680588.63,B,31,45
1427680588.03,1427680588.67,A,141,43
1427680588.03,1427680588.67,B,39,43
1427680588.07,1427680588.71,A,116,42
1427680588.07,1427680588.71,B,32,42
1427680588.11,1427680588.75,A,102,40
1427680588.11,1427680588.75,B,38,40
1427680588.15,1427680588.79,A,65,35
1427680588.15,1427680588.79,B,37,35
1427680588.19,1427680588.83,A,59,35
1427680588.19,1427680588.83,B,33,35
1427680588.23,1427680588.87,A,37,29
1427680588.23,1427680588.87,B,22,29
1427680588.27,1427680588.91,A,56,31
1427680588.27,1427680588.91,B,36,31
1427680588.31,1427680588.95,A,64,32
1427680588.31,1427680588.95,B,35,32
1427680588.35,1427680588.99,A,79,32
1427680588.35,1427680588.99,B,41,32
1427680588.39,1427680589.03,A,73,30
1427680588.39,1427680589.03,B,49,30
1427680588.43,1427680589.07,A,77,31
1427680588.43,1427680589.07,B,43,31
1427680588.47,1427680589.11,A,62,29
1427680588.47,1427680589.11,B,41,29
1427680588.51,1427680589.15,A,55,25
1427680588.51,1427680589.15,B,23,25
1427680588.55,1427680589.19,A,31,21
1427680588.55,1427680589.19,B,25,21
1427680588.59,1427680589.23,A,21,18
1427680588.59,1427680589.23,B,19,18
1427680588.63,1427680589.27,A,22,17
1427680588.63,1427680589.27,B,15,17
1427680588.67,1427680589.31,A,19,16
1427680588.67,1427680589.31,B,8,16
1427680588.71,1427680589.35,A,39,18
1427680588.71,1427680589.35,B,25,18
1427680588.75,1427680589.39,A,37,18
1427680588.75,1427680589.39,B,31,18
1427680588.79,1427680589.43,A,41,18
1427680588.79,1427680589.43,B,33,18
1427680588.83,1427680589.47,A,32,19
1427680588.83,1427680589.47,B,40,19
1427680588.87,1427680589.51,A,31,18
1427680588.87,1427680589.51,B,39,18
1427680588.91,1427680589.55,A,15,14
1427680588.91,1427680589.55,B,33,14
1427680588.95,1427680589.59,A,11,13
1427680588.95,1427680589.59,B,28,13
1427680588.99,1427680589.63,A,8,11
1427680588.99,1427680589.63,B,18,11
1427680589.03,1427680589.67,A,10,10
1427680589.03,1427680589.67,B,17,10
1427680589.07,1427680589.71,A,19,10
1427680589.07,1427680589.71,B,17,10
1427680589.11,1427680589.75,A,19,10
1427680589.11,1427680589.75,B,16,10
1427680589.15,1427680589.79,A,20,10
1427680589.15,1427680589.79,B,18,10
1427680589.19,1427680589.83,A,18,10
1427680589.19,1427680589.83,B,20,10
1427680589.23,1427680589.87,A,17,10
1427680589.23,1427680589.87,B,21,10
1427680589.27,1427680589.91,A,16,10
1427680589.27,1427680589.91,B,21,10
1427680589.31,1427680589.95,A,14,9
1427680589.31,1427680589.95,B,19,9
1427680589.35,1427680589.99,A,9,6
1427680589.35,1427680589.99,B,11,6
1427680589.39,1427680590.03,A,12,7
1427680589.39,1427680590.03,B,11,7
1427680589.43,1427680590.07,A,15,6
1427680589.43,1427680590.07,B,8,6
1427680589.47,1427680590.11,A,18,6
1427680589.47,1427680590.11,B,7,6
1427680589.51,1427680590.15,A,17,6
1427680589.51,1427680590.15,B,8,6
1427680589.55,1427680590.19,A,18,6
1427680589.55,1427680590.19,B,9,6
1427680589.59,1427680590.23,A,16,5
1427680589.59,1427680590.23,B,12,5
1427680589.63,1427680590.27,A,16,5
1427680589.63,1427680590.27,B,12,5
1427680589.67,1427680590.31,A,15,5
1427680589.67,1427680590.31,B,11,5
1427680589.71,1427680590.35,A,11,3
1427680589.71,1427680590.35,B,8,3
1427680589.75,1427680590.39,A,12,4
1427680589.75,1427680590.39,B,7,4
1427680589.79,1427680590.43,A,11,4
1427680589.79,1427680590.43,B,5,4
1427680589.83,1427680590.47,A,16,4
1427680589.83,1427680590.47,B,9,4
1427680589.87,1427680590.51,A,15,4
1427680589.87,1427680590.51,B,10,4
1427680589.91,1427680590.55,A,15,4
1427680589.91,1427680590.55,B,10,4
1427680589.95,1427680590.59,A,13,4
1427680589.95,1427680590.59,B,9,4
1427680589.99,1427680590.63,A,12,4
1427680589.99,1427680590.63,B,8,4
1427680590.03,1427680590.67,A,10,4
1427680590.03,1427680590.67,B,9,4
1427680590.07,1427680590.71,A,9,4
1427680590.07,1427680590.71,B,11,4
1427680590.11,1427680590.75,A,8,5
1427680590.11,1427680590.75,B,14,5
1427680590.15,1427680590.79,A,9,5
1427680590.15,1427680590.79,B,14,5
1427680590.19,1427680590.83,A,8,5
1427680590.19,1427680590.83,B,15,5
1427680590.23,1427680590.87,A,9,5
1427680590.23,1427680590.87,B,15,5
1427680590.27,1427680590.91,A,9,5
1427680590.27,1427680590.91,B,15,5
1427680590.31,1427680590.95,A,10,5
1427680590.31,1427680590.95,B,16,5
1427680590.35,1427680590.99,A,11,5
1427680590.35,1427680590.99,B,15,5
1427680590.39,1427680591.03,A,11,5
1427680590.39,1427680591.03,B,15,5
1427680590.43,1427680591.07,A,11,6
1427680590.43,1427680591.07,B,12,6
1427680590.47,1427680591.11,A,8,5
1427680590.47,1427680591.11,B,10,5
1427680590.51,1427680591.15,A,8,5
1427680590.51,1427680591.15,B,10,5
1427680590.55,1427680591.19,A,8,5
1427680590.55,1427680591.19,B,10,5
1427680590.59,1427680591.23,A,9,5
1427680590.59,1427680591.23,B,10,5
1427680590.63,1427680591.27,A,9,5
1427680590.63,1427680591.27,B,10,5
1427680590.67,1427680591.31,A,9,5
1427680590.67,1427680591.31,B,10,5
1427680590.71,1427680591.35,A,10,5
1427680590.71,1427680591.35,B,9,5
1427680590.75,1427680591.39,A,10,4
1427680590.75,1427680591.39,B,7,4
1427680590.79,1427680591.43,A,9,4
1427680590.79,1427680591.43,B,5,4
1427680590.83,1427680591.47,A,10,3
1427680590.83,1427680591.47,B,3,3
1427680590.87,1427680591.51,A,11,3
1427680590.87,1427680591.51,B,3,3
1427680590.91,1427680591.55,A,14,3
1427680590.91,1427680591.55,B,3,3
1427680590.95,1427680591.59,A,14,3
1427680590.95,1427680591.59,B,4,3
1427680590.99,1427680591.63,A,16,4
1427680590.99,1427680591.63,B,3,4
1427680591.03,1427680591.67,A,15,4
1427680591.03,1427680591.67,B,5,4
1427680591.07,1427680591.71,A,14,4
1427680591.07,1427680591.71,B,6,4
1427680591.11,1427680591.75,A,13,4
1427680591.11,1427680591.75,B,6,4
1427680591.15,1427680591.79,A,15,4
1427680591.15,1427680591.79,B,8,4
1427680591.19,1427680591.83,A,15,4
1427680591.19,1427680591.83,B,9,4
1427680591.23,1427680591.87,A,15,4
1427680591.23,1427680591.87,B,10,4
1427680591.27,1427680591.91,A,15,4
1427680591.27,1427680591.91,B,10,4
1427680591.31,1427680591.95,A,16,4
1427680591.31,1427680591.95,B,10,4
1427680591.35,1427680591.99,A,15,5
1427680591.35,1427680591.99,B,8,5
1427680591.39,1427680592.03,A,14,5
1427680591.39,1427680592.03,B,7,5
1427680591.43,1427680592.07,A,13,5
1427680591.43,1427680592.07,B,7,5
1427680591.47,1427680592.11,A,14,5
1427680591.47,1427680592.11,B,6,5
1427680591.51,1427680592.15,A,14,5
1427680591.51,1427680592.15,B,7,5
1427680591.55,1427680592.19,A,10,5
1427680591.55,1427680592.19,B,10,5
1427680591.59,1427680592.23,A,9,5
1427680591.59,1427680592.23,B,12,5
1427680591.63,1427680592.27,A,4,5
1427680591.63,1427680592.27,B,11,5
1427680591.67,1427680592.31,A,0,6
1427680591.67,1427680592.31,B,8,6
1427680591.71,1427680592.35,A,6,7
1427680591.71,1427680592.35,B,10,7
1427680591.75,1427680592.39,A,8,7
1427680591.75,1427680592.39,B,9,7
1427680591.79,1427680592.43,A,8,7
1427680591.79,1427680592.43,B,9,7
1427680591.83,1427680592.47,A,9,7
1427680591.83,1427680592.47,B,7,7
1427680591.87,1427680592.51,A,9,7
1427680591.87,1427680592.51,B,8,7
1427680591.91,1427680592.55,A,6,8
1427680591.91,1427680592.55,B,4,8
1427680591.95,1427680592.59,A,9,8
1427680591.95,1427680592.59,B,3,8
1427680591.99,1427680592.63,A,9,7
1427680591.99,1427680592.63,B,3,7
1427680592.03,1427680592.67,A,7,8
1427680592.03,1427680592.67,B,5,8
1427680592.07,1427680592.71,A,8,8
1427680592.07,1427680592.71,B,6,8
1427680592.11,1427680592.75,A,9,7
1427680592.11,1427680592.75,B,6,7
1427680592.15,1427680592.79,A,11,7
1427680592.15,1427680592.79,B,8,7
1427680592.19,1427680592.83,A,10,7
1427680592.19,1427680592.83,B,10,7
1427680592.23,1427680592.87,A,9,7
1427680592.23,1427680592.87,B,12,7
1427680592.27,1427680592.91,A,4,7
1427680592.27,1427680592.91,B,16,7
