#targetfile:$(projectRoot)/result/result/100cm/pocket/hasc-20150330-105656-mag-pca.csv-lowpass.csv
1427680623.52,1427680624.16,A,16,6
1427680623.56,1427680624.2,A,16,6
1427680623.6,1427680624.24,A,16,5
1427680623.64,1427680624.28,A,14,6
1427680623.68,1427680624.32,A,13,5
1427680623.72,1427680624.36,A,14,6
1427680623.76,1427680624.4,A,10,6
1427680623.8,1427680624.44,A,9,7
1427680623.84,1427680624.48,A,4,7
1427680623.88,1427680624.52,A,3,7
1427680623.92,1427680624.56,A,3,7
1427680623.96,1427680624.6,A,1,7
1427680624.0,1427680624.64,A,3,7
1427680624.04,1427680624.68,A,6,6
1427680624.08,1427680624.72,A,7,6
1427680624.12,1427680624.76,A,8,6
1427680624.16,1427680624.8,A,10,5
1427680624.2,1427680624.84,A,14,6
1427680624.24,1427680624.88,A,14,5
1427680624.28,1427680624.92,A,11,6
1427680624.32,1427680624.96,A,13,6
1427680624.36,1427680625.0,A,13,6
1427680624.4,1427680625.04,A,11,6
1427680624.44,1427680625.08,A,11,6
1427680624.48,1427680625.12,A,10,6
1427680624.52,1427680625.16,A,4,6
1427680624.56,1427680625.2,A,8,7
1427680624.6,1427680625.24,A,16,9
1427680624.64,1427680625.28,A,17,9
1427680624.68,1427680625.32,A,34,12
1427680624.72,1427680625.36,A,42,13
1427680624.76,1427680625.4,A,48,14
1427680624.8,1427680625.44,A,61,15
1427680624.84,1427680625.48,A,64,15
1427680624.88,1427680625.52,A,72,16
1427680624.92,1427680625.56,A,73,15
1427680624.96,1427680625.6,A,71,16
1427680625.0,1427680625.64,A,66,16
1427680625.04,1427680625.68,A,71,18
1427680625.04,1427680625.68,B,22,18
1427680625.08,1427680625.72,A,67,18
1427680625.08,1427680625.72,B,10,18
1427680625.12,1427680625.76,A,67,19
1427680625.12,1427680625.76,B,14,19
1427680625.16,1427680625.8,A,91,28
1427680625.16,1427680625.8,B,32,28
1427680625.2,1427680625.84,A,92,28
1427680625.2,1427680625.84,B,27,28
1427680625.24,1427680625.88,A,112,33
1427680625.24,1427680625.88,B,26,33
1427680625.28,1427680625.92,A,122,32
1427680625.28,1427680625.92,B,20,32
1427680625.32,1427680625.96,A,125,32
1427680625.32,1427680625.96,B,18,32
1427680625.36,1427680626.0,A,129,32
1427680625.36,1427680626.0,B,17,32
1427680625.4,1427680626.04,A,128,32
1427680625.4,1427680626.04,B,16,32
1427680625.44,1427680626.08,A,119,33
1427680625.44,1427680626.08,B,20,33
1427680625.48,1427680626.12,A,110,32
1427680625.48,1427680626.12,B,14,32
1427680625.52,1427680626.16,A,113,35
1427680625.52,1427680626.16,B,25,35
1427680625.56,1427680626.2,A,104,34
1427680625.56,1427680626.2,B,26,34
1427680625.6,1427680626.24,A,129,39
1427680625.6,1427680626.24,B,43,39
1427680625.64,1427680626.28,A,134,39
1427680625.64,1427680626.28,B,29,39
1427680625.68,1427680626.32,A,154,42
1427680625.68,1427680626.32,B,30,42
1427680625.72,1427680626.36,A,161,45
1427680625.72,1427680626.36,B,28,45
1427680625.76,1427680626.4,A,163,43
1427680625.76,1427680626.4,B,26,43
1427680625.8,1427680626.44,A,153,42
1427680625.8,1427680626.44,B,27,42
1427680625.84,1427680626.48,A,147,42
1427680625.84,1427680626.48,B,16,42
1427680625.88,1427680626.52,A,132,40
1427680625.88,1427680626.52,B,12,40
1427680625.92,1427680626.56,A,105,40
1427680625.92,1427680626.56,B,32,40
1427680625.96,1427680626.6,A,101,43
1427680625.96,1427680626.6,B,49,43
1427680626.0,1427680626.64,A,80,39
1427680626.0,1427680626.64,B,37,39
1427680626.04,1427680626.68,A,91,40
1427680626.04,1427680626.68,B,45,40
1427680626.08,1427680626.72,A,96,38
1427680626.08,1427680626.72,B,33,38
1427680626.12,1427680626.76,A,108,39
1427680626.12,1427680626.76,B,33,39
1427680626.16,1427680626.8,A,109,38
1427680626.16,1427680626.8,B,32,38
1427680626.2,1427680626.84,A,115,39
1427680626.2,1427680626.84,B,36,39
1427680626.24,1427680626.88,A,101,40
1427680626.24,1427680626.88,B,45,40
1427680626.28,1427680626.92,A,90,36
1427680626.28,1427680626.92,B,25,36
1427680626.32,1427680626.96,A,70,35
1427680626.32,1427680626.96,B,24,35
1427680626.36,1427680627.0,A,48,29
1427680626.36,1427680627.0,B,34,29
1427680626.4,1427680627.04,A,43,29
1427680626.4,1427680627.04,B,36,29
1427680626.44,1427680627.08,A,17,24
1427680626.44,1427680627.08,B,21,24
1427680626.48,1427680627.12,A,22,24
1427680626.48,1427680627.12,B,22,24
1427680626.52,1427680627.16,A,34,20
1427680626.52,1427680627.16,B,8,20
1427680626.56,1427680627.2,A,38,19
1427680626.56,1427680627.2,B,8,19
1427680626.6,1427680627.24,A,44,18
1427680626.6,1427680627.24,B,10,18
1427680626.64,1427680627.28,A,44,19
1427680626.64,1427680627.28,B,14,19
1427680626.68,1427680627.32,A,44,20
1427680626.68,1427680627.32,B,16,20
1427680626.72,1427680627.36,A,34,18
1427680626.72,1427680627.36,B,21,18
1427680626.76,1427680627.4,A,26,17
1427680626.76,1427680627.4,B,28,17
1427680626.8,1427680627.44,A,11,14
1427680626.8,1427680627.44,B,24,14
1427680626.84,1427680627.48,A,7,14
1427680626.84,1427680627.48,B,24,14
1427680626.88,1427680627.52,A,9,10
1427680626.88,1427680627.52,B,12,10
1427680626.92,1427680627.56,A,10,12
1427680626.92,1427680627.56,B,13,12
1427680626.96,1427680627.6,A,18,10
1427680626.96,1427680627.6,B,17,10
1427680627.0,1427680627.64,A,17,10
1427680627.0,1427680627.64,B,18,10
1427680627.04,1427680627.68,A,19,10
1427680627.04,1427680627.68,B,17,10
1427680627.08,1427680627.72,A,18,10
1427680627.08,1427680627.72,B,16,10
1427680627.12,1427680627.76,A,19,10
1427680627.12,1427680627.76,B,19,10
1427680627.16,1427680627.8,A,15,10
1427680627.16,1427680627.8,B,23,10
1427680627.2,1427680627.84,A,15,9
1427680627.2,1427680627.84,B,20,9
1427680627.24,1427680627.88,A,4,8
1427680627.24,1427680627.88,B,21,8
1427680627.28,1427680627.92,A,2,7
1427680627.28,1427680627.92,B,17,7
1427680627.32,1427680627.96,A,4,6
1427680627.32,1427680627.96,B,15,6
1427680627.36,1427680628.0,A,5,6
1427680627.36,1427680628.0,B,15,6
1427680627.4,1427680628.04,A,5,6
1427680627.4,1427680628.04,B,14,6
1427680627.44,1427680628.08,A,7,6
1427680627.44,1427680628.08,B,15,6
1427680627.48,1427680628.12,A,7,7
1427680627.48,1427680628.12,B,13,7
1427680627.52,1427680628.16,A,5,7
1427680627.52,1427680628.16,B,13,7
1427680627.56,1427680628.2,A,3,5
1427680627.56,1427680628.2,B,13,5
1427680627.6,1427680628.24,A,3,5
1427680627.6,1427680628.24,B,13,5
1427680627.64,1427680628.28,A,2,5
1427680627.64,1427680628.28,B,12,5
1427680627.68,1427680628.32,A,2,5
1427680627.68,1427680628.32,B,11,5
1427680627.72,1427680628.36,A,1,4
1427680627.72,1427680628.36,B,9,4
1427680627.76,1427680628.4,A,2,4
1427680627.76,1427680628.4,B,8,4
1427680627.8,1427680628.44,A,3,4
1427680627.8,1427680628.44,B,8,4
1427680627.84,1427680628.48,A,3,4
1427680627.84,1427680628.48,B,8,4
1427680627.88,1427680628.52,A,3,4
1427680627.88,1427680628.52,B,7,4
1427680627.92,1427680628.56,A,4,4
1427680627.92,1427680628.56,B,8,4
1427680627.96,1427680628.6,A,3,4
1427680627.96,1427680628.6,B,9,4
1427680628.0,1427680628.64,A,2,4
1427680628.0,1427680628.64,B,10,4
1427680628.04,1427680628.68,A,2,4
1427680628.04,1427680628.68,B,9,4
1427680628.08,1427680628.72,A,5,4
1427680628.08,1427680628.72,B,7,4
1427680628.12,1427680628.76,A,5,4
1427680628.12,1427680628.76,B,7,4
1427680628.16,1427680628.8,A,5,4
1427680628.16,1427680628.8,B,7,4
1427680628.2,1427680628.84,A,6,4
1427680628.2,1427680628.84,B,8,4
1427680628.24,1427680628.88,A,6,4
1427680628.24,1427680628.88,B,9,4
1427680628.28,1427680628.92,A,6,4
1427680628.28,1427680628.92,B,9,4
1427680628.32,1427680628.96,A,6,4
1427680628.32,1427680628.96,B,9,4
1427680628.36,1427680629.0,A,6,4
1427680628.36,1427680629.0,B,8,4
1427680628.4,1427680629.04,A,7,5
1427680628.4,1427680629.04,B,8,5
1427680628.44,1427680629.08,A,7,5
1427680628.44,1427680629.08,B,9,5
1427680628.48,1427680629.12,A,7,5
1427680628.48,1427680629.12,B,9,5
1427680628.52,1427680629.16,A,7,4
1427680628.52,1427680629.16,B,9,4
1427680628.56,1427680629.2,A,8,5
1427680628.56,1427680629.2,B,9,5
1427680628.6,1427680629.24,A,10,4
1427680628.6,1427680629.24,B,8,4
1427680628.64,1427680629.28,A,11,4
1427680628.64,1427680629.28,B,6,4
1427680628.68,1427680629.32,A,11,4
1427680628.68,1427680629.32,B,5,4
1427680628.72,1427680629.36,A,11,4
1427680628.72,1427680629.36,B,5,4
1427680628.76,1427680629.4,A,13,4
1427680628.76,1427680629.4,B,6,4
1427680628.8,1427680629.44,A,12,4
1427680628.8,1427680629.44,B,7,4
1427680628.84,1427680629.48,A,11,4
1427680628.84,1427680629.48,B,7,4
1427680628.88,1427680629.52,A,9,4
1427680628.88,1427680629.52,B,6,4
1427680628.92,1427680629.56,A,12,5
1427680628.92,1427680629.56,B,5,5
1427680628.96,1427680629.6,A,13,5
1427680628.96,1427680629.6,B,6,5
1427680629.0,1427680629.64,A,12,5
1427680629.0,1427680629.64,B,7,5
1427680629.04,1427680629.68,A,11,5
1427680629.04,1427680629.68,B,8,5
1427680629.08,1427680629.72,A,11,5
1427680629.08,1427680629.72,B,9,5
1427680629.12,1427680629.76,A,9,5
1427680629.12,1427680629.76,B,10,5
1427680629.16,1427680629.8,A,8,5
1427680629.16,1427680629.8,B,12,5
1427680629.2,1427680629.84,A,4,5
1427680629.2,1427680629.84,B,15,5
1427680629.24,1427680629.88,A,7,6
1427680629.24,1427680629.88,B,17,6
1427680629.28,1427680629.92,A,7,6
1427680629.28,1427680629.92,B,17,6
1427680629.32,1427680629.96,A,7,6
1427680629.32,1427680629.96,B,17,6
1427680629.36,1427680630.0,A,8,6
1427680629.36,1427680630.0,B,17,6
1427680629.4,1427680630.04,A,8,6
1427680629.4,1427680630.04,B,16,6
1427680629.44,1427680630.08,A,7,6
1427680629.44,1427680630.08,B,16,6
1427680629.48,1427680630.12,A,7,6
1427680629.48,1427680630.12,B,16,6
1427680629.52,1427680630.16,A,7,6
1427680629.52,1427680630.16,B,14,6
1427680629.56,1427680630.2,A,3,5
1427680629.56,1427680630.2,B,12,5
1427680629.6,1427680630.24,A,4,5
1427680629.6,1427680630.24,B,12,5
1427680629.64,1427680630.28,A,4,5
1427680629.64,1427680630.28,B,12,5
1427680629.68,1427680630.32,A,3,5
1427680629.68,1427680630.32,B,9,5
1427680629.72,1427680630.36,A,2,5
1427680629.72,1427680630.36,B,8,5
1427680629.76,1427680630.4,A,0,5
1427680629.76,1427680630.4,B,8,5
1427680629.8,1427680630.44,A,1,6
1427680629.8,1427680630.44,B,8,6
1427680629.84,1427680630.48,A,6,5
1427680629.84,1427680630.48,B,10,5
1427680629.88,1427680630.52,A,7,4
1427680629.88,1427680630.52,B,15,4
1427680629.92,1427680630.56,A,7,5
1427680629.92,1427680630.56,B,15,5
1427680629.96,1427680630.6,A,7,5
1427680629.96,1427680630.6,B,16,5
1427680630.0,1427680630.64,A,9,5
1427680630.0,1427680630.64,B,14,5
1427680630.04,1427680630.68,A,8,5
1427680630.04,1427680630.68,B,11,5
1427680630.08,1427680630.72,A,9,5
1427680630.08,1427680630.72,B,12,5
1427680630.12,1427680630.76,A,7,5
1427680630.12,1427680630.76,B,12,5
1427680630.16,1427680630.8,A,6,6
1427680630.16,1427680630.8,B,14,6
1427680630.2,1427680630.84,A,2,6
1427680630.2,1427680630.84,B,17,6
1427680630.24,1427680630.88,A,2,6
1427680630.24,1427680630.88,B,16,6
1427680630.28,1427680630.92,A,0,6
1427680630.28,1427680630.92,B,12,6
1427680630.32,1427680630.96,A,6,6
1427680630.32,1427680630.96,B,8,6
1427680630.36,1427680631.0,A,7,7
1427680630.36,1427680631.0,B,7,7
1427680630.4,1427680631.04,A,9,7
1427680630.4,1427680631.04,B,9,7
1427680630.44,1427680631.08,A,8,8
1427680630.44,1427680631.08,B,10,8
1427680630.48,1427680631.12,A,7,8
1427680630.48,1427680631.12,B,10,8
1427680630.52,1427680631.16,A,10,8
1427680630.52,1427680631.16,B,10,8
1427680630.56,1427680631.2,A,10,8
1427680630.56,1427680631.2,B,12,8
1427680630.6,1427680631.24,A,11,8
1427680630.6,1427680631.24,B,12,8
1427680630.64,1427680631.28,A,10,7
1427680630.64,1427680631.28,B,12,7
