#targetfile:$(projectRoot)/result/result/100cm/pocket/hasc-20150330-105732-mag-pca.csv-lowpass.csv
1427680661.27,1427680661.91,A,21,8
1427680661.31,1427680661.95,A,21,8
1427680661.35,1427680661.99,A,21,9
1427680661.39,1427680662.03,A,22,9
1427680661.43,1427680662.07,A,22,9
1427680661.47,1427680662.11,A,25,9
1427680661.51,1427680662.15,A,27,9
1427680661.55,1427680662.19,A,28,10
1427680661.59,1427680662.23,A,36,12
1427680661.63,1427680662.27,A,41,12
1427680661.67,1427680662.31,A,44,12
1427680661.71,1427680662.35,A,53,14
1427680661.75,1427680662.39,A,55,14
1427680661.79,1427680662.43,A,61,14
1427680661.83,1427680662.47,A,61,14
1427680661.87,1427680662.51,A,60,14
1427680661.91,1427680662.55,A,54,13
1427680661.95,1427680662.59,A,61,13
1427680661.99,1427680662.63,A,60,15
1427680662.03,1427680662.67,A,62,16
1427680662.07,1427680662.71,A,80,21
1427680662.07,1427680662.71,B,21,21
1427680662.11,1427680662.75,A,84,23
1427680662.11,1427680662.75,B,17,23
1427680662.15,1427680662.79,A,94,22
1427680662.15,1427680662.79,B,14,22
1427680662.19,1427680662.83,A,107,25
1427680662.19,1427680662.83,B,17,25
1427680662.23,1427680662.87,A,109,26
1427680662.23,1427680662.87,B,21,26
1427680662.27,1427680662.91,A,120,26
1427680662.27,1427680662.91,B,21,26
1427680662.31,1427680662.95,A,121,26
1427680662.31,1427680662.95,B,20,26
1427680662.35,1427680662.99,A,111,28
1427680662.35,1427680662.99,B,26,28
1427680662.39,1427680663.03,A,106,29
1427680662.39,1427680663.03,B,27,29
1427680662.43,1427680663.07,A,109,33
1427680662.43,1427680663.07,B,48,33
1427680662.47,1427680663.11,A,98,32
1427680662.47,1427680663.11,B,40,32
1427680662.51,1427680663.15,A,129,41
1427680662.51,1427680663.15,B,47,41
1427680662.55,1427680663.19,A,144,40
1427680662.55,1427680663.19,B,32,40
1427680662.59,1427680663.23,A,164,44
1427680662.59,1427680663.23,B,36,44
1427680662.63,1427680663.27,A,187,41
1427680662.63,1427680663.27,B,18,41
1427680662.67,1427680663.31,A,187,43
1427680662.67,1427680663.31,B,24,43
1427680662.71,1427680663.35,A,183,44
1427680662.71,1427680663.35,B,28,44
1427680662.75,1427680663.39,A,171,43
1427680662.75,1427680663.39,B,32,43
1427680662.79,1427680663.43,A,163,45
1427680662.79,1427680663.43,B,37,45
1427680662.83,1427680663.47,A,124,44
1427680662.83,1427680663.47,B,23,44
1427680662.87,1427680663.51,A,125,49
1427680662.87,1427680663.51,B,41,49
1427680662.91,1427680663.55,A,103,45
1427680662.91,1427680663.55,B,33,45
1427680662.95,1427680663.59,A,122,49
1427680662.95,1427680663.59,B,50,49
1427680662.99,1427680663.63,A,144,44
1427680662.99,1427680663.63,B,48,44
1427680663.03,1427680663.67,A,150,46
1427680663.03,1427680663.67,B,55,46
1427680663.07,1427680663.71,A,156,46
1427680663.07,1427680663.71,B,53,46
1427680663.11,1427680663.75,A,153,45
1427680663.11,1427680663.75,B,48,45
1427680663.15,1427680663.79,A,137,46
1427680663.15,1427680663.79,B,49,46
1427680663.19,1427680663.83,A,107,44
1427680663.19,1427680663.83,B,27,44
1427680663.23,1427680663.87,A,93,45
1427680663.23,1427680663.87,B,40,45
1427680663.27,1427680663.91,A,46,34
1427680663.27,1427680663.91,B,25,34
1427680663.31,1427680663.95,A,64,39
1427680663.31,1427680663.95,B,47,39
1427680663.35,1427680663.99,A,68,34
1427680663.35,1427680663.99,B,43,34
1427680663.39,1427680664.03,A,79,34
1427680663.39,1427680664.03,B,46,34
1427680663.43,1427680664.07,A,96,33
1427680663.43,1427680664.07,B,34,33
1427680663.47,1427680664.11,A,100,34
1427680663.47,1427680664.11,B,28,34
1427680663.51,1427680664.15,A,99,33
1427680663.51,1427680664.15,B,29,33
1427680663.55,1427680664.19,A,88,30
1427680663.55,1427680664.19,B,24,30
1427680663.59,1427680664.23,A,79,30
1427680663.59,1427680664.23,B,21,30
1427680663.63,1427680664.27,A,51,24
1427680663.63,1427680664.27,B,21,24
1427680663.67,1427680664.31,A,47,25
1427680663.67,1427680664.31,B,28,25
1427680663.71,1427680664.35,A,23,21
1427680663.71,1427680664.35,B,32,21
1427680663.75,1427680664.39,A,19,19
1427680663.75,1427680664.39,B,27,19
1427680663.79,1427680664.43,A,26,15
1427680663.79,1427680664.43,B,17,15
1427680663.83,1427680664.47,A,28,15
1427680663.83,1427680664.47,B,15,15
1427680663.87,1427680664.51,A,35,14
1427680663.87,1427680664.51,B,9,14
1427680663.91,1427680664.55,A,34,12
1427680663.91,1427680664.55,B,5,12
1427680663.95,1427680664.59,A,31,13
1427680663.95,1427680664.59,B,10,13
1427680663.99,1427680664.63,A,25,13
1427680663.99,1427680664.63,B,13,13
1427680664.03,1427680664.67,A,23,11
1427680664.03,1427680664.67,B,10,11
1427680664.07,1427680664.71,A,10,10
1427680664.07,1427680664.71,B,16,10
1427680664.11,1427680664.75,A,8,9
1427680664.11,1427680664.75,B,16,9
1427680664.15,1427680664.79,A,0,9
1427680664.15,1427680664.79,B,13,9
1427680664.19,1427680664.83,A,8,8
1427680664.19,1427680664.83,B,7,8
1427680664.23,1427680664.87,A,10,7
1427680664.23,1427680664.87,B,9,7
1427680664.27,1427680664.91,A,15,7
1427680664.27,1427680664.91,B,9,7
1427680664.31,1427680664.95,A,16,7
1427680664.31,1427680664.95,B,14,7
1427680664.35,1427680664.99,A,17,7
1427680664.35,1427680664.99,B,15,7
1427680664.39,1427680665.03,A,15,7
1427680664.39,1427680665.03,B,16,7
1427680664.43,1427680665.07,A,14,7
1427680664.43,1427680665.07,B,17,7
1427680664.47,1427680665.11,A,11,6
1427680664.47,1427680665.11,B,14,6
1427680664.51,1427680665.15,A,10,6
1427680664.51,1427680665.15,B,13,6
1427680664.55,1427680665.19,A,6,5
1427680664.55,1427680665.19,B,10,5
1427680664.59,1427680665.23,A,10,5
1427680664.59,1427680665.23,B,6,5
1427680664.63,1427680665.27,A,10,5
1427680664.63,1427680665.27,B,7,5
1427680664.67,1427680665.31,A,10,5
1427680664.67,1427680665.31,B,7,5
1427680664.71,1427680665.35,A,10,5
1427680664.71,1427680665.35,B,6,5
1427680664.75,1427680665.39,A,9,5
1427680664.75,1427680665.39,B,5,5
1427680664.79,1427680665.43,A,12,6
1427680664.79,1427680665.43,B,7,6
1427680664.83,1427680665.47,A,11,6
1427680664.83,1427680665.47,B,10,6
1427680664.87,1427680665.51,A,10,6
1427680664.87,1427680665.51,B,11,6
1427680664.91,1427680665.55,A,9,5
1427680664.91,1427680665.55,B,9,5
1427680664.95,1427680665.59,A,8,5
1427680664.95,1427680665.59,B,8,5
1427680664.99,1427680665.63,A,7,5
1427680664.99,1427680665.63,B,9,5
1427680665.03,1427680665.67,A,7,5
1427680665.03,1427680665.67,B,9,5
1427680665.07,1427680665.71,A,7,5
1427680665.07,1427680665.71,B,8,5
1427680665.11,1427680665.75,A,6,5
1427680665.11,1427680665.75,B,8,5
1427680665.15,1427680665.79,A,6,5
1427680665.15,1427680665.79,B,9,5
1427680665.19,1427680665.83,A,4,5
1427680665.19,1427680665.83,B,11,5
1427680665.23,1427680665.87,A,4,5
1427680665.23,1427680665.87,B,10,5
1427680665.27,1427680665.91,A,2,4
1427680665.27,1427680665.91,B,9,4
1427680665.31,1427680665.95,A,2,5
1427680665.31,1427680665.95,B,9,5
1427680665.35,1427680665.99,A,1,5
1427680665.35,1427680665.99,B,9,5
1427680665.39,1427680666.03,A,6,5
1427680665.39,1427680666.03,B,12,5
1427680665.43,1427680666.07,A,6,4
1427680665.43,1427680666.07,B,13,4
1427680665.47,1427680666.11,A,8,5
1427680665.47,1427680666.11,B,13,5
1427680665.51,1427680666.15,A,9,5
1427680665.51,1427680666.15,B,11,5
1427680665.55,1427680666.19,A,9,5
1427680665.55,1427680666.19,B,9,5
1427680665.59,1427680666.23,A,8,5
1427680665.59,1427680666.23,B,9,5
1427680665.63,1427680666.27,A,8,5
1427680665.63,1427680666.27,B,9,5
1427680665.67,1427680666.31,A,8,5
1427680665.67,1427680666.31,B,10,5
1427680665.71,1427680666.35,A,7,5
1427680665.71,1427680666.35,B,11,5
1427680665.75,1427680666.39,A,6,5
1427680665.75,1427680666.39,B,12,5
1427680665.79,1427680666.43,A,6,5
1427680665.79,1427680666.43,B,11,5
1427680665.83,1427680666.47,A,8,5
1427680665.83,1427680666.47,B,13,5
1427680665.87,1427680666.51,A,9,5
1427680665.87,1427680666.51,B,15,5
1427680665.91,1427680666.55,A,10,5
1427680665.91,1427680666.55,B,16,5
1427680665.95,1427680666.59,A,9,5
1427680665.95,1427680666.59,B,18,5
1427680665.99,1427680666.63,A,8,5
1427680665.99,1427680666.63,B,18,5
1427680666.03,1427680666.67,A,8,5
1427680666.03,1427680666.67,B,17,5
1427680666.07,1427680666.71,A,7,5
1427680666.07,1427680666.71,B,16,5
1427680666.11,1427680666.75,A,4,4
1427680666.11,1427680666.75,B,12,4
1427680666.15,1427680666.79,A,8,5
1427680666.15,1427680666.79,B,9,5
1427680666.19,1427680666.83,A,9,5
1427680666.19,1427680666.83,B,7,5
1427680666.23,1427680666.87,A,9,4
1427680666.23,1427680666.87,B,9,4
1427680666.27,1427680666.91,A,6,6
1427680666.27,1427680666.91,B,10,6
1427680666.31,1427680666.95,A,11,7
1427680666.31,1427680666.95,B,12,7
1427680666.35,1427680666.99,A,10,8
1427680666.35,1427680666.99,B,16,8
1427680666.39,1427680667.03,A,16,9
1427680666.39,1427680667.03,B,12,9
1427680666.43,1427680667.07,A,18,9
1427680666.43,1427680667.07,B,10,9
1427680666.47,1427680667.11,A,20,9
1427680666.47,1427680667.11,B,11,9
1427680666.51,1427680667.15,A,22,9
1427680666.51,1427680667.15,B,13,9
1427680666.55,1427680667.19,A,22,9
1427680666.55,1427680667.19,B,14,9
1427680666.59,1427680667.23,A,23,9
1427680666.59,1427680667.23,B,13,9
1427680666.63,1427680667.27,A,24,9
1427680666.63,1427680667.27,B,12,9
