#targetfile:$(projectRoot)/result/result/100cm/pocket/hasc-20150330-105714-mag-pca.csv-lowpass.csv
1427680640.81,1427680641.45,A,10,4
1427680640.85,1427680641.49,A,12,5
1427680640.89,1427680641.53,A,14,5
1427680640.89,1427680641.53,B,10,5
1427680640.93,1427680641.57,A,14,6
1427680640.93,1427680641.57,B,10,6
1427680640.97,1427680641.61,A,14,6
1427680640.97,1427680641.61,B,9,6
1427680641.01,1427680641.65,A,13,6
1427680641.01,1427680641.65,B,8,6
1427680641.05,1427680641.69,A,10,6
1427680641.05,1427680641.69,B,6,6
1427680641.09,1427680641.73,A,8,6
1427680641.09,1427680641.73,B,6,6
1427680641.13,1427680641.77,A,8,6
1427680641.13,1427680641.77,B,7,6
1427680641.17,1427680641.81,A,6,6
1427680641.17,1427680641.81,B,5,6
1427680641.21,1427680641.85,A,1,6
1427680641.21,1427680641.85,B,9,6
1427680641.25,1427680641.89,A,1,6
1427680641.25,1427680641.89,B,9,6
1427680641.29,1427680641.93,A,1,6
1427680641.29,1427680641.93,B,8,6
1427680641.33,1427680641.97,A,6,6
1427680641.33,1427680641.97,B,4,6
1427680641.37,1427680642.01,A,7,6
1427680641.37,1427680642.01,B,3,6
1427680641.41,1427680642.05,A,9,6
1427680641.41,1427680642.05,B,5,6
1427680641.45,1427680642.09,A,8,7
1427680641.45,1427680642.09,B,6,7
1427680641.49,1427680642.13,A,7,7
1427680641.49,1427680642.13,B,6,7
1427680641.53,1427680642.17,A,6,7
1427680641.53,1427680642.17,B,6,7
1427680641.57,1427680642.21,A,6,6
1427680641.57,1427680642.21,B,6,6
1427680641.61,1427680642.25,A,2,7
1427680641.61,1427680642.25,B,10,7
1427680641.65,1427680642.29,A,3,8
1427680641.65,1427680642.29,B,8,8
1427680641.69,1427680642.33,A,8,11
1427680641.69,1427680642.33,B,11,11
1427680641.73,1427680642.37,A,16,11
1427680641.73,1427680642.37,B,11,11
1427680641.77,1427680642.41,A,18,12
1427680641.77,1427680642.41,B,14,12
1427680641.81,1427680642.45,A,30,13
1427680641.81,1427680642.45,B,12,13
1427680641.85,1427680642.49,A,30,14
1427680641.85,1427680642.49,B,14,14
1427680641.89,1427680642.53,A,37,13
1427680641.89,1427680642.53,B,8,13
1427680641.93,1427680642.57,A,38,13
1427680641.93,1427680642.57,B,7,13
1427680641.97,1427680642.61,A,39,13
1427680641.97,1427680642.61,B,7,13
1427680642.01,1427680642.65,A,42,14
1427680642.01,1427680642.65,B,11,14
1427680642.05,1427680642.69,A,38,16
1427680642.05,1427680642.69,B,17,16
1427680642.09,1427680642.73,A,38,15
1427680642.09,1427680642.73,B,15,15
1427680642.13,1427680642.77,A,27,16
1427680642.13,1427680642.77,B,13,16
1427680642.17,1427680642.81,A,25,16
1427680642.17,1427680642.81,B,12,16
1427680642.21,1427680642.85,A,9,19
1427680642.21,1427680642.85,B,16,19
1427680642.25,1427680642.89,A,7,16
1427680642.25,1427680642.89,B,13,16
1427680642.29,1427680642.93,A,13,24
1427680642.29,1427680642.93,B,16,24
1427680642.33,1427680642.97,A,29,22
1427680642.33,1427680642.97,B,18,22
1427680642.37,1427680643.01,A,34,26
1427680642.37,1427680643.01,B,19,26
1427680642.41,1427680643.05,A,67,30
1427680642.41,1427680643.05,B,27,30
1427680642.45,1427680643.09,A,70,31
1427680642.45,1427680643.09,B,30,31
1427680642.49,1427680643.13,A,87,32
1427680642.49,1427680643.13,B,23,32
1427680642.53,1427680643.17,A,97,31
1427680642.53,1427680643.17,B,17,31
1427680642.57,1427680643.21,A,100,31
1427680642.57,1427680643.21,B,19,31
1427680642.61,1427680643.25,A,110,30
1427680642.61,1427680643.25,B,26,30
1427680642.65,1427680643.29,A,111,30
1427680642.65,1427680643.29,B,26,30
1427680642.69,1427680643.33,A,110,30
1427680642.69,1427680643.33,B,26,30
1427680642.73,1427680643.37,A,100,31
1427680642.73,1427680643.37,B,23,31
1427680642.77,1427680643.41,A,96,33
1427680642.77,1427680643.41,B,32,33
1427680642.81,1427680643.45,A,71,38
1427680642.81,1427680643.45,B,40,38
1427680642.85,1427680643.49,A,73,37
1427680642.85,1427680643.49,B,42,37
1427680642.89,1427680643.53,A,80,41
1427680642.89,1427680643.53,B,33,41
1427680642.93,1427680643.57,A,67,37
1427680642.93,1427680643.57,B,21,37
1427680642.97,1427680643.61,A,86,35
1427680642.97,1427680643.61,B,23,35
1427680643.01,1427680643.65,A,97,38
1427680643.01,1427680643.65,B,38,38
1427680643.05,1427680643.69,A,96,38
1427680643.05,1427680643.69,B,34,38
1427680643.09,1427680643.73,A,123,37
1427680643.09,1427680643.73,B,42,37
1427680643.13,1427680643.77,A,134,35
1427680643.13,1427680643.77,B,26,35
1427680643.17,1427680643.81,A,135,35
1427680643.17,1427680643.81,B,24,35
1427680643.21,1427680643.85,A,144,35
1427680643.21,1427680643.85,B,28,35
1427680643.25,1427680643.89,A,149,34
1427680643.25,1427680643.89,B,36,34
1427680643.29,1427680643.93,A,150,34
1427680643.29,1427680643.93,B,36,34
1427680643.33,1427680643.97,A,148,34
1427680643.33,1427680643.97,B,37,34
1427680643.37,1427680644.01,A,149,34
1427680643.37,1427680644.01,B,36,34
1427680643.41,1427680644.05,A,133,34
1427680643.41,1427680644.05,B,43,34
1427680643.45,1427680644.09,A,119,30
1427680643.45,1427680644.09,B,30,30
1427680643.49,1427680644.13,A,107,30
1427680643.49,1427680644.13,B,34,30
1427680643.53,1427680644.17,A,81,25
1427680643.53,1427680644.17,B,17,25
1427680643.57,1427680644.21,A,79,24
1427680643.57,1427680644.21,B,8,24
1427680643.61,1427680644.25,A,68,20
1427680643.61,1427680644.25,B,30,20
1427680643.65,1427680644.29,A,54,18
1427680643.65,1427680644.29,B,22,18
1427680643.69,1427680644.33,A,56,15
1427680643.69,1427680644.33,B,19,15
1427680643.73,1427680644.37,A,52,11
1427680643.73,1427680644.37,B,5,11
1427680643.77,1427680644.41,A,48,11
1427680643.77,1427680644.41,B,5,11
1427680643.81,1427680644.45,A,52,12
1427680643.81,1427680644.45,B,8,12
1427680643.85,1427680644.49,A,50,12
1427680643.85,1427680644.49,B,7,12
1427680643.89,1427680644.53,A,43,11
1427680643.89,1427680644.53,B,10,11
1427680643.93,1427680644.57,A,41,10
1427680643.93,1427680644.57,B,11,10
1427680643.97,1427680644.61,A,37,11
1427680643.97,1427680644.61,B,12,11
1427680644.01,1427680644.65,A,26,9
1427680644.01,1427680644.65,B,9,9
1427680644.05,1427680644.69,A,26,11
1427680644.05,1427680644.69,B,14,11
1427680644.09,1427680644.73,A,21,8
1427680644.09,1427680644.73,B,14,8
1427680644.13,1427680644.77,A,16,8
1427680644.13,1427680644.77,B,9,8
1427680644.17,1427680644.81,A,20,8
1427680644.17,1427680644.81,B,8,8
1427680644.21,1427680644.85,A,20,8
1427680644.21,1427680644.85,B,9,8
1427680644.25,1427680644.89,A,18,8
1427680644.25,1427680644.89,B,8,8
1427680644.29,1427680644.93,A,18,8
1427680644.29,1427680644.93,B,8,8
1427680644.33,1427680644.97,A,17,8
1427680644.33,1427680644.97,B,9,8
1427680644.37,1427680645.01,A,10,8
1427680644.37,1427680645.01,B,13,8
1427680644.41,1427680645.05,A,9,8
1427680644.41,1427680645.05,B,12,8
1427680644.45,1427680645.09,A,12,6
1427680644.45,1427680645.09,B,5,6
1427680644.49,1427680645.13,A,11,6
1427680644.49,1427680645.13,B,7,6
1427680644.53,1427680645.17,A,14,6
1427680644.53,1427680645.17,B,8,6
1427680644.57,1427680645.21,A,16,6
1427680644.57,1427680645.21,B,5,6
1427680644.61,1427680645.25,A,17,6
1427680644.61,1427680645.25,B,4,6
1427680644.65,1427680645.29,A,15,5
1427680644.65,1427680645.29,B,3,5
1427680644.69,1427680645.33,A,15,4
1427680644.69,1427680645.33,B,3,4
1427680644.73,1427680645.37,A,14,4
1427680644.73,1427680645.37,B,4,4
1427680644.77,1427680645.41,A,12,4
1427680644.77,1427680645.41,B,4,4
1427680644.81,1427680645.45,A,13,4
1427680644.81,1427680645.45,B,5,4
1427680644.85,1427680645.49,A,11,4
1427680644.85,1427680645.49,B,3,4
1427680644.89,1427680645.53,A,12,4
1427680644.89,1427680645.53,B,3,4
1427680644.93,1427680645.57,A,12,4
1427680644.93,1427680645.57,B,1,4
1427680644.97,1427680645.61,A,10,4
1427680644.97,1427680645.61,B,3,4
1427680645.01,1427680645.65,A,7,3
1427680645.01,1427680645.65,B,6,3
1427680645.05,1427680645.69,A,6,3
1427680645.05,1427680645.69,B,6,3
1427680645.09,1427680645.73,A,6,3
1427680645.09,1427680645.73,B,6,3
1427680645.13,1427680645.77,A,6,3
1427680645.13,1427680645.77,B,6,3
1427680645.17,1427680645.81,A,6,3
1427680645.17,1427680645.81,B,6,3
1427680645.21,1427680645.85,A,6,3
1427680645.21,1427680645.85,B,5,3
1427680645.25,1427680645.89,A,6,3
1427680645.25,1427680645.89,B,5,3
1427680645.29,1427680645.93,A,4,3
1427680645.29,1427680645.93,B,7,3
1427680645.33,1427680645.97,A,4,4
1427680645.33,1427680645.97,B,7,4
1427680645.37,1427680646.01,A,4,4
1427680645.37,1427680646.01,B,6,4
1427680645.41,1427680646.05,A,2,4
1427680645.41,1427680646.05,B,6,4
1427680645.45,1427680646.09,A,2,4
1427680645.45,1427680646.09,B,8,4
1427680645.49,1427680646.13,A,1,4
1427680645.49,1427680646.13,B,10,4
1427680645.53,1427680646.17,A,1,4
1427680645.53,1427680646.17,B,11,4
1427680645.57,1427680646.21,A,2,4
1427680645.57,1427680646.21,B,10,4
1427680645.61,1427680646.25,A,2,4
1427680645.61,1427680646.25,B,9,4
1427680645.65,1427680646.29,A,2,4
1427680645.65,1427680646.29,B,10,4
1427680645.69,1427680646.33,A,2,4
1427680645.69,1427680646.33,B,10,4
1427680645.73,1427680646.37,A,4,5
1427680645.73,1427680646.37,B,9,5
1427680645.77,1427680646.41,A,5,5
1427680645.77,1427680646.41,B,10,5
1427680645.81,1427680646.45,A,5,5
1427680645.81,1427680646.45,B,10,5
1427680645.85,1427680646.49,A,5,5
1427680645.85,1427680646.49,B,10,5
1427680645.89,1427680646.53,A,5,5
1427680645.89,1427680646.53,B,9,5
1427680645.93,1427680646.57,A,2,5
1427680645.93,1427680646.57,B,7,5
1427680645.97,1427680646.61,A,3,4
1427680645.97,1427680646.61,B,7,4
1427680646.01,1427680646.65,A,3,4
1427680646.01,1427680646.65,B,7,4
1427680646.05,1427680646.69,A,2,4
1427680646.05,1427680646.69,B,8,4
1427680646.09,1427680646.73,A,2,5
1427680646.09,1427680646.73,B,8,5
1427680646.13,1427680646.77,A,1,4
1427680646.13,1427680646.77,B,6,4
1427680646.17,1427680646.81,A,2,5
1427680646.17,1427680646.81,B,8,5
1427680646.21,1427680646.85,A,4,5
1427680646.21,1427680646.85,B,10,5
1427680646.25,1427680646.89,A,5,5
1427680646.25,1427680646.89,B,8,5
1427680646.29,1427680646.93,A,6,5
1427680646.29,1427680646.93,B,7,5
1427680646.33,1427680646.97,A,9,5
1427680646.33,1427680646.97,B,5,5
1427680646.37,1427680647.01,A,8,5
1427680646.37,1427680647.01,B,4,5
1427680646.41,1427680647.05,A,9,5
1427680646.41,1427680647.05,B,5,5
1427680646.45,1427680647.09,A,9,5
1427680646.45,1427680647.09,B,5,5
1427680646.49,1427680647.13,A,10,5
1427680646.49,1427680647.13,B,5,5
1427680646.53,1427680647.17,A,10,5
1427680646.53,1427680647.17,B,5,5
1427680646.57,1427680647.21,A,9,5
1427680646.57,1427680647.21,B,6,5
1427680646.61,1427680647.25,A,8,5
1427680646.61,1427680647.25,B,6,5
1427680646.65,1427680647.29,A,7,5
1427680646.65,1427680647.29,B,6,5
1427680646.69,1427680647.33,A,6,4
1427680646.69,1427680647.33,B,5,4
1427680646.73,1427680647.37,A,6,4
1427680646.73,1427680647.37,B,6,4
1427680646.77,1427680647.41,A,8,4
1427680646.77,1427680647.41,B,7,4
1427680646.81,1427680647.45,A,8,4
1427680646.81,1427680647.45,B,8,4
1427680646.85,1427680647.49,A,6,4
1427680646.85,1427680647.49,B,9,4
1427680646.89,1427680647.53,A,5,4
1427680646.89,1427680647.53,B,6,4
1427680646.93,1427680647.57,A,3,4
1427680646.93,1427680647.57,B,6,4
1427680646.97,1427680647.61,A,0,4
1427680646.97,1427680647.61,B,8,4
1427680647.01,1427680647.65,A,2,4
1427680647.01,1427680647.65,B,11,4
1427680647.05,1427680647.69,A,3,4
1427680647.05,1427680647.69,B,10,4
1427680647.09,1427680647.73,A,3,4
1427680647.09,1427680647.73,B,10,4
1427680647.13,1427680647.77,A,7,5
1427680647.13,1427680647.77,B,12,5
1427680647.17,1427680647.81,A,7,6
1427680647.17,1427680647.81,B,13,6
1427680647.21,1427680647.85,A,8,6
1427680647.21,1427680647.85,B,14,6
1427680647.25,1427680647.89,A,8,6
1427680647.25,1427680647.89,B,15,6
1427680647.29,1427680647.93,A,8,6
1427680647.29,1427680647.93,B,15,6
1427680647.33,1427680647.97,A,9,6
1427680647.33,1427680647.97,B,14,6
1427680647.37,1427680648.01,A,7,5
1427680647.37,1427680648.01,B,11,5
1427680647.41,1427680648.05,A,5,5
1427680647.41,1427680648.05,B,13,5
1427680647.45,1427680648.09,A,7,5
1427680647.45,1427680648.09,B,15,5
1427680647.49,1427680648.13,A,7,5
1427680647.49,1427680648.13,B,14,5
1427680647.53,1427680648.17,A,8,5
1427680647.53,1427680648.17,B,12,5
1427680647.57,1427680648.21,A,8,5
1427680647.57,1427680648.21,B,10,5
1427680647.61,1427680648.25,A,7,4
1427680647.61,1427680648.25,B,9,4
1427680647.65,1427680648.29,A,2,5
1427680647.65,1427680648.29,B,6,5
1427680647.69,1427680648.33,A,3,5
1427680647.69,1427680648.33,B,6,5
1427680647.73,1427680648.37,A,4,5
1427680647.73,1427680648.37,B,6,5
1427680647.77,1427680648.41,A,4,4
1427680647.77,1427680648.41,B,3,4
1427680647.81,1427680648.45,A,6,4
1427680647.81,1427680648.45,B,2,4
1427680647.85,1427680648.49,A,10,4
1427680647.85,1427680648.49,B,6,4
1427680647.89,1427680648.53,A,10,4
1427680647.89,1427680648.53,B,8,4
1427680647.93,1427680648.57,A,9,5
1427680647.93,1427680648.57,B,9,5
1427680647.97,1427680648.61,A,9,5
1427680647.97,1427680648.61,B,11,5
1427680648.01,1427680648.65,A,7,5
1427680648.01,1427680648.65,B,9,5
1427680648.05,1427680648.69,A,9,6
1427680648.05,1427680648.69,B,11,6
1427680648.09,1427680648.73,A,12,5
1427680648.09,1427680648.73,B,11,5
1427680648.13,1427680648.77,A,12,5
1427680648.13,1427680648.77,B,11,5
1427680648.17,1427680648.81,A,10,6
1427680648.17,1427680648.81,B,13,6
1427680648.21,1427680648.85,A,10,6
1427680648.21,1427680648.85,B,14,6
1427680648.25,1427680648.89,A,8,7
1427680648.25,1427680648.89,B,13,7
1427680648.29,1427680648.93,A,4,6
1427680648.29,1427680648.93,B,9,6
1427680648.33,1427680648.97,A,8,6
1427680648.33,1427680648.97,B,9,6
1427680648.37,1427680649.01,A,10,7
1427680648.37,1427680649.01,B,8,7
1427680648.41,1427680649.05,A,10,7
1427680648.41,1427680649.05,B,9,7
1427680648.45,1427680649.09,A,10,7
1427680648.45,1427680649.09,B,8,7
1427680648.49,1427680649.13,A,10,7
1427680648.49,1427680649.13,B,7,7
1427680648.53,1427680649.17,A,12,7
1427680648.53,1427680649.17,B,6,7
1427680648.57,1427680649.21,A,11,7
1427680648.57,1427680649.21,B,4,7
1427680648.61,1427680649.25,A,11,7
1427680648.61,1427680649.25,B,3,7
1427680648.65,1427680649.29,A,9,7
1427680648.65,1427680649.29,B,2,7
1427680648.69,1427680649.33,A,8,7
1427680648.69,1427680649.33,B,4,7
1427680648.73,1427680649.37,A,7,7
1427680648.73,1427680649.37,B,6,7
