#targetfile:$(projectRoot)/ddd2/hasc-20150427-165726-mag.csv
1430121447.715,1430121448.355,A,18,11
1430121447.715,1430121448.355,B,23,11
1430121447.755,1430121448.396,A,14,12
1430121447.755,1430121448.396,B,18,12
1430121447.796,1430121448.435,A,21,14
1430121447.796,1430121448.435,B,15,14
1430121447.835,1430121448.475,A,28,14
1430121447.835,1430121448.475,B,25,14
1430121447.876,1430121448.517,A,28,15
1430121447.876,1430121448.517,B,19,15
1430121447.915,1430121448.555,A,22,14
1430121447.915,1430121448.555,B,15,14
1430121447.955,1430121448.595,A,11,13
1430121447.955,1430121448.595,B,18,13
1430121447.995,1430121448.635,A,15,7
1430121447.995,1430121448.635,B,10,7
1430121448.036,1430121448.675,A,16,8
1430121448.036,1430121448.675,B,11,8
1430121448.075,1430121448.715,A,16,8
1430121448.075,1430121448.715,B,11,8
1430121448.115,1430121448.755,A,19,10
1430121448.115,1430121448.755,B,17,10
1430121448.155,1430121448.795,A,22,12
1430121448.155,1430121448.795,B,20,12
1430121448.195,1430121448.835,A,23,13
1430121448.195,1430121448.835,B,12,13
1430121448.235,1430121448.875,A,24,16
1430121448.235,1430121448.875,B,24,16
1430121448.275,1430121448.915,A,33,16
1430121448.275,1430121448.915,B,30,16
1430121448.315,1430121448.955,A,35,15
1430121448.315,1430121448.955,B,13,15
1430121448.355,1430121448.995,A,27,14
1430121448.355,1430121448.995,B,29,14
1430121448.396,1430121449.035,A,16,16
1430121448.396,1430121449.035,B,24,16
1430121448.435,1430121449.075,A,25,15
1430121448.435,1430121449.075,B,13,15
1430121448.475,1430121449.115,A,36,14
1430121448.475,1430121449.115,B,29,14
1430121448.517,1430121449.155,A,37,13
1430121448.517,1430121449.155,B,17,13
1430121448.555,1430121449.195,A,29,12
1430121448.555,1430121449.195,B,15,12
1430121448.595,1430121449.235,A,13,12
1430121448.595,1430121449.235,B,19,12
1430121448.635,1430121449.275,A,7,8
1430121448.635,1430121449.275,B,9,8
1430121448.675,1430121449.315,A,16,8
1430121448.675,1430121449.315,B,11,8
1430121448.715,1430121449.355,A,19,8
1430121448.715,1430121449.355,B,11,8
1430121448.755,1430121449.396,A,20,7
1430121448.755,1430121449.396,B,10,7
1430121448.795,1430121449.435,A,27,8
1430121448.795,1430121449.435,B,5,8
1430121448.835,1430121449.476,A,32,11
1430121448.835,1430121449.476,B,11,11
1430121448.875,1430121449.516,A,26,14
1430121448.875,1430121449.516,B,18,14
1430121448.915,1430121449.555,A,24,15
1430121448.915,1430121449.555,B,18,15
1430121448.955,1430121449.597,A,33,18
1430121448.955,1430121449.597,B,12,18
1430121448.995,1430121449.635,A,43,19
1430121448.995,1430121449.635,B,23,19
1430121449.035,1430121449.675,A,40,18
1430121449.035,1430121449.675,B,11,18
1430121449.075,1430121449.715,A,32,16
1430121449.075,1430121449.715,B,19,16
1430121449.115,1430121449.756,A,21,14
1430121449.115,1430121449.756,B,15,14
1430121449.155,1430121449.796,A,18,13
1430121449.155,1430121449.796,B,19,13
1430121449.195,1430121449.835,A,28,10
1430121449.195,1430121449.835,B,19,10
1430121449.235,1430121449.875,A,32,11
1430121449.235,1430121449.875,B,13,11
1430121449.275,1430121449.916,A,27,15
1430121449.275,1430121449.916,B,19,15
1430121449.315,1430121449.955,A,22,16
1430121449.315,1430121449.955,B,21,16
1430121449.355,1430121449.995,A,28,16
1430121449.355,1430121449.995,B,23,16
1430121449.396,1430121450.035,A,37,18
1430121449.396,1430121450.035,B,23,18
1430121449.435,1430121450.076,A,39,19
1430121449.435,1430121450.076,B,24,19
1430121449.476,1430121450.115,A,34,18
1430121449.476,1430121450.115,B,17,18
1430121449.516,1430121450.155,A,28,14
1430121449.516,1430121450.155,B,23,14
1430121449.555,1430121450.195,A,21,10
1430121449.555,1430121450.195,B,14,10
1430121449.597,1430121450.235,A,16,8
1430121449.597,1430121450.235,B,16,8
1430121449.635,1430121450.275,A,11,9
1430121449.635,1430121450.275,B,15,9
1430121449.675,1430121450.315,A,14,7
1430121449.675,1430121450.315,B,5,7
1430121449.715,1430121450.355,A,19,10
1430121449.715,1430121450.355,B,18,10
1430121449.756,1430121450.395,A,23,11
1430121449.756,1430121450.395,B,8,11
1430121449.796,1430121450.435,A,27,13
1430121449.796,1430121450.435,B,17,13
1430121449.835,1430121450.476,A,27,14
1430121449.835,1430121450.476,B,18,14
1430121449.875,1430121450.515,A,22,10
1430121449.875,1430121450.515,B,10,10
1430121449.916,1430121450.555,A,13,10
1430121449.916,1430121450.555,B,15,10
1430121449.955,1430121450.595,A,13,10
1430121449.955,1430121450.595,B,14,10
1430121449.995,1430121450.635,A,19,8
1430121449.995,1430121450.635,B,12,8
1430121450.035,1430121450.675,A,18,6
1430121450.035,1430121450.675,B,8,6
1430121450.076,1430121450.715,A,15,6
1430121450.076,1430121450.715,B,9,6
1430121450.115,1430121450.755,A,18,6
1430121450.115,1430121450.755,B,11,6
1430121450.155,1430121450.801,A,18,6
1430121450.155,1430121450.801,B,7,6
1430121450.195,1430121450.838,A,12,7
1430121450.195,1430121450.838,B,12,7
1430121450.235,1430121450.878,A,5,7
1430121450.235,1430121450.878,B,11,7
1430121450.275,1430121450.934,A,6,6
1430121450.275,1430121450.934,B,10,6
1430121450.315,1430121450.964,A,10,6
1430121450.315,1430121450.964,B,10,6
1430121450.355,1430121451.005,A,13,6
1430121450.355,1430121451.005,B,8,6
1430121450.395,1430121451.044,A,13,6
1430121450.395,1430121451.044,B,7,6
1430121450.435,1430121451.085,A,10,6
1430121450.435,1430121451.085,B,10,6
1430121450.476,1430121451.126,A,10,6
1430121450.476,1430121451.126,B,9,6
1430121450.515,1430121451.164,A,11,6
1430121450.515,1430121451.164,B,12,6
1430121450.555,1430121451.204,A,19,9
1430121450.555,1430121451.204,B,18,9
1430121450.595,1430121451.25,A,26,11
1430121450.595,1430121451.25,B,5,11
1430121450.635,1430121451.289,A,24,9
1430121450.635,1430121451.289,B,11,9
1430121450.675,1430121451.325,A,17,8
1430121450.675,1430121451.325,B,11,8
1430121450.715,1430121451.365,A,7,7
1430121450.715,1430121451.365,B,7,7
1430121450.755,1430121451.405,A,12,8
1430121450.755,1430121451.405,B,11,8
1430121450.801,1430121451.445,A,19,7
1430121450.801,1430121451.445,B,6,7
1430121450.838,1430121451.505,A,20,6
1430121450.838,1430121451.505,B,6,6
1430121450.878,1430121451.55,A,14,6
1430121450.878,1430121451.55,B,9,6
1430121450.934,1430121451.589,A,8,6
1430121450.934,1430121451.589,B,10,6
1430121450.964,1430121451.629,A,10,6
1430121450.964,1430121451.629,B,8,6
1430121451.005,1430121451.668,A,11,7
1430121451.005,1430121451.668,B,9,7
1430121451.044,1430121451.708,A,12,6
1430121451.044,1430121451.708,B,7,6
1430121451.085,1430121451.749,A,11,6
1430121451.085,1430121451.749,B,8,6
1430121451.126,1430121451.788,A,8,6
1430121451.126,1430121451.788,B,8,6
1430121451.164,1430121451.828,A,8,7
1430121451.164,1430121451.828,B,7,7
1430121451.204,1430121451.869,A,13,11
1430121451.204,1430121451.869,B,10,11
1430121451.25,1430121451.908,A,23,10
1430121451.25,1430121451.908,B,14,10
1430121451.289,1430121451.949,A,26,8
1430121451.289,1430121451.949,B,6,8
1430121451.325,1430121452.03,A,21,8
1430121451.325,1430121452.03,B,11,8
1430121451.365,1430121452.07,A,10,7
1430121451.365,1430121452.07,B,7,7
1430121451.405,1430121452.111,A,6,5
1430121451.405,1430121452.111,B,11,5
1430121451.445,1430121452.15,A,18,6
1430121451.445,1430121452.15,B,7,6
1430121451.505,1430121452.19,A,22,6
1430121451.505,1430121452.19,B,6,6
1430121451.55,1430121452.23,A,18,10
1430121451.55,1430121452.23,B,11,10
1430121451.589,1430121452.27,A,11,9
1430121451.589,1430121452.27,B,16,9
1430121451.629,1430121452.311,A,3,9
1430121451.629,1430121452.311,B,9,9
1430121451.668,1430121452.351,A,12,8
1430121451.668,1430121452.351,B,17,8
1430121451.708,1430121452.394,A,16,10
1430121451.708,1430121452.394,B,13,10
1430121451.749,1430121452.43,A,16,9
1430121451.749,1430121452.43,B,12,9
1430121451.788,1430121452.47,A,12,7
1430121451.788,1430121452.47,B,14,7
1430121451.828,1430121452.512,A,7,7
1430121451.828,1430121452.512,B,12,7
1430121451.869,1430121452.551,A,7,6
1430121451.869,1430121452.551,B,15,6
1430121451.908,1430121452.59,A,6,6
1430121451.908,1430121452.59,B,14,6
1430121451.949,1430121452.632,A,4,6
1430121451.949,1430121452.632,B,14,6
1430121452.03,1430121452.67,A,4,6
1430121452.03,1430121452.67,B,15,6
1430121452.07,1430121452.71,A,0,6
1430121452.07,1430121452.71,B,17,6
1430121452.111,1430121452.751,A,3,6
1430121452.111,1430121452.751,B,15,6
1430121452.15,1430121452.791,A,2,6
1430121452.15,1430121452.791,B,15,6
1430121452.19,1430121452.83,A,3,4
1430121452.19,1430121452.83,B,10,4
1430121452.23,1430121452.871,A,5,4
1430121452.23,1430121452.871,B,9,4
1430121452.27,1430121452.91,A,3,4
1430121452.27,1430121452.91,B,7,4
1430121452.311,1430121452.952,A,3,4
1430121452.311,1430121452.952,B,7,4
1430121452.351,1430121453.027,A,5,5
1430121452.351,1430121453.027,B,9,5
1430121452.394,1430121453.058,A,9,5
1430121452.394,1430121453.058,B,11,5
1430121452.43,1430121453.097,A,9,5
1430121452.43,1430121453.097,B,9,5
1430121452.47,1430121453.137,A,11,5
1430121452.47,1430121453.137,B,9,5
1430121452.512,1430121453.179,A,11,5
1430121452.512,1430121453.179,B,9,5
1430121452.551,1430121453.219,A,12,5
1430121452.551,1430121453.219,B,10,5
1430121452.59,1430121453.264,A,17,5
1430121452.59,1430121453.264,B,8,5
1430121452.632,1430121453.299,A,18,5
1430121452.632,1430121453.299,B,7,5
1430121452.67,1430121453.346,A,13,7
1430121452.67,1430121453.346,B,11,7
1430121452.71,1430121453.385,A,9,6
1430121452.71,1430121453.385,B,14,6
1430121452.751,1430121453.425,A,11,7
1430121452.751,1430121453.425,B,11,7
1430121452.791,1430121453.472,A,15,7
1430121452.791,1430121453.472,B,14,7
1430121452.83,1430121453.502,A,17,6
1430121452.83,1430121453.502,B,12,6
1430121452.871,1430121453.543,A,14,6
1430121452.871,1430121453.543,B,11,6
1430121452.91,1430121453.582,A,9,6
1430121452.91,1430121453.582,B,14,6
1430121452.952,1430121453.622,A,6,5
1430121452.952,1430121453.622,B,10,5
1430121453.027,1430121453.662,A,12,6
1430121453.027,1430121453.662,B,12,6
1430121453.058,1430121453.702,A,15,6
1430121453.058,1430121453.702,B,13,6
1430121453.097,1430121453.742,A,13,7
1430121453.097,1430121453.742,B,10,7
1430121453.137,1430121453.782,A,8,9
1430121453.137,1430121453.782,B,20,9
1430121453.179,1430121453.822,A,14,10
1430121453.179,1430121453.822,B,13,10
1430121453.219,1430121453.862,A,22,9
1430121453.219,1430121453.862,B,10,9
1430121453.264,1430121453.903,A,21,9
1430121453.264,1430121453.903,B,15,9
1430121453.299,1430121453.949,A,12,6
1430121453.299,1430121453.949,B,2,6
1430121453.346,1430121454.018,A,4,6
1430121453.346,1430121454.018,B,10,6
1430121453.385,1430121454.056,A,1,5
1430121453.385,1430121454.056,B,9,5
1430121453.425,1430121454.096,A,3,5
1430121453.425,1430121454.096,B,9,5
1430121453.472,1430121454.137,A,9,6
1430121453.472,1430121454.137,B,3,6
1430121453.502,1430121454.175,A,11,6
1430121453.502,1430121454.175,B,7,6
1430121453.543,1430121454.216,A,10,7
1430121453.543,1430121454.216,B,9,7
1430121453.582,1430121454.261,A,8,6
1430121453.582,1430121454.261,B,4,6
1430121453.622,1430121454.299,A,8,6
1430121453.622,1430121454.299,B,9,6
1430121453.662,1430121454.339,A,7,5
1430121453.662,1430121454.339,B,5,5
1430121453.702,1430121454.375,A,6,6
1430121453.702,1430121454.375,B,7,6
1430121453.742,1430121454.423,A,10,7
1430121453.742,1430121454.423,B,11,7
1430121453.782,1430121454.464,A,19,10
1430121453.782,1430121454.464,B,8,10
1430121453.822,1430121454.506,A,24,11
1430121453.822,1430121454.506,B,12,11
1430121453.862,1430121454.545,A,24,12
1430121453.862,1430121454.545,B,11,12
1430121453.903,1430121454.583,A,19,11
1430121453.903,1430121454.583,B,8,11
1430121453.949,1430121454.615,A,10,11
1430121453.949,1430121454.615,B,11,11
1430121454.018,1430121454.664,A,7,8
1430121454.018,1430121454.664,B,6,8
1430121454.056,1430121454.701,A,6,6
1430121454.056,1430121454.701,B,2,6
1430121454.096,1430121454.755,A,11,7
1430121454.096,1430121454.755,B,4,7
1430121454.137,1430121454.786,A,21,10
1430121454.137,1430121454.786,B,11,10
1430121454.175,1430121454.826,A,27,11
1430121454.175,1430121454.826,B,4,11
1430121454.216,1430121454.866,A,25,11
1430121454.216,1430121454.866,B,13,11
1430121454.261,1430121454.906,A,17,11
1430121454.261,1430121454.906,B,14,11
1430121454.299,1430121454.946,A,13,9
1430121454.299,1430121454.946,B,11,9
1430121454.339,1430121454.987,A,14,8
1430121454.339,1430121454.987,B,8,8
1430121454.375,1430121455.027,A,11,7
1430121454.375,1430121455.027,B,11,7
1430121454.423,1430121455.066,A,10,7
1430121454.423,1430121455.066,B,10,7
1430121454.464,1430121455.107,A,12,6
1430121454.464,1430121455.107,B,7,6
1430121454.506,1430121455.146,A,13,7
1430121454.506,1430121455.146,B,11,7
1430121454.545,1430121455.19,A,11,7
1430121454.545,1430121455.19,B,7,7
1430121454.583,1430121455.23,A,8,6
1430121454.583,1430121455.23,B,10,6
1430121454.615,1430121455.284,A,5,4
1430121454.615,1430121455.284,B,5,4
1430121454.664,1430121455.324,A,7,7
1430121454.664,1430121455.324,B,9,7
1430121454.701,1430121455.364,A,9,5
1430121454.701,1430121455.364,B,4,5
1430121454.755,1430121455.404,A,8,4
1430121454.755,1430121455.404,B,5,4
1430121454.786,1430121455.444,A,10,5
1430121454.786,1430121455.444,B,7,5
1430121454.826,1430121455.485,A,15,6
1430121454.826,1430121455.485,B,10,6
1430121454.866,1430121455.527,A,16,6
1430121454.866,1430121455.527,B,6,6
1430121454.906,1430121455.564,A,11,6
1430121454.906,1430121455.564,B,11,6
1430121454.946,1430121455.604,A,6,5
1430121454.946,1430121455.604,B,11,5
1430121454.987,1430121455.644,A,7,7
1430121454.987,1430121455.644,B,16,7
1430121455.027,1430121455.686,A,7,7
1430121455.027,1430121455.686,B,14,7
1430121455.066,1430121455.725,A,4,7
1430121455.066,1430121455.725,B,15,7
1430121455.107,1430121455.764,A,5,7
1430121455.107,1430121455.764,B,20,7
1430121455.146,1430121455.813,A,14,9
1430121455.146,1430121455.813,B,12,9
1430121455.19,1430121455.845,A,19,9
1430121455.19,1430121455.845,B,19,9
1430121455.23,1430121455.885,A,19,7
1430121455.23,1430121455.885,B,20,7
1430121455.284,1430121455.924,A,13,5
1430121455.284,1430121455.924,B,14,5
1430121455.324,1430121455.965,A,12,5
1430121455.324,1430121455.965,B,15,5
1430121455.364,1430121456.029,A,12,6
1430121455.364,1430121456.029,B,13,6
1430121455.404,1430121456.059,A,16,6
1430121455.404,1430121456.059,B,11,6
1430121455.444,1430121456.1,A,18,6
1430121455.444,1430121456.1,B,14,6
1430121455.485,1430121456.139,A,15,7
1430121455.485,1430121456.139,B,6,7
1430121455.527,1430121456.179,A,9,8
1430121455.527,1430121456.179,B,8,8
1430121455.564,1430121456.22,A,2,7
1430121455.564,1430121456.22,B,12,7
1430121455.604,1430121456.261,A,8,6
1430121455.604,1430121456.261,B,7,6
1430121455.644,1430121456.303,A,10,6
1430121455.644,1430121456.303,B,8,6
1430121455.686,1430121456.339,A,9,6
1430121455.686,1430121456.339,B,7,6
1430121455.725,1430121456.381,A,4,6
1430121455.725,1430121456.381,B,13,6
1430121455.764,1430121456.422,A,5,6
1430121455.764,1430121456.422,B,8,6
1430121455.813,1430121456.467,A,5,6
1430121455.813,1430121456.467,B,8,6
1430121455.845,1430121456.527,A,4,6
1430121455.845,1430121456.527,B,8,6
1430121455.885,1430121456.554,A,4,7
1430121455.885,1430121456.554,B,10,7
1430121455.924,1430121456.59,A,25,12
1430121455.924,1430121456.59,B,18,12
1430121455.965,1430121456.629,A,42,12
1430121455.965,1430121456.629,B,17,12
1430121456.029,1430121456.67,A,43,15
1430121456.029,1430121456.67,B,20,15
1430121456.059,1430121456.709,A,31,18
1430121456.059,1430121456.709,B,26,18
1430121456.1,1430121456.749,A,17,14
1430121456.1,1430121456.749,B,19,14
1430121456.139,1430121456.789,A,9,12
1430121456.139,1430121456.789,B,14,12
1430121456.179,1430121456.83,A,7,14
1430121456.179,1430121456.83,B,21,14
1430121456.22,1430121456.87,A,47,26
1430121456.22,1430121456.87,B,29,26
1430121456.261,1430121456.91,A,105,41
1430121456.261,1430121456.91,B,47,41
1430121456.303,1430121456.949,A,120,34
1430121456.303,1430121456.949,B,33,34
1430121456.339,1430121456.99,A,120,35
1430121456.339,1430121456.99,B,25,35
1430121456.381,1430121457.068,A,142,38
1430121456.381,1430121457.068,B,15,38
1430121456.422,1430121457.108,A,145,60
1430121456.422,1430121457.108,B,60,60
1430121456.467,1430121457.148,A,194,53
1430121456.467,1430121457.148,B,40,53
1430121456.527,1430121457.188,A,200,52
1430121456.527,1430121457.188,B,39,52
1430121456.554,1430121457.228,A,197,52
1430121456.554,1430121457.228,B,42,52
1430121456.59,1430121457.27,A,182,53
1430121456.59,1430121457.27,B,35,53
1430121456.629,1430121457.308,A,182,57
1430121456.629,1430121457.308,B,62,57
1430121456.67,1430121457.348,A,195,58
1430121456.67,1430121457.348,B,56,58
1430121456.709,1430121457.389,A,187,58
1430121456.709,1430121457.389,B,68,58
1430121456.749,1430121457.43,A,165,60
1430121456.749,1430121457.43,B,97,60
1430121456.789,1430121457.47,A,110,56
1430121456.789,1430121457.47,B,95,56
1430121456.83,1430121457.527,A,101,54
1430121456.83,1430121457.527,B,77,54
1430121456.87,1430121457.567,A,96,52
1430121456.87,1430121457.567,B,75,52
1430121456.91,1430121457.597,A,80,49
1430121456.91,1430121457.597,B,85,49
1430121456.949,1430121457.637,A,76,49
1430121456.949,1430121457.637,B,91,49
1430121456.99,1430121457.68,A,32,49
1430121456.99,1430121457.68,B,109,49
1430121457.068,1430121457.719,A,62,40
1430121457.068,1430121457.719,B,47,40
1430121457.108,1430121457.759,A,66,40
1430121457.108,1430121457.759,B,47,40
1430121457.148,1430121457.801,A,61,43
1430121457.148,1430121457.801,B,43,43
1430121457.188,1430121457.843,A,24,39
1430121457.188,1430121457.843,B,23,39
1430121457.228,1430121457.887,A,37,36
1430121457.228,1430121457.887,B,66,36
1430121457.27,1430121457.925,A,58,33
1430121457.27,1430121457.925,B,42,33
1430121457.308,1430121457.967,A,58,32
1430121457.308,1430121457.967,B,40,32
1430121457.348,1430121458.014,A,31,32
1430121457.348,1430121458.014,B,51,32
1430121457.389,1430121458.064,A,36,24
1430121457.389,1430121458.064,B,21,24
1430121457.43,1430121458.101,A,37,23
1430121457.43,1430121458.101,B,14,23
1430121457.47,1430121458.131,A,40,18
1430121457.47,1430121458.131,B,11,18
1430121457.527,1430121458.172,A,26,17
1430121457.527,1430121458.172,B,23,17
1430121457.567,1430121458.211,A,25,16
1430121457.567,1430121458.211,B,19,16
1430121457.597,1430121458.251,A,15,11
1430121457.597,1430121458.251,B,21,11
1430121457.637,1430121458.292,A,17,8
1430121457.637,1430121458.292,B,16,8
1430121457.68,1430121458.331,A,23,9
1430121457.68,1430121458.331,B,14,9
1430121457.719,1430121458.371,A,28,13
1430121457.719,1430121458.371,B,24,13
1430121457.759,1430121458.411,A,35,20
1430121457.759,1430121458.411,B,27,20
1430121457.801,1430121458.452,A,43,17
1430121457.801,1430121458.452,B,21,17
1430121457.843,1430121458.495,A,39,19
1430121457.843,1430121458.495,B,17,19
1430121457.887,1430121458.537,A,21,14
1430121457.887,1430121458.537,B,12,14
1430121457.925,1430121458.574,A,5,15
1430121457.925,1430121458.574,B,19,15
1430121457.967,1430121458.614,A,20,12
1430121457.967,1430121458.614,B,16,12
1430121458.014,1430121458.654,A,26,10
1430121458.014,1430121458.654,B,8,10
1430121458.064,1430121458.694,A,22,9
1430121458.064,1430121458.694,B,13,9
1430121458.101,1430121458.734,A,20,8
1430121458.101,1430121458.734,B,11,8
1430121458.131,1430121458.78,A,28,10
1430121458.131,1430121458.78,B,7,10
1430121458.172,1430121458.815,A,28,8
1430121458.172,1430121458.815,B,5,8
1430121458.211,1430121458.855,A,23,8
1430121458.211,1430121458.855,B,8,8
1430121458.251,1430121458.895,A,24,8
1430121458.251,1430121458.895,B,9,8
1430121458.292,1430121458.935,A,25,9
1430121458.292,1430121458.935,B,15,9
1430121458.331,1430121458.974,A,18,10
1430121458.331,1430121458.974,B,13,10
1430121458.371,1430121459.03,A,10,10
1430121458.371,1430121459.03,B,13,10
1430121458.411,1430121459.068,A,14,12
1430121458.411,1430121459.068,B,12,12
1430121458.452,1430121459.108,A,29,16
1430121458.452,1430121459.108,B,16,16
1430121458.495,1430121459.149,A,44,21
1430121458.495,1430121459.149,B,26,21
1430121458.537,1430121459.189,A,50,19
1430121458.537,1430121459.189,B,22,19
1430121458.574,1430121459.228,A,45,22
1430121458.574,1430121459.228,B,20,22
1430121458.614,1430121459.268,A,32,21
1430121458.614,1430121459.268,B,25,21
1430121458.654,1430121459.309,A,35,23
1430121458.654,1430121459.309,B,22,23
1430121458.694,1430121459.348,A,62,28
1430121458.694,1430121459.348,B,33,28
1430121458.734,1430121459.388,A,81,34
1430121458.734,1430121459.388,B,29,34
1430121458.78,1430121459.429,A,81,35
1430121458.78,1430121459.429,B,33,35
1430121458.815,1430121459.468,A,63,33
1430121458.815,1430121459.468,B,33,33
1430121458.855,1430121459.565,A,35,26
1430121458.855,1430121459.565,B,22,26
1430121458.895,1430121459.598,A,23,19
1430121458.895,1430121459.598,B,20,19
1430121458.935,1430121459.638,A,19,14
1430121458.935,1430121459.638,B,11,14
1430121458.974,1430121459.675,A,18,13
1430121458.974,1430121459.675,B,15,13
1430121459.03,1430121459.719,A,15,10
1430121459.03,1430121459.719,B,10,10
1430121459.068,1430121459.764,A,15,10
1430121459.068,1430121459.764,B,9,10
1430121459.108,1430121459.83,A,20,10
1430121459.108,1430121459.83,B,13,10
1430121459.149,1430121459.869,A,19,9
1430121459.149,1430121459.869,B,11,9
1430121459.189,1430121459.909,A,21,9
1430121459.189,1430121459.909,B,8,9
1430121459.228,1430121459.952,A,23,10
1430121459.228,1430121459.952,B,12,10
1430121459.268,1430121459.991,A,23,10
1430121459.268,1430121459.991,B,12,10
1430121459.309,1430121460.032,A,15,8
1430121459.309,1430121460.032,B,7,8
1430121459.348,1430121460.07,A,7,6
1430121459.348,1430121460.07,B,12,6
1430121459.388,1430121460.109,A,6,7
1430121459.388,1430121460.109,B,7,7
1430121459.429,1430121460.15,A,16,9
1430121459.429,1430121460.15,B,15,9
1430121459.468,1430121460.189,A,23,9
1430121459.468,1430121460.189,B,5,9
1430121459.565,1430121460.229,A,22,11
1430121459.565,1430121460.229,B,16,11
1430121459.598,1430121460.269,A,14,12
1430121459.598,1430121460.269,B,12,12
1430121459.638,1430121460.309,A,24,14
1430121459.638,1430121460.309,B,19,14
1430121459.675,1430121460.349,A,47,21
1430121459.675,1430121460.349,B,23,21
1430121459.719,1430121460.39,A,60,25
1430121459.719,1430121460.39,B,20,25
1430121459.764,1430121460.43,A,57,26
1430121459.764,1430121460.43,B,24,26
1430121459.83,1430121460.47,A,43,22
1430121459.83,1430121460.47,B,27,22
1430121459.869,1430121460.518,A,23,18
1430121459.869,1430121460.518,B,15,18
1430121459.909,1430121460.549,A,14,15
1430121459.909,1430121460.549,B,19,15
1430121459.952,1430121460.59,A,19,10
1430121459.952,1430121460.59,B,13,10
1430121459.991,1430121460.63,A,20,9
1430121459.991,1430121460.63,B,6,9
1430121460.032,1430121460.669,A,17,8
1430121460.032,1430121460.669,B,9,8
1430121460.07,1430121460.709,A,9,9
1430121460.07,1430121460.709,B,11,9
1430121460.109,1430121460.749,A,8,8
1430121460.109,1430121460.749,B,12,8
1430121460.15,1430121460.82,A,9,8
1430121460.15,1430121460.82,B,14,8
1430121460.189,1430121460.86,A,13,10
1430121460.189,1430121460.86,B,13,10
1430121460.229,1430121460.9,A,15,12
1430121460.229,1430121460.9,B,10,12
1430121460.269,1430121460.94,A,15,11
1430121460.269,1430121460.94,B,16,11
1430121460.309,1430121460.98,A,18,8
1430121460.309,1430121460.98,B,16,8
1430121460.349,1430121461.02,A,17,7
1430121460.349,1430121461.02,B,9,7
1430121460.39,1430121461.06,A,12,6
1430121460.39,1430121461.06,B,9,6
1430121460.43,1430121461.103,A,4,7
1430121460.43,1430121461.103,B,12,7
1430121460.47,1430121461.143,A,3,7
1430121460.47,1430121461.143,B,11,7
1430121460.518,1430121461.187,A,7,7
1430121460.518,1430121461.187,B,13,7
1430121460.549,1430121461.225,A,8,7
1430121460.549,1430121461.225,B,12,7
1430121460.59,1430121461.287,A,8,7
1430121460.59,1430121461.287,B,9,7
1430121460.63,1430121461.327,A,5,6
1430121460.63,1430121461.327,B,13,6
1430121460.669,1430121461.368,A,10,8
1430121460.669,1430121461.368,B,5,8
1430121460.709,1430121461.408,A,13,9
1430121460.709,1430121461.408,B,9,9
1430121460.749,1430121461.448,A,10,8
1430121460.749,1430121461.448,B,9,8
1430121460.82,1430121461.487,A,9,8
1430121460.82,1430121461.487,B,11,8
1430121460.86,1430121461.527,A,10,8
1430121460.86,1430121461.527,B,13,8
1430121460.9,1430121461.57,A,10,8
1430121460.9,1430121461.57,B,8,8
1430121460.94,1430121461.607,A,6,9
1430121460.94,1430121461.607,B,12,9
1430121460.98,1430121461.647,A,10,10
1430121460.98,1430121461.647,B,18,10
1430121461.02,1430121461.687,A,22,10
1430121461.02,1430121461.687,B,8,10
1430121461.06,1430121461.729,A,24,10
1430121461.06,1430121461.729,B,14,10
1430121461.103,1430121461.785,A,19,8
1430121461.103,1430121461.785,B,19,8
1430121461.143,1430121461.831,A,13,7
1430121461.143,1430121461.831,B,10,7
1430121461.187,1430121461.856,A,4,6
1430121461.187,1430121461.856,B,16,6
1430121461.225,1430121461.896,A,7,6
1430121461.225,1430121461.896,B,17,6
1430121461.287,1430121461.935,A,12,6
1430121461.287,1430121461.935,B,13,6
1430121461.327,1430121461.977,A,12,6
1430121461.327,1430121461.977,B,12,6
1430121461.368,1430121462.018,A,6,4
1430121461.368,1430121462.018,B,7,4
1430121461.408,1430121462.059,A,5,3
1430121461.408,1430121462.059,B,5,3
1430121461.448,1430121462.099,A,5,3
1430121461.448,1430121462.099,B,4,3
1430121461.487,1430121462.144,A,5,3
1430121461.487,1430121462.144,B,4,3
1430121461.527,1430121462.181,A,11,6
1430121461.527,1430121462.181,B,8,6
1430121461.57,1430121462.224,A,13,6
1430121461.57,1430121462.224,B,8,6
1430121461.607,1430121462.306,A,10,5
1430121461.607,1430121462.306,B,6,5
1430121461.647,1430121462.329,A,14,6
1430121461.647,1430121462.329,B,6,6
1430121461.687,1430121462.367,A,14,6
1430121461.687,1430121462.367,B,8,6
1430121461.729,1430121462.407,A,17,7
1430121461.729,1430121462.407,B,6,7
1430121461.785,1430121462.447,A,18,7
1430121461.785,1430121462.447,B,6,7
1430121461.831,1430121462.487,A,17,7
1430121461.831,1430121462.487,B,8,7
1430121461.856,1430121462.529,A,9,8
1430121461.856,1430121462.529,B,12,8
1430121461.896,1430121462.567,A,3,9
1430121461.896,1430121462.567,B,10,9
1430121461.935,1430121462.607,A,17,11
1430121461.935,1430121462.607,B,11,11
1430121461.977,1430121462.647,A,36,14
1430121461.977,1430121462.647,B,20,14
1430121462.018,1430121462.688,A,44,17
1430121462.018,1430121462.688,B,11,17
1430121462.059,1430121462.73,A,39,18
1430121462.059,1430121462.73,B,22,18
1430121462.099,1430121462.788,A,28,20
1430121462.099,1430121462.788,B,25,20
1430121462.144,1430121462.827,A,35,17
1430121462.144,1430121462.827,B,13,17
1430121462.181,1430121462.858,A,42,19
1430121462.181,1430121462.858,B,18,19
1430121462.224,1430121462.898,A,41,19
1430121462.224,1430121462.898,B,18,19
1430121462.306,1430121462.938,A,33,20
1430121462.306,1430121462.938,B,18,20
1430121462.329,1430121462.978,A,34,22
1430121462.329,1430121462.978,B,29,22
1430121462.367,1430121463.019,A,54,24
1430121462.367,1430121463.019,B,26,24
1430121462.407,1430121463.058,A,63,25
1430121462.407,1430121463.058,B,18,25
1430121462.447,1430121463.1,A,56,25
1430121462.447,1430121463.1,B,34,25
1430121462.487,1430121463.141,A,39,23
1430121462.487,1430121463.141,B,21,23
1430121462.529,1430121463.18,A,26,19
1430121462.529,1430121463.18,B,17,19
1430121462.567,1430121463.222,A,27,18
1430121462.567,1430121463.222,B,25,18
1430121462.607,1430121463.286,A,34,11
1430121462.607,1430121463.286,B,11,11
1430121462.647,1430121463.314,A,31,10
1430121462.647,1430121463.314,B,8,10
1430121462.688,1430121463.348,A,26,8
1430121462.688,1430121463.348,B,8,8
1430121462.73,1430121463.387,A,25,8
1430121462.73,1430121463.387,B,6,8
1430121462.788,1430121463.427,A,25,9
1430121462.788,1430121463.427,B,11,9
1430121462.827,1430121463.467,A,21,8
1430121462.827,1430121463.467,B,6,8
1430121462.858,1430121463.508,A,17,8
1430121462.858,1430121463.508,B,9,8
1430121462.898,1430121463.547,A,17,8
1430121462.898,1430121463.547,B,8,8
1430121462.938,1430121463.587,A,16,8
1430121462.938,1430121463.587,B,7,8
1430121462.978,1430121463.627,A,15,8
1430121462.978,1430121463.627,B,8,8
1430121463.019,1430121463.668,A,14,8
1430121463.019,1430121463.668,B,10,8
1430121463.058,1430121463.707,A,10,9
1430121463.058,1430121463.707,B,11,9
1430121463.1,1430121463.747,A,15,10
1430121463.1,1430121463.747,B,8,10
1430121463.141,1430121463.789,A,25,10
1430121463.141,1430121463.789,B,13,10
1430121463.18,1430121463.827,A,29,11
1430121463.18,1430121463.827,B,10,11
1430121463.222,1430121463.867,A,24,10
1430121463.222,1430121463.867,B,12,10
1430121463.286,1430121463.907,A,21,10
1430121463.286,1430121463.907,B,14,10
1430121463.314,1430121463.947,A,20,9
1430121463.314,1430121463.947,B,11,9
1430121463.348,1430121463.987,A,15,11
1430121463.348,1430121463.987,B,15,11
1430121463.387,1430121464.027,A,4,10
1430121463.387,1430121464.027,B,12,10
1430121463.427,1430121464.067,A,9,8
1430121463.427,1430121464.067,B,12,8
1430121463.467,1430121464.107,A,15,8
1430121463.467,1430121464.107,B,12,8
