#targetfile:$(projectRoot)/result/result/Non/non/hasc-20150329-132459-mag-pca.csv-lowpass.csv
1427603106.03,1427603106.67,B,13,4
1427603106.07,1427603106.71,B,12,4
1427603106.11,1427603106.75,B,11,4
1427603106.15,1427603106.79,B,11,4
1427603106.19,1427603106.83,B,8,5
1427603106.23,1427603106.87,B,8,5
1427603106.27,1427603106.91,B,8,5
1427603106.31,1427603106.95,B,8,5
1427603106.35,1427603106.99,B,7,5
1427603106.39,1427603107.03,B,6,5
1427603106.43,1427603107.07,B,4,5
1427603106.47,1427603107.11,B,4,5
1427603106.51,1427603107.15,B,8,5
1427603106.55,1427603107.19,B,7,5
1427603106.59,1427603107.23,B,7,5
1427603106.63,1427603107.27,B,9,6
1427603106.67,1427603107.31,B,13,6
1427603106.71,1427603107.35,B,14,6
1427603106.75,1427603107.39,B,13,5
1427603106.79,1427603107.43,B,11,6
1427603106.83,1427603107.47,B,6,5
1427603106.87,1427603107.51,B,7,5
1427603106.91,1427603107.55,B,8,5
1427603106.95,1427603107.59,B,8,5
1427603106.99,1427603107.63,B,10,5
1427603107.03,1427603107.67,B,12,5
1427603107.07,1427603107.71,B,13,5
1427603107.11,1427603107.75,B,14,5
1427603107.15,1427603107.79,B,13,5
1427603107.19,1427603107.83,B,13,5
1427603107.23,1427603107.87,B,11,5
1427603107.27,1427603107.91,B,10,5
1427603107.31,1427603107.95,B,9,5
1427603107.35,1427603107.99,B,10,5
1427603107.39,1427603108.03,B,11,5
1427603107.43,1427603108.07,B,10,5
1427603107.47,1427603108.11,B,7,4
1427603107.51,1427603108.15,B,6,4
1427603107.55,1427603108.19,B,6,4
1427603107.59,1427603108.23,B,6,4
1427603107.63,1427603108.27,B,5,3
1427603107.67,1427603108.31,B,4,3
1427603107.71,1427603108.35,B,5,3
1427603107.75,1427603108.39,B,5,4
1427603107.79,1427603108.43,B,6,4
1427603107.83,1427603108.47,B,5,4
1427603107.87,1427603108.51,B,5,4
1427603107.91,1427603108.55,B,7,5
1427603107.95,1427603108.59,B,8,4
1427603107.99,1427603108.63,B,9,5
1427603108.03,1427603108.67,B,6,5
1427603108.07,1427603108.71,B,6,5
1427603108.11,1427603108.75,B,7,5
1427603108.15,1427603108.79,B,7,5
1427603108.19,1427603108.83,B,5,5
1427603108.23,1427603108.87,B,5,5
1427603108.27,1427603108.91,B,5,5
1427603108.31,1427603108.95,B,5,5
1427603108.35,1427603108.99,B,4,5
1427603108.39,1427603109.03,B,4,5
1427603108.43,1427603109.07,B,5,5
1427603108.47,1427603109.11,B,4,5
1427603108.51,1427603109.15,B,3,5
1427603108.55,1427603109.19,B,3,5
1427603108.59,1427603109.23,B,2,5
1427603108.63,1427603109.27,B,2,4
1427603108.67,1427603109.31,B,2,4
1427603108.71,1427603109.35,B,3,4
1427603108.75,1427603109.39,B,4,4
1427603108.79,1427603109.43,B,4,4
1427603108.83,1427603109.47,B,3,4
1427603108.87,1427603109.51,B,3,4
1427603108.91,1427603109.55,B,6,3
1427603108.95,1427603109.59,B,6,3
1427603108.99,1427603109.63,B,7,4
1427603109.03,1427603109.67,B,5,3
1427603109.07,1427603109.71,B,5,3
1427603109.11,1427603109.75,B,5,3
1427603109.15,1427603109.79,B,2,4
1427603109.19,1427603109.83,B,4,4
1427603109.23,1427603109.87,B,5,4
1427603109.27,1427603109.91,B,5,4
1427603109.31,1427603109.95,B,3,4
1427603109.35,1427603109.99,B,3,4
1427603109.39,1427603110.03,B,4,4
1427603109.43,1427603110.07,B,5,4
1427603109.47,1427603110.11,B,5,4
1427603109.51,1427603110.15,B,6,4
1427603109.55,1427603110.19,B,6,4
1427603109.59,1427603110.23,B,7,4
1427603109.63,1427603110.27,B,7,4
1427603109.67,1427603110.31,B,9,5
1427603109.71,1427603110.35,B,13,4
1427603109.75,1427603110.39,B,13,4
1427603109.79,1427603110.43,B,12,4
1427603109.83,1427603110.47,B,10,4
1427603109.87,1427603110.51,B,8,4
1427603109.91,1427603110.55,B,10,4
1427603109.95,1427603110.59,B,11,4
1427603109.99,1427603110.63,B,13,4
1427603110.03,1427603110.67,B,12,4
1427603110.07,1427603110.71,B,11,5
1427603110.11,1427603110.75,B,8,6
1427603110.15,1427603110.79,B,5,6
1427603110.19,1427603110.83,B,3,6
1427603110.23,1427603110.87,B,3,5
1427603110.27,1427603110.91,B,3,5
1427603110.31,1427603110.95,B,4,5
1427603110.35,1427603110.99,B,4,5
1427603110.39,1427603111.03,B,5,5
1427603110.43,1427603111.07,B,6,5
1427603110.47,1427603111.11,B,8,6
1427603110.51,1427603111.15,B,10,6
1427603110.55,1427603111.19,B,10,6
1427603110.59,1427603111.23,B,10,6
1427603110.63,1427603111.27,B,10,6
1427603110.67,1427603111.31,B,12,5
1427603110.71,1427603111.35,B,9,5
1427603110.75,1427603111.39,B,8,5
1427603110.79,1427603111.43,B,8,4
1427603110.83,1427603111.47,B,7,4
1427603110.87,1427603111.51,B,6,5
1427603110.91,1427603111.55,B,6,5
1427603110.95,1427603111.59,B,6,5
1427603110.99,1427603111.63,B,6,5
1427603111.03,1427603111.67,B,7,5
1427603111.07,1427603111.71,B,7,5
1427603111.11,1427603111.75,B,7,5
1427603111.15,1427603111.79,B,6,5
1427603111.19,1427603111.83,B,5,5
1427603111.23,1427603111.87,B,4,5
1427603111.27,1427603111.91,B,2,5
1427603111.31,1427603111.95,B,1,5
1427603111.35,1427603111.99,B,1,5
1427603111.39,1427603112.03,B,1,4
1427603111.43,1427603112.07,B,5,5
1427603111.47,1427603112.11,B,6,5
1427603111.51,1427603112.15,B,8,5
1427603111.55,1427603112.19,B,7,5
1427603111.59,1427603112.23,B,8,5
1427603111.63,1427603112.27,B,8,5
1427603111.67,1427603112.31,B,9,4
1427603111.71,1427603112.35,B,9,4
1427603111.75,1427603112.39,B,10,5
1427603111.79,1427603112.43,B,12,5
1427603111.83,1427603112.47,B,9,5
1427603111.87,1427603112.51,B,9,5
1427603111.91,1427603112.55,B,5,4
1427603111.95,1427603112.59,B,3,4
1427603111.99,1427603112.63,B,3,4
1427603112.03,1427603112.67,B,4,4
1427603112.07,1427603112.71,B,4,4
1427603112.11,1427603112.75,B,6,4
1427603112.15,1427603112.79,B,6,4
1427603112.19,1427603112.83,B,6,4
1427603112.23,1427603112.87,B,5,4
1427603112.27,1427603112.91,B,5,4
1427603112.31,1427603112.95,B,4,4
1427603112.35,1427603112.99,B,3,4
1427603112.39,1427603113.03,B,8,4
1427603112.43,1427603113.07,B,9,4
1427603112.47,1427603113.11,B,9,4
1427603112.51,1427603113.15,B,8,4
1427603112.55,1427603113.19,B,5,4
1427603112.59,1427603113.23,B,7,5
1427603112.63,1427603113.27,B,9,5
1427603112.67,1427603113.31,B,10,5
1427603112.71,1427603113.35,B,11,5
1427603112.75,1427603113.39,B,13,5
1427603112.79,1427603113.43,B,14,5
1427603112.83,1427603113.47,B,14,5
1427603112.87,1427603113.51,B,15,5
1427603112.91,1427603113.55,B,16,6
1427603112.95,1427603113.59,B,17,6
1427603112.99,1427603113.63,B,19,6
1427603113.03,1427603113.67,B,19,6
1427603113.07,1427603113.71,B,19,6
1427603113.11,1427603113.75,B,21,6
1427603113.15,1427603113.79,B,21,6
1427603113.19,1427603113.83,B,20,6
1427603113.23,1427603113.87,B,18,5
1427603113.27,1427603113.91,B,18,5
1427603113.31,1427603113.95,B,17,5
1427603113.35,1427603113.99,B,16,5
1427603113.39,1427603114.03,B,14,6
1427603113.43,1427603114.07,B,13,5
1427603113.47,1427603114.11,B,14,5
1427603113.51,1427603114.15,B,12,5
1427603113.55,1427603114.19,B,12,5
1427603113.59,1427603114.23,B,10,5
1427603113.63,1427603114.27,B,5,4
1427603113.67,1427603114.31,B,4,3
1427603113.71,1427603114.35,B,4,4
1427603113.75,1427603114.39,B,5,4
1427603113.79,1427603114.43,B,3,4
1427603113.83,1427603114.47,B,5,3
1427603113.87,1427603114.51,B,7,4
1427603113.91,1427603114.55,B,8,4
1427603113.95,1427603114.59,B,9,5
1427603113.99,1427603114.63,B,9,5
1427603114.03,1427603114.67,B,9,5
1427603114.07,1427603114.71,B,10,5
1427603114.11,1427603114.75,B,11,5
1427603114.15,1427603114.79,B,13,6
1427603114.19,1427603114.83,B,13,6
1427603114.23,1427603114.87,B,13,6
1427603114.27,1427603114.91,B,14,5
1427603114.31,1427603114.95,B,15,5
1427603114.35,1427603114.99,B,15,5
1427603114.39,1427603115.03,B,14,5
1427603114.43,1427603115.07,B,13,5
1427603114.47,1427603115.11,B,15,5
1427603114.51,1427603115.15,B,15,5
1427603114.55,1427603115.19,B,14,5
1427603114.59,1427603115.23,B,12,5
1427603114.63,1427603115.27,B,10,5
1427603114.67,1427603115.31,B,9,5
