#targetfile:$(projectRoot)/result/result/Non/non/hasc-20150329-131607-mag-pca.csv-lowpass.csv
1427602578.21,1427602578.85,B,18,5
1427602578.25,1427602578.89,B,22,5
1427602578.29,1427602578.93,B,22,5
1427602578.33,1427602578.97,B,22,5
1427602578.37,1427602579.01,B,18,5
1427602578.41,1427602579.05,B,17,5
1427602578.45,1427602579.09,B,14,6
1427602578.49,1427602579.13,B,14,6
1427602578.53,1427602579.17,B,14,6
1427602578.57,1427602579.21,B,14,5
1427602578.61,1427602579.25,B,12,5
1427602578.65,1427602579.29,B,11,5
1427602578.69,1427602579.33,B,12,6
1427602578.73,1427602579.37,B,13,6
1427602578.77,1427602579.41,B,16,6
1427602578.81,1427602579.45,B,15,6
1427602578.85,1427602579.49,B,13,5
1427602578.89,1427602579.53,B,13,5
1427602578.93,1427602579.57,B,11,5
1427602578.97,1427602579.61,B,11,5
1427602579.01,1427602579.65,B,11,5
1427602579.05,1427602579.69,B,11,5
1427602579.09,1427602579.73,B,10,5
1427602579.13,1427602579.77,B,9,4
1427602579.17,1427602579.81,B,9,4
1427602579.21,1427602579.85,B,9,5
1427602579.25,1427602579.89,B,11,4
1427602579.29,1427602579.93,B,15,5
1427602579.33,1427602579.97,B,14,5
1427602579.37,1427602580.01,B,11,5
1427602579.41,1427602580.05,B,11,5
1427602579.45,1427602580.09,B,10,4
1427602579.49,1427602580.13,B,10,4
1427602579.53,1427602580.17,B,9,4
1427602579.57,1427602580.21,B,7,5
1427602579.61,1427602580.25,B,6,4
1427602579.65,1427602580.29,B,7,5
1427602579.69,1427602580.33,B,7,4
1427602579.73,1427602580.37,B,8,5
1427602579.77,1427602580.41,B,9,5
1427602579.81,1427602580.45,B,9,5
1427602579.85,1427602580.49,B,9,5
1427602579.89,1427602580.53,B,7,5
1427602579.93,1427602580.57,B,3,3
1427602579.97,1427602580.61,B,4,3
1427602580.01,1427602580.65,B,3,3
1427602580.05,1427602580.69,B,4,3
1427602580.09,1427602580.73,B,5,3
1427602580.13,1427602580.77,B,4,3
1427602580.17,1427602580.81,B,4,3
1427602580.21,1427602580.85,B,5,3
1427602580.25,1427602580.89,B,6,3
1427602580.29,1427602580.93,B,6,3
1427602580.33,1427602580.97,B,6,2
1427602580.37,1427602581.01,B,5,2
