#targetfile:$(projectRoot)/result/result/Non/non/hasc-20150330-095652-mag-pca.csv-lowpass.csv
1427677021.57,1427677022.21,B,13,5
1427677021.61,1427677022.25,B,14,5
1427677021.65,1427677022.29,B,16,6
1427677021.69,1427677022.33,A,10,5
1427677021.69,1427677022.33,B,14,5
1427677021.73,1427677022.37,A,10,5
1427677021.73,1427677022.37,B,12,5
1427677021.77,1427677022.41,A,10,5
1427677021.77,1427677022.41,B,11,5
1427677021.81,1427677022.45,A,10,5
1427677021.81,1427677022.45,B,11,5
1427677021.85,1427677022.49,A,11,5
1427677021.85,1427677022.49,B,12,5
1427677021.89,1427677022.53,A,12,5
1427677021.89,1427677022.53,B,12,5
1427677021.93,1427677022.57,A,10,5
1427677021.93,1427677022.57,B,15,5
1427677021.97,1427677022.61,A,9,5
1427677021.97,1427677022.61,B,16,5
1427677022.01,1427677022.65,A,8,5
1427677022.01,1427677022.65,B,15,5
1427677022.05,1427677022.69,A,7,5
1427677022.05,1427677022.69,B,12,5
1427677022.09,1427677022.73,A,5,5
1427677022.09,1427677022.73,B,10,5
1427677022.13,1427677022.77,A,9,5
1427677022.13,1427677022.77,B,7,5
1427677022.17,1427677022.81,A,9,4
1427677022.17,1427677022.81,B,6,4
1427677022.21,1427677022.85,A,9,4
1427677022.21,1427677022.85,B,6,4
1427677022.25,1427677022.89,A,6,4
1427677022.25,1427677022.89,B,6,4
1427677022.29,1427677022.93,A,6,4
1427677022.29,1427677022.93,B,7,4
1427677022.33,1427677022.97,A,5,4
1427677022.33,1427677022.97,B,6,4
1427677022.37,1427677023.01,A,5,3
1427677022.37,1427677023.01,B,7,3
1427677022.41,1427677023.05,A,5,3
1427677022.41,1427677023.05,B,8,3
1427677022.45,1427677023.09,A,6,3
1427677022.45,1427677023.09,B,9,3
1427677022.49,1427677023.13,A,10,4
1427677022.49,1427677023.13,B,7,4
1427677022.53,1427677023.17,A,11,4
1427677022.53,1427677023.17,B,4,4
1427677022.57,1427677023.21,A,15,5
1427677022.57,1427677023.21,B,4,5
1427677022.61,1427677023.25,A,13,4
1427677022.61,1427677023.25,B,5,4
1427677022.65,1427677023.29,A,14,5
1427677022.65,1427677023.29,B,4,5
1427677022.69,1427677023.33,A,13,5
1427677022.69,1427677023.33,B,3,5
1427677022.73,1427677023.37,A,13,5
1427677022.73,1427677023.37,B,2,5
1427677022.77,1427677023.41,A,10,5
1427677022.77,1427677023.41,B,4,5
1427677022.81,1427677023.45,A,9,5
1427677022.81,1427677023.45,B,3,5
1427677022.85,1427677023.49,A,8,5
1427677022.85,1427677023.49,B,3,5
1427677022.89,1427677023.53,A,9,5
1427677022.89,1427677023.53,B,4,5
1427677022.93,1427677023.57,A,8,5
1427677022.93,1427677023.57,B,4,5
1427677022.97,1427677023.61,A,9,5
1427677022.97,1427677023.61,B,5,5
1427677023.01,1427677023.65,A,8,6
1427677023.01,1427677023.65,B,7,6
1427677023.05,1427677023.69,A,8,6
1427677023.05,1427677023.69,B,6,6
1427677023.09,1427677023.73,A,8,6
1427677023.09,1427677023.73,B,5,6
1427677023.13,1427677023.77,A,8,6
1427677023.13,1427677023.77,B,6,6
1427677023.17,1427677023.81,A,8,6
1427677023.17,1427677023.81,B,6,6
1427677023.21,1427677023.85,A,7,5
1427677023.21,1427677023.85,B,11,5
1427677023.25,1427677023.89,A,7,5
1427677023.25,1427677023.89,B,11,5
1427677023.29,1427677023.93,A,6,4
1427677023.29,1427677023.93,B,11,4
1427677023.33,1427677023.97,A,4,4
1427677023.33,1427677023.97,B,12,4
1427677023.37,1427677024.01,A,3,4
1427677023.37,1427677024.01,B,9,4
1427677023.41,1427677024.05,A,0,4
1427677023.41,1427677024.05,B,8,4
1427677023.45,1427677024.09,A,0,4
1427677023.45,1427677024.09,B,7,4
1427677023.49,1427677024.13,A,1,3
1427677023.49,1427677024.13,B,6,3
1427677023.53,1427677024.17,A,2,3
1427677023.53,1427677024.17,B,4,3
1427677023.57,1427677024.21,A,0,3
1427677023.57,1427677024.21,B,4,3
1427677023.61,1427677024.25,A,1,3
1427677023.61,1427677024.25,B,5,3
1427677023.65,1427677024.29,A,1,2
1427677023.65,1427677024.29,B,3,2
1427677023.69,1427677024.33,A,2,3
1427677023.69,1427677024.33,B,3,3
1427677023.73,1427677024.37,A,3,3
1427677023.73,1427677024.37,B,3,3
1427677023.77,1427677024.41,A,4,3
1427677023.77,1427677024.41,B,4,3
1427677023.81,1427677024.45,A,4,3
1427677023.81,1427677024.45,B,4,3
1427677023.85,1427677024.49,A,4,3
1427677023.85,1427677024.49,B,4,3
1427677023.89,1427677024.53,A,5,3
1427677023.89,1427677024.53,B,4,3
1427677023.93,1427677024.57,A,5,3
1427677023.93,1427677024.57,B,4,3
1427677023.97,1427677024.61,A,7,4
1427677023.97,1427677024.61,B,5,4
1427677024.01,1427677024.65,A,9,4
1427677024.01,1427677024.65,B,4,4
1427677024.05,1427677024.69,A,11,4
1427677024.05,1427677024.69,B,7,4
1427677024.09,1427677024.73,A,12,4
1427677024.09,1427677024.73,B,7,4
1427677024.13,1427677024.77,A,12,5
1427677024.13,1427677024.77,B,6,5
1427677024.17,1427677024.81,A,14,5
1427677024.17,1427677024.81,B,4,5
1427677024.21,1427677024.85,A,13,5
1427677024.21,1427677024.85,B,4,5
1427677024.25,1427677024.89,A,15,5
1427677024.25,1427677024.89,B,4,5
1427677024.29,1427677024.93,A,16,5
1427677024.29,1427677024.93,B,4,5
1427677024.33,1427677024.97,A,17,6
1427677024.33,1427677024.97,B,7,6
1427677024.37,1427677025.01,A,17,6
1427677024.37,1427677025.01,B,9,6
1427677024.41,1427677025.05,A,15,6
1427677024.41,1427677025.05,B,11,6
1427677024.45,1427677025.09,A,15,6
1427677024.45,1427677025.09,B,10,6
1427677024.49,1427677025.13,A,12,6
1427677024.49,1427677025.13,B,6,6
1427677024.53,1427677025.17,A,13,6
1427677024.53,1427677025.17,B,9,6
1427677024.57,1427677025.21,A,9,5
1427677024.57,1427677025.21,B,13,5
1427677024.61,1427677025.25,A,10,6
1427677024.61,1427677025.25,B,10,6
1427677024.65,1427677025.29,A,9,6
1427677024.65,1427677025.29,B,8,6
1427677024.69,1427677025.33,A,10,5
1427677024.69,1427677025.33,B,10,5
1427677024.73,1427677025.37,A,14,6
1427677024.73,1427677025.37,B,9,6
1427677024.77,1427677025.41,A,13,7
1427677024.77,1427677025.41,B,9,7
1427677024.81,1427677025.45,A,15,7
1427677024.81,1427677025.45,B,11,7
1427677024.85,1427677025.49,A,13,7
1427677024.85,1427677025.49,B,13,7
1427677024.89,1427677025.53,A,14,7
1427677024.89,1427677025.53,B,12,7
1427677024.93,1427677025.57,A,15,7
1427677024.93,1427677025.57,B,11,7
1427677024.97,1427677025.61,A,15,6
1427677024.97,1427677025.61,B,10,6
1427677025.01,1427677025.65,A,15,6
1427677025.01,1427677025.65,B,10,6
1427677025.05,1427677025.69,A,13,6
1427677025.05,1427677025.69,B,13,6
1427677025.09,1427677025.73,A,14,6
1427677025.09,1427677025.73,B,12,6
1427677025.13,1427677025.77,A,11,6
1427677025.13,1427677025.77,B,13,6
1427677025.17,1427677025.81,A,12,6
1427677025.17,1427677025.81,B,13,6
1427677025.21,1427677025.85,A,12,6
1427677025.21,1427677025.85,B,12,6
1427677025.25,1427677025.89,A,12,6
1427677025.25,1427677025.89,B,13,6
1427677025.29,1427677025.93,A,12,6
1427677025.29,1427677025.93,B,13,6
1427677025.33,1427677025.97,A,13,6
1427677025.33,1427677025.97,B,12,6
1427677025.37,1427677026.01,A,14,6
1427677025.37,1427677026.01,B,10,6
1427677025.41,1427677026.05,A,12,5
1427677025.41,1427677026.05,B,8,5
1427677025.45,1427677026.09,A,13,5
1427677025.45,1427677026.09,B,9,5
1427677025.49,1427677026.13,A,12,5
1427677025.49,1427677026.13,B,8,5
1427677025.53,1427677026.17,A,13,5
1427677025.53,1427677026.17,B,7,5
1427677025.57,1427677026.21,A,13,5
1427677025.57,1427677026.21,B,8,5
1427677025.61,1427677026.25,A,12,5
1427677025.61,1427677026.25,B,8,5
1427677025.65,1427677026.29,A,13,5
1427677025.65,1427677026.29,B,8,5
1427677025.69,1427677026.33,A,13,5
1427677025.69,1427677026.33,B,8,5
1427677025.73,1427677026.37,A,12,5
1427677025.73,1427677026.37,B,8,5
1427677025.77,1427677026.41,A,13,5
1427677025.77,1427677026.41,B,4,5
1427677025.81,1427677026.45,A,11,5
1427677025.81,1427677026.45,B,5,5
1427677025.85,1427677026.49,A,6,5
1427677025.85,1427677026.49,B,8,5
1427677025.89,1427677026.53,A,8,6
1427677025.89,1427677026.53,B,9,6
1427677025.93,1427677026.57,A,8,6
1427677025.93,1427677026.57,B,7,6
1427677025.97,1427677026.61,A,8,6
1427677025.97,1427677026.61,B,8,6
1427677026.01,1427677026.65,A,6,6
1427677026.01,1427677026.65,B,10,6
1427677026.05,1427677026.69,A,6,6
1427677026.05,1427677026.69,B,12,6
1427677026.09,1427677026.73,A,5,6
1427677026.09,1427677026.73,B,11,6
1427677026.13,1427677026.77,A,5,6
1427677026.13,1427677026.77,B,11,6
1427677026.17,1427677026.81,A,5,6
1427677026.17,1427677026.81,B,11,6
1427677026.21,1427677026.85,A,2,6
1427677026.21,1427677026.85,B,13,6
1427677026.25,1427677026.89,A,2,7
1427677026.25,1427677026.89,B,15,7
1427677026.29,1427677026.93,A,8,8
1427677026.29,1427677026.93,B,16,8
1427677026.33,1427677026.97,A,9,8
1427677026.33,1427677026.97,B,16,8
1427677026.37,1427677027.01,A,11,8
1427677026.37,1427677027.01,B,14,8
1427677026.41,1427677027.05,A,13,7
1427677026.41,1427677027.05,B,12,7
1427677026.45,1427677027.09,A,12,7
1427677026.45,1427677027.09,B,14,7
1427677026.49,1427677027.13,A,14,7
1427677026.49,1427677027.13,B,15,7
1427677026.53,1427677027.17,A,17,7
1427677026.53,1427677027.17,B,14,7
1427677026.57,1427677027.21,A,17,7
1427677026.57,1427677027.21,B,14,7
1427677026.61,1427677027.25,A,19,7
1427677026.61,1427677027.25,B,14,7
1427677026.65,1427677027.29,A,18,7
1427677026.65,1427677027.29,B,13,7
1427677026.69,1427677027.33,A,19,7
1427677026.69,1427677027.33,B,15,7
1427677026.73,1427677027.37,A,20,7
1427677026.73,1427677027.37,B,17,7
1427677026.77,1427677027.41,A,20,7
1427677026.77,1427677027.41,B,17,7
1427677026.81,1427677027.45,A,22,7
1427677026.81,1427677027.45,B,16,7
1427677026.85,1427677027.49,A,20,7
1427677026.85,1427677027.49,B,13,7
1427677026.89,1427677027.53,A,20,5
1427677026.89,1427677027.53,B,13,5
1427677026.93,1427677027.57,A,15,5
1427677026.93,1427677027.57,B,12,5
1427677026.97,1427677027.61,A,15,5
1427677026.97,1427677027.61,B,10,5
1427677027.01,1427677027.65,A,12,5
1427677027.01,1427677027.65,B,10,5
1427677027.05,1427677027.69,A,11,5
1427677027.05,1427677027.69,B,11,5
1427677027.09,1427677027.73,A,11,4
1427677027.09,1427677027.73,B,10,4
1427677027.13,1427677027.77,A,9,4
1427677027.13,1427677027.77,B,10,4
1427677027.17,1427677027.81,A,9,4
1427677027.17,1427677027.81,B,10,4
1427677027.21,1427677027.85,A,10,4
1427677027.21,1427677027.85,B,8,4
1427677027.25,1427677027.89,A,9,3
1427677027.25,1427677027.89,B,7,3
1427677027.29,1427677027.93,A,8,4
1427677027.29,1427677027.93,B,7,4
1427677027.33,1427677027.97,A,8,4
1427677027.33,1427677027.97,B,7,4
1427677027.37,1427677028.01,A,9,4
1427677027.37,1427677028.01,B,8,4
1427677027.41,1427677028.05,A,11,4
1427677027.41,1427677028.05,B,10,4
1427677027.45,1427677028.09,A,9,4
1427677027.45,1427677028.09,B,11,4
1427677027.49,1427677028.13,A,9,5
1427677027.49,1427677028.13,B,11,5
1427677027.53,1427677028.17,A,7,5
1427677027.53,1427677028.17,B,13,5
1427677027.57,1427677028.21,A,8,5
1427677027.57,1427677028.21,B,15,5
1427677027.61,1427677028.25,A,9,5
1427677027.61,1427677028.25,B,16,5
1427677027.65,1427677028.29,A,11,5
1427677027.65,1427677028.29,B,17,5
1427677027.69,1427677028.33,A,11,5
1427677027.69,1427677028.33,B,17,5
1427677027.73,1427677028.37,A,11,5
1427677027.73,1427677028.37,B,17,5
1427677027.77,1427677028.41,A,10,5
1427677027.77,1427677028.41,B,15,5
1427677027.81,1427677028.45,A,9,5
1427677027.81,1427677028.45,B,13,5
1427677027.85,1427677028.49,A,8,6
1427677027.85,1427677028.49,B,13,6
1427677027.89,1427677028.53,A,10,6
1427677027.89,1427677028.53,B,11,6
1427677027.93,1427677028.57,A,10,6
1427677027.93,1427677028.57,B,10,6
1427677027.97,1427677028.61,A,11,6
1427677027.97,1427677028.61,B,9,6
1427677028.01,1427677028.65,A,11,6
1427677028.01,1427677028.65,B,8,6
1427677028.05,1427677028.69,A,8,6
1427677028.05,1427677028.69,B,8,6
1427677028.09,1427677028.73,A,10,6
1427677028.09,1427677028.73,B,10,6
1427677028.13,1427677028.77,A,11,6
1427677028.13,1427677028.77,B,10,6
1427677028.17,1427677028.81,A,15,6
1427677028.17,1427677028.81,B,10,6
1427677028.21,1427677028.85,A,13,6
1427677028.21,1427677028.85,B,11,6
1427677028.25,1427677028.89,A,13,6
1427677028.25,1427677028.89,B,11,6
1427677028.29,1427677028.93,A,11,5
1427677028.29,1427677028.93,B,9,5
1427677028.33,1427677028.97,A,12,5
1427677028.33,1427677028.97,B,10,5
1427677028.37,1427677029.01,A,14,5
1427677028.37,1427677029.01,B,12,5
1427677028.41,1427677029.05,A,12,5
1427677028.41,1427677029.05,B,11,5
1427677028.45,1427677029.09,A,12,5
1427677028.45,1427677029.09,B,10,5
1427677028.49,1427677029.13,A,14,5
1427677028.49,1427677029.13,B,9,5
1427677028.53,1427677029.17,A,13,5
1427677028.53,1427677029.17,B,11,5
1427677028.57,1427677029.21,A,14,4
1427677028.57,1427677029.21,B,10,4
1427677028.61,1427677029.25,A,12,5
1427677028.61,1427677029.25,B,9,5
1427677028.65,1427677029.29,A,12,4
1427677028.65,1427677029.29,B,8,4
1427677028.69,1427677029.33,A,13,4
1427677028.69,1427677029.33,B,6,4
1427677028.73,1427677029.37,A,13,3
1427677028.73,1427677029.37,B,5,3
1427677028.77,1427677029.41,A,13,3
1427677028.77,1427677029.41,B,4,3
1427677028.81,1427677029.45,A,12,3
1427677028.81,1427677029.45,B,5,3
1427677028.85,1427677029.49,A,11,3
1427677028.85,1427677029.49,B,6,3
1427677028.89,1427677029.53,A,9,3
1427677028.89,1427677029.53,B,9,3
1427677028.93,1427677029.57,A,9,4
1427677028.93,1427677029.57,B,10,4
1427677028.97,1427677029.61,A,9,4
1427677028.97,1427677029.61,B,10,4
1427677029.01,1427677029.65,A,8,4
1427677029.01,1427677029.65,B,10,4
1427677029.05,1427677029.69,A,8,4
1427677029.05,1427677029.69,B,10,4
1427677029.09,1427677029.73,A,7,4
1427677029.09,1427677029.73,B,11,4
1427677029.13,1427677029.77,A,3,3
1427677029.13,1427677029.77,B,10,3
1427677029.17,1427677029.81,A,3,4
1427677029.17,1427677029.81,B,10,4
1427677029.21,1427677029.85,A,4,4
1427677029.21,1427677029.85,B,8,4
1427677029.25,1427677029.89,A,4,4
1427677029.25,1427677029.89,B,8,4
1427677029.29,1427677029.93,A,6,4
1427677029.29,1427677029.93,B,6,4
1427677029.33,1427677029.97,A,7,4
1427677029.33,1427677029.97,B,6,4
1427677029.37,1427677030.01,A,6,4
1427677029.37,1427677030.01,B,7,4
1427677029.41,1427677030.05,A,8,4
1427677029.41,1427677030.05,B,7,4
1427677029.45,1427677030.09,A,10,4
1427677029.45,1427677030.09,B,6,4
1427677029.49,1427677030.13,A,10,4
1427677029.49,1427677030.13,B,5,4
1427677029.53,1427677030.17,A,8,4
1427677029.53,1427677030.17,B,6,4
1427677029.57,1427677030.21,A,8,4
1427677029.57,1427677030.21,B,7,4
1427677029.61,1427677030.25,A,9,4
1427677029.61,1427677030.25,B,6,4
1427677029.65,1427677030.29,A,10,4
1427677029.65,1427677030.29,B,6,4
1427677029.69,1427677030.33,A,9,4
1427677029.69,1427677030.33,B,8,4
1427677029.73,1427677030.37,A,9,5
1427677029.73,1427677030.37,B,7,5
1427677029.77,1427677030.41,A,7,5
1427677029.77,1427677030.41,B,8,5
1427677029.81,1427677030.45,A,6,5
1427677029.81,1427677030.45,B,8,5
1427677029.85,1427677030.49,A,3,4
1427677029.85,1427677030.49,B,6,4
1427677029.89,1427677030.53,A,3,4
1427677029.89,1427677030.53,B,6,4
1427677029.93,1427677030.57,A,2,4
1427677029.93,1427677030.57,B,7,4
1427677029.97,1427677030.61,A,1,4
1427677029.97,1427677030.61,B,7,4
1427677030.01,1427677030.65,A,1,4
1427677030.01,1427677030.65,B,7,4
1427677030.05,1427677030.69,A,1,4
1427677030.05,1427677030.69,B,5,4
1427677030.09,1427677030.73,A,1,4
1427677030.09,1427677030.73,B,5,4
1427677030.13,1427677030.77,A,1,4
1427677030.13,1427677030.77,B,4,4
1427677030.17,1427677030.81,A,3,4
1427677030.17,1427677030.81,B,5,4
1427677030.21,1427677030.85,A,4,4
1427677030.21,1427677030.85,B,7,4
1427677030.25,1427677030.89,A,5,4
1427677030.25,1427677030.89,B,8,4
1427677030.29,1427677030.93,A,4,5
1427677030.29,1427677030.93,B,9,5
1427677030.33,1427677030.97,A,3,4
1427677030.33,1427677030.97,B,10,4
1427677030.37,1427677031.01,A,3,4
1427677030.37,1427677031.01,B,9,4
1427677030.41,1427677031.05,A,1,3
1427677030.41,1427677031.05,B,6,3
1427677030.45,1427677031.09,A,1,3
1427677030.45,1427677031.09,B,6,3
1427677030.49,1427677031.13,A,2,3
1427677030.49,1427677031.13,B,7,3
1427677030.53,1427677031.17,A,3,3
1427677030.53,1427677031.17,B,6,3
1427677030.57,1427677031.21,A,3,4
1427677030.57,1427677031.21,B,7,4
1427677030.61,1427677031.25,A,2,4
1427677030.61,1427677031.25,B,8,4
1427677030.65,1427677031.29,A,2,4
1427677030.65,1427677031.29,B,7,4
1427677030.69,1427677031.33,A,0,4
1427677030.69,1427677031.33,B,6,4
1427677030.73,1427677031.37,A,1,4
1427677030.73,1427677031.37,B,9,4
1427677030.77,1427677031.41,A,2,4
1427677030.77,1427677031.41,B,10,4
1427677030.81,1427677031.45,A,2,4
1427677030.81,1427677031.45,B,10,4
1427677030.85,1427677031.49,A,4,4
1427677030.85,1427677031.49,B,8,4
1427677030.89,1427677031.53,A,5,4
1427677030.89,1427677031.53,B,8,4
1427677030.93,1427677031.57,A,5,4
1427677030.93,1427677031.57,B,8,4
1427677030.97,1427677031.61,A,8,5
1427677030.97,1427677031.61,B,8,5
1427677031.01,1427677031.65,A,10,6
1427677031.01,1427677031.65,B,11,6
1427677031.05,1427677031.69,A,11,6
1427677031.05,1427677031.69,B,11,6
1427677031.09,1427677031.73,A,11,6
1427677031.09,1427677031.73,B,11,6
1427677031.13,1427677031.77,A,13,6
1427677031.13,1427677031.77,B,10,6
1427677031.17,1427677031.81,A,11,6
1427677031.17,1427677031.81,B,6,6
1427677031.21,1427677031.85,A,10,5
1427677031.21,1427677031.85,B,5,5
1427677031.25,1427677031.89,A,11,5
1427677031.25,1427677031.89,B,6,5
1427677031.29,1427677031.93,A,11,5
1427677031.29,1427677031.93,B,6,5
1427677031.33,1427677031.97,A,12,5
1427677031.33,1427677031.97,B,6,5
1427677031.37,1427677032.01,A,12,5
1427677031.37,1427677032.01,B,4,5
1427677031.41,1427677032.05,A,12,5
1427677031.41,1427677032.05,B,2,5
1427677031.45,1427677032.09,A,11,5
1427677031.45,1427677032.09,B,1,5
1427677031.49,1427677032.13,A,10,5
1427677031.49,1427677032.13,B,2,5
1427677031.53,1427677032.17,A,9,5
1427677031.53,1427677032.17,B,3,5
1427677031.57,1427677032.21,A,10,6
1427677031.57,1427677032.21,B,5,6
1427677031.61,1427677032.25,A,12,5
1427677031.61,1427677032.25,B,7,5
1427677031.65,1427677032.29,A,10,5
1427677031.65,1427677032.29,B,8,5
1427677031.69,1427677032.33,A,10,5
1427677031.69,1427677032.33,B,9,5
1427677031.73,1427677032.37,A,8,5
1427677031.73,1427677032.37,B,11,5
1427677031.77,1427677032.41,A,6,4
1427677031.77,1427677032.41,B,11,4
1427677031.81,1427677032.45,A,6,4
1427677031.81,1427677032.45,B,11,4
1427677031.85,1427677032.49,A,6,4
1427677031.85,1427677032.49,B,11,4
1427677031.89,1427677032.53,A,6,4
1427677031.89,1427677032.53,B,11,4
1427677031.93,1427677032.57,A,7,4
1427677031.93,1427677032.57,B,10,4
1427677031.97,1427677032.61,A,4,5
1427677031.97,1427677032.61,B,12,5
1427677032.01,1427677032.65,A,5,5
1427677032.01,1427677032.65,B,13,5
1427677032.05,1427677032.69,A,4,4
1427677032.05,1427677032.69,B,12,4
1427677032.09,1427677032.73,A,5,4
1427677032.09,1427677032.73,B,12,4
1427677032.13,1427677032.77,A,7,4
1427677032.13,1427677032.77,B,9,4
1427677032.17,1427677032.81,A,10,4
1427677032.17,1427677032.81,B,5,4
1427677032.21,1427677032.85,A,8,4
1427677032.21,1427677032.85,B,5,4
1427677032.25,1427677032.89,A,8,5
1427677032.25,1427677032.89,B,6,5
1427677032.29,1427677032.93,A,8,5
1427677032.29,1427677032.93,B,7,5
1427677032.33,1427677032.97,A,8,5
1427677032.33,1427677032.97,B,7,5
1427677032.37,1427677033.01,A,9,5
1427677032.37,1427677033.01,B,5,5
1427677032.41,1427677033.05,A,8,5
1427677032.41,1427677033.05,B,5,5
1427677032.45,1427677033.09,A,8,5
1427677032.45,1427677033.09,B,5,5
1427677032.49,1427677033.13,A,5,5
1427677032.49,1427677033.13,B,3,5
1427677032.53,1427677033.17,A,4,5
1427677032.53,1427677033.17,B,3,5
1427677032.57,1427677033.21,A,4,5
1427677032.57,1427677033.21,B,3,5
1427677032.61,1427677033.25,A,5,5
1427677032.61,1427677033.25,B,4,5
1427677032.65,1427677033.29,A,2,5
1427677032.65,1427677033.29,B,7,5
1427677032.69,1427677033.33,A,5,6
1427677032.69,1427677033.33,B,11,6
1427677032.73,1427677033.37,A,5,6
1427677032.73,1427677033.37,B,9,6
1427677032.77,1427677033.41,A,4,6
1427677032.77,1427677033.41,B,10,6
1427677032.81,1427677033.45,A,9,6
1427677032.81,1427677033.45,B,14,6
1427677032.85,1427677033.49,A,10,6
1427677032.85,1427677033.49,B,14,6
1427677032.89,1427677033.53,A,11,5
1427677032.89,1427677033.53,B,12,5
1427677032.93,1427677033.57,A,13,5
1427677032.93,1427677033.57,B,9,5
1427677032.97,1427677033.61,A,13,5
1427677032.97,1427677033.61,B,9,5
1427677033.01,1427677033.65,A,12,5
1427677033.01,1427677033.65,B,9,5
1427677033.05,1427677033.69,A,13,5
1427677033.05,1427677033.69,B,8,5
1427677033.09,1427677033.73,A,13,5
1427677033.09,1427677033.73,B,8,5
1427677033.13,1427677033.77,A,12,5
1427677033.13,1427677033.77,B,7,5
1427677033.17,1427677033.81,A,12,5
1427677033.17,1427677033.81,B,6,5
1427677033.21,1427677033.85,A,10,5
1427677033.21,1427677033.85,B,8,5
1427677033.25,1427677033.89,A,9,5
1427677033.25,1427677033.89,B,7,5
1427677033.29,1427677033.93,A,8,3
1427677033.29,1427677033.93,B,5,3
1427677033.33,1427677033.97,A,7,3
1427677033.33,1427677033.97,B,2,3
1427677033.37,1427677034.01,A,8,3
1427677033.37,1427677034.01,B,2,3
1427677033.41,1427677034.05,A,8,3
1427677033.41,1427677034.05,B,2,3
1427677033.45,1427677034.09,A,8,3
1427677033.45,1427677034.09,B,2,3
1427677033.49,1427677034.13,A,7,3
1427677033.49,1427677034.13,B,2,3
1427677033.53,1427677034.17,A,7,3
1427677033.53,1427677034.17,B,4,3
1427677033.57,1427677034.21,A,6,3
1427677033.57,1427677034.21,B,3,3
1427677033.61,1427677034.25,A,8,3
1427677033.61,1427677034.25,B,4,3
1427677033.65,1427677034.29,A,9,3
1427677033.65,1427677034.29,B,3,3
1427677033.69,1427677034.33,A,10,5
1427677033.69,1427677034.33,B,3,5
1427677033.73,1427677034.37,A,13,5
1427677033.73,1427677034.37,B,6,5
1427677033.77,1427677034.41,A,14,6
1427677033.77,1427677034.41,B,9,6
1427677033.81,1427677034.45,A,10,6
1427677033.81,1427677034.45,B,13,6
1427677033.85,1427677034.49,A,9,7
1427677033.85,1427677034.49,B,12,7
1427677033.89,1427677034.53,A,1,8
1427677033.89,1427677034.53,B,18,8
1427677033.93,1427677034.57,A,1,9
1427677033.93,1427677034.57,B,17,9
1427677033.97,1427677034.61,A,3,9
1427677033.97,1427677034.61,B,15,9
1427677034.01,1427677034.65,A,4,9
1427677034.01,1427677034.65,B,15,9
1427677034.05,1427677034.69,A,4,9
1427677034.05,1427677034.69,B,18,9
1427677034.09,1427677034.73,A,6,10
1427677034.09,1427677034.73,B,20,10
1427677034.13,1427677034.77,A,7,10
1427677034.13,1427677034.77,B,21,10
1427677034.17,1427677034.81,A,7,9
1427677034.17,1427677034.81,B,20,9
1427677034.21,1427677034.85,A,6,9
1427677034.21,1427677034.85,B,21,9
1427677034.25,1427677034.89,A,9,9
1427677034.25,1427677034.89,B,23,9
1427677034.29,1427677034.93,A,8,9
1427677034.29,1427677034.93,B,23,9
1427677034.33,1427677034.97,A,9,9
1427677034.33,1427677034.97,B,21,9
1427677034.37,1427677035.01,A,13,9
1427677034.37,1427677035.01,B,18,9
1427677034.41,1427677035.05,A,13,9
1427677034.41,1427677035.05,B,15,9
1427677034.45,1427677035.09,A,9,8
1427677034.45,1427677035.09,B,13,8
1427677034.49,1427677035.13,A,8,8
1427677034.49,1427677035.13,B,11,8
