#targetfile:$(projectRoot)/result/result/Non/non/hasc-20150329-132541-mag-pca.csv-lowpass.csv
1427603150.96,1427603151.6,A,15,4
1427603151.0,1427603151.64,A,10,4
1427603151.04,1427603151.68,A,9,4
1427603151.08,1427603151.72,A,5,4
1427603151.12,1427603151.76,A,4,3
1427603151.16,1427603151.8,A,3,3
1427603151.2,1427603151.84,A,3,3
1427603151.24,1427603151.88,A,6,4
1427603151.28,1427603151.92,A,7,4
1427603151.32,1427603151.96,A,8,4
1427603151.36,1427603152.0,A,8,4
1427603151.4,1427603152.04,A,9,4
1427603151.44,1427603152.08,A,6,4
1427603151.48,1427603152.12,A,5,4
1427603151.52,1427603152.16,A,3,4
1427603151.56,1427603152.2,A,2,4
1427603151.6,1427603152.24,A,8,4
1427603151.64,1427603152.28,A,8,4
1427603151.68,1427603152.32,A,8,4
1427603151.72,1427603152.36,A,7,4
1427603151.76,1427603152.4,A,6,4
1427603151.8,1427603152.44,A,2,4
1427603151.84,1427603152.48,A,3,4
1427603151.88,1427603152.52,A,3,4
1427603151.92,1427603152.56,A,4,3
1427603151.96,1427603152.6,A,5,3
1427603152.0,1427603152.64,A,6,4
1427603152.04,1427603152.68,A,6,4
1427603152.08,1427603152.72,A,6,4
1427603152.12,1427603152.76,A,5,4
1427603152.16,1427603152.8,A,4,4
1427603152.2,1427603152.84,A,4,3
1427603152.24,1427603152.88,A,4,3
1427603152.28,1427603152.92,A,4,4
1427603152.32,1427603152.96,A,5,4
1427603152.36,1427603153.0,A,6,4
1427603152.4,1427603153.04,A,7,3
1427603152.44,1427603153.08,A,7,3
1427603152.48,1427603153.12,A,7,3
1427603152.52,1427603153.16,A,6,3
1427603152.56,1427603153.2,A,7,3
1427603152.6,1427603153.24,A,7,3
1427603152.64,1427603153.28,A,7,3
1427603152.68,1427603153.32,A,8,3
1427603152.72,1427603153.36,A,8,3
1427603152.76,1427603153.4,A,7,3
1427603152.8,1427603153.44,A,5,4
1427603152.84,1427603153.48,A,3,4
1427603152.88,1427603153.52,A,1,4
1427603152.92,1427603153.56,A,1,4
1427603152.96,1427603153.6,A,2,4
1427603153.0,1427603153.64,A,5,4
1427603153.04,1427603153.68,A,5,4
1427603153.08,1427603153.72,A,6,4
1427603153.12,1427603153.76,A,8,4
1427603153.16,1427603153.8,A,8,4
1427603153.2,1427603153.84,A,9,4
1427603153.24,1427603153.88,A,9,4
1427603153.28,1427603153.92,A,9,4
1427603153.32,1427603153.96,A,10,4
1427603153.36,1427603154.0,A,10,4
1427603153.4,1427603154.04,A,10,4
1427603153.44,1427603154.08,A,9,4
1427603153.48,1427603154.12,A,7,4
1427603153.52,1427603154.16,A,7,4
1427603153.56,1427603154.2,A,7,4
1427603153.6,1427603154.24,A,7,3
1427603153.64,1427603154.28,A,5,3
1427603153.68,1427603154.32,A,6,3
1427603153.72,1427603154.36,A,3,4
1427603153.76,1427603154.4,A,3,3
1427603153.8,1427603154.44,A,1,3
1427603153.84,1427603154.48,A,2,3
1427603153.88,1427603154.52,A,3,3
1427603153.92,1427603154.56,A,5,3
1427603153.96,1427603154.6,A,4,3
1427603154.0,1427603154.64,A,5,3
1427603154.04,1427603154.68,A,5,3
1427603154.08,1427603154.72,A,5,3
1427603154.12,1427603154.76,A,6,3
1427603154.16,1427603154.8,A,6,3
1427603154.2,1427603154.84,A,7,3
1427603154.24,1427603154.88,A,7,3
1427603154.28,1427603154.92,A,7,2
1427603154.32,1427603154.96,A,7,3
1427603154.36,1427603155.0,A,6,4
1427603154.4,1427603155.04,A,6,4
1427603154.44,1427603155.08,A,6,4
1427603154.48,1427603155.12,A,7,4
1427603154.52,1427603155.16,A,6,5
1427603154.56,1427603155.2,A,9,4
1427603154.6,1427603155.24,A,8,4
1427603154.64,1427603155.28,A,10,4
1427603154.68,1427603155.32,A,11,5
1427603154.72,1427603155.36,A,11,5
1427603154.76,1427603155.4,A,13,5
1427603154.8,1427603155.44,A,14,5
1427603154.84,1427603155.48,A,16,5
1427603154.88,1427603155.52,A,16,5
1427603154.92,1427603155.56,A,16,5
1427603154.96,1427603155.6,A,14,6
1427603155.0,1427603155.64,A,12,5
