#targetfile:$(projectRoot)/result/result/Non/non/hasc-20150329-131629-mag-pca.csv-lowpass.csv
1427602596.31,1427602596.95,A,10,4
1427602596.35,1427602596.99,A,11,4
1427602596.39,1427602597.03,A,12,4
1427602596.43,1427602597.07,A,10,3
1427602596.47,1427602597.11,A,9,3
1427602596.51,1427602597.15,A,8,3
1427602596.55,1427602597.19,A,6,3
1427602596.59,1427602597.23,A,7,3
1427602596.63,1427602597.27,A,8,3
1427602596.67,1427602597.31,A,6,3
1427602596.71,1427602597.35,A,6,3
1427602596.75,1427602597.39,A,5,3
1427602596.79,1427602597.43,A,5,3
1427602596.83,1427602597.47,A,4,3
1427602596.87,1427602597.51,A,4,3
1427602596.91,1427602597.55,A,4,3
1427602596.95,1427602597.59,A,3,2
1427602596.99,1427602597.63,A,3,2
1427602597.03,1427602597.67,A,2,2
1427602597.07,1427602597.71,A,1,2
1427602597.11,1427602597.75,A,4,3
1427602597.15,1427602597.79,A,4,3
1427602597.19,1427602597.83,A,4,3
1427602597.23,1427602597.87,A,4,3
1427602597.27,1427602597.91,A,3,3
1427602597.31,1427602597.95,A,3,3
1427602597.35,1427602597.99,A,3,3
1427602597.39,1427602598.03,A,3,3
1427602597.43,1427602598.07,A,3,3
1427602597.47,1427602598.11,A,3,3
1427602597.51,1427602598.15,A,4,3
1427602597.55,1427602598.19,A,4,4
1427602597.59,1427602598.23,A,4,4
1427602597.63,1427602598.27,A,3,3
1427602597.67,1427602598.31,A,4,4
1427602597.71,1427602598.35,A,4,4
1427602597.75,1427602598.39,A,3,3
1427602597.79,1427602598.43,A,1,3
1427602597.83,1427602598.47,A,2,3
1427602597.87,1427602598.51,A,5,4
1427602597.91,1427602598.55,A,6,4
1427602597.95,1427602598.59,A,8,4
1427602597.99,1427602598.63,A,7,4
1427602598.03,1427602598.67,A,7,4
1427602598.07,1427602598.71,A,10,5
1427602598.11,1427602598.75,A,9,5
1427602598.15,1427602598.79,A,7,4
1427602598.19,1427602598.83,A,8,4
1427602598.23,1427602598.87,A,8,4
1427602598.27,1427602598.91,A,7,4
1427602598.31,1427602598.95,A,8,4
1427602598.35,1427602598.99,A,9,4
1427602598.39,1427602599.03,A,10,4
1427602598.43,1427602599.07,A,11,4
1427602598.47,1427602599.11,A,11,4
1427602598.51,1427602599.15,A,11,4
1427602598.55,1427602599.19,A,11,5
1427602598.59,1427602599.23,A,8,5
1427602598.63,1427602599.27,A,8,5
1427602598.67,1427602599.31,A,7,5
1427602598.71,1427602599.35,A,4,5
1427602598.75,1427602599.39,A,5,6
1427602598.79,1427602599.43,A,5,6
1427602598.83,1427602599.47,A,4,6
1427602598.87,1427602599.51,A,5,6
1427602598.91,1427602599.55,A,6,6
1427602598.95,1427602599.59,A,2,6
1427602598.99,1427602599.63,A,4,6
1427602599.03,1427602599.67,A,5,6
1427602599.07,1427602599.71,A,4,7
1427602599.11,1427602599.75,A,3,7
1427602599.15,1427602599.79,A,2,7
1427602599.19,1427602599.83,A,7,6
1427602599.23,1427602599.87,A,7,7
1427602599.27,1427602599.91,A,9,7
1427602599.31,1427602599.95,A,7,7
1427602599.31,1427602599.95,B,18,7
1427602599.35,1427602599.99,A,9,7
1427602599.35,1427602599.99,B,16,7
1427602599.39,1427602600.03,A,7,6
1427602599.39,1427602600.03,B,15,6
1427602599.43,1427602600.07,A,8,6
1427602599.43,1427602600.07,B,14,6
1427602599.47,1427602600.11,A,11,6
1427602599.47,1427602600.11,B,16,6
1427602599.51,1427602600.15,A,10,6
1427602599.51,1427602600.15,B,20,6
1427602599.55,1427602600.19,A,10,6
1427602599.55,1427602600.19,B,22,6
1427602599.59,1427602600.23,A,9,6
1427602599.59,1427602600.23,B,23,6
1427602599.63,1427602600.27,A,12,6
1427602599.63,1427602600.27,B,20,6
1427602599.67,1427602600.31,A,10,5
1427602599.67,1427602600.31,B,16,5
1427602599.71,1427602600.35,A,10,5
1427602599.71,1427602600.35,B,15,5
1427602599.75,1427602600.39,A,9,4
1427602599.75,1427602600.39,B,13,4
1427602599.79,1427602600.43,A,9,4
1427602599.79,1427602600.43,B,13,4
1427602599.83,1427602600.47,A,10,4
1427602599.83,1427602600.47,B,12,4
1427602599.87,1427602600.51,A,12,5
1427602599.87,1427602600.51,B,9,5
1427602599.91,1427602600.55,A,12,4
1427602599.91,1427602600.55,B,7,4
1427602599.95,1427602600.59,A,10,4
1427602599.95,1427602600.59,B,5,4
1427602599.99,1427602600.63,A,10,4
1427602599.99,1427602600.63,B,5,4
1427602600.03,1427602600.67,A,9,4
1427602600.03,1427602600.67,B,6,4
1427602600.07,1427602600.71,A,7,4
1427602600.07,1427602600.71,B,7,4
1427602600.11,1427602600.75,A,7,4
1427602600.11,1427602600.75,B,7,4
1427602600.15,1427602600.79,A,3,3
1427602600.15,1427602600.79,B,7,3
1427602600.19,1427602600.83,A,3,3
1427602600.19,1427602600.83,B,7,3
1427602600.23,1427602600.87,A,4,3
1427602600.23,1427602600.87,B,6,3
1427602600.27,1427602600.91,A,5,3
1427602600.27,1427602600.91,B,5,3
1427602600.31,1427602600.95,A,5,3
1427602600.31,1427602600.95,B,4,3
1427602600.35,1427602600.99,A,6,4
1427602600.35,1427602600.99,B,3,4
1427602600.39,1427602601.03,A,2,4
1427602600.39,1427602601.03,B,6,4
1427602600.43,1427602601.07,A,2,3
1427602600.43,1427602601.07,B,8,3
1427602600.47,1427602601.11,A,3,3
1427602600.47,1427602601.11,B,7,3
1427602600.51,1427602601.15,A,1,3
1427602600.51,1427602601.15,B,5,3
1427602600.55,1427602601.19,A,0,3
1427602600.55,1427602601.19,B,5,3
1427602600.59,1427602601.23,A,1,3
1427602600.59,1427602601.23,B,6,3
1427602600.63,1427602601.27,A,1,3
1427602600.63,1427602601.27,B,7,3
1427602600.67,1427602601.31,A,2,3
1427602600.67,1427602601.31,B,8,3
1427602600.71,1427602601.35,A,2,3
1427602600.71,1427602601.35,B,8,3
1427602600.75,1427602601.39,A,3,3
1427602600.75,1427602601.39,B,8,3
1427602600.79,1427602601.43,A,3,3
1427602600.79,1427602601.43,B,8,3
1427602600.83,1427602601.47,A,6,4
1427602600.83,1427602601.47,B,7,4
1427602600.87,1427602601.51,A,6,4
1427602600.87,1427602601.51,B,7,4
1427602600.91,1427602601.55,A,10,4
1427602600.91,1427602601.55,B,7,4
1427602600.95,1427602601.59,A,11,4
1427602600.95,1427602601.59,B,7,4
1427602600.99,1427602601.63,A,13,4
1427602600.99,1427602601.63,B,5,4
1427602601.03,1427602601.67,A,11,4
1427602601.03,1427602601.67,B,4,4
1427602601.07,1427602601.71,A,11,4
1427602601.07,1427602601.71,B,4,4
1427602601.11,1427602601.75,A,13,4
1427602601.11,1427602601.75,B,4,4
1427602601.15,1427602601.79,A,14,4
1427602601.15,1427602601.79,B,5,4
1427602601.19,1427602601.83,A,15,4
1427602601.19,1427602601.83,B,6,4
1427602601.23,1427602601.87,A,14,4
1427602601.23,1427602601.87,B,6,4
1427602601.27,1427602601.91,A,14,4
1427602601.27,1427602601.91,B,7,4
1427602601.31,1427602601.95,A,11,5
1427602601.31,1427602601.95,B,9,5
1427602601.35,1427602601.99,A,11,5
1427602601.35,1427602601.99,B,8,5
1427602601.39,1427602602.03,A,10,5
1427602601.39,1427602602.03,B,5,5
1427602601.43,1427602602.07,A,8,5
1427602601.43,1427602602.07,B,4,5
1427602601.47,1427602602.11,A,8,5
1427602601.47,1427602602.11,B,6,5
1427602601.51,1427602602.15,A,8,6
1427602601.51,1427602602.15,B,7,6
1427602601.55,1427602602.19,A,5,6
1427602601.55,1427602602.19,B,5,6
1427602601.59,1427602602.23,A,6,6
1427602601.59,1427602602.23,B,7,6
1427602601.63,1427602602.27,A,7,6
1427602601.63,1427602602.27,B,8,6
1427602601.67,1427602602.31,A,4,6
1427602601.67,1427602602.31,B,8,6
1427602601.71,1427602602.35,A,5,6
1427602601.71,1427602602.35,B,8,6
1427602601.75,1427602602.39,A,6,6
1427602601.75,1427602602.39,B,8,6
1427602601.79,1427602602.43,A,6,5
1427602601.79,1427602602.43,B,6,5
1427602601.83,1427602602.47,A,8,5
1427602601.83,1427602602.47,B,5,5
1427602601.87,1427602602.51,A,10,5
1427602601.87,1427602602.51,B,6,5
1427602601.91,1427602602.55,A,11,5
1427602601.91,1427602602.55,B,8,5
1427602601.95,1427602602.59,A,10,5
1427602601.95,1427602602.59,B,9,5
1427602601.99,1427602602.63,A,11,5
1427602601.99,1427602602.63,B,7,5
1427602602.03,1427602602.67,A,13,5
1427602602.03,1427602602.67,B,7,5
1427602602.07,1427602602.71,A,11,6
1427602602.07,1427602602.71,B,9,6
1427602602.11,1427602602.75,A,10,5
1427602602.11,1427602602.75,B,10,5
1427602602.15,1427602602.79,A,11,5
1427602602.15,1427602602.79,B,11,5
1427602602.19,1427602602.83,A,10,4
1427602602.19,1427602602.83,B,9,4
1427602602.23,1427602602.87,A,7,4
1427602602.23,1427602602.87,B,9,4
1427602602.27,1427602602.91,A,7,4
1427602602.27,1427602602.91,B,9,4
1427602602.31,1427602602.95,A,8,4
1427602602.31,1427602602.95,B,7,4
1427602602.35,1427602602.99,A,5,4
1427602602.35,1427602602.99,B,4,4
1427602602.39,1427602603.03,A,6,4
1427602602.39,1427602603.03,B,5,4
1427602602.43,1427602603.07,A,4,5
1427602602.43,1427602603.07,B,7,5
1427602602.47,1427602603.11,A,4,5
1427602602.47,1427602603.11,B,7,5
1427602602.51,1427602603.15,A,3,5
1427602602.51,1427602603.15,B,7,5
1427602602.55,1427602603.19,A,3,5
1427602602.55,1427602603.19,B,6,5
1427602602.59,1427602603.23,A,4,5
1427602602.59,1427602603.23,B,7,5
1427602602.63,1427602603.27,A,4,5
1427602602.63,1427602603.27,B,8,5
1427602602.67,1427602603.31,A,7,5
1427602602.67,1427602603.31,B,5,5
1427602602.71,1427602603.35,A,6,4
1427602602.71,1427602603.35,B,4,4
1427602602.75,1427602603.39,A,7,4
1427602602.75,1427602603.39,B,4,4
1427602602.79,1427602603.43,A,5,4
1427602602.79,1427602603.43,B,6,4
1427602602.83,1427602603.47,A,5,4
1427602602.83,1427602603.47,B,6,4
1427602602.87,1427602603.51,A,5,4
1427602602.87,1427602603.51,B,6,4
1427602602.91,1427602603.55,A,5,4
1427602602.91,1427602603.55,B,8,4
1427602602.95,1427602603.59,A,6,5
1427602602.95,1427602603.59,B,9,5
1427602602.99,1427602603.63,A,5,5
1427602602.99,1427602603.63,B,11,5
1427602603.03,1427602603.67,A,7,5
1427602603.03,1427602603.67,B,9,5
1427602603.07,1427602603.71,A,6,4
1427602603.07,1427602603.71,B,7,4
1427602603.11,1427602603.75,A,9,5
1427602603.11,1427602603.75,B,6,5
1427602603.15,1427602603.79,A,6,4
1427602603.15,1427602603.79,B,9,4
