#targetfile:$(projectRoot)/result/result/Non/non/hasc-20150330-095724-mag-pca.csv-lowpass.csv
1427677050.96,1427677051.6,A,13,5
1427677051.0,1427677051.64,A,9,5
1427677051.04,1427677051.68,A,9,4
1427677051.08,1427677051.72,A,9,4
1427677051.12,1427677051.76,A,10,5
1427677051.12,1427677051.76,B,10,5
1427677051.16,1427677051.8,A,10,5
1427677051.16,1427677051.8,B,10,5
1427677051.2,1427677051.84,A,11,5
1427677051.2,1427677051.84,B,9,5
1427677051.24,1427677051.88,A,13,5
1427677051.24,1427677051.88,B,10,5
1427677051.28,1427677051.92,A,14,5
1427677051.28,1427677051.92,B,9,5
1427677051.32,1427677051.96,A,13,5
1427677051.32,1427677051.96,B,8,5
1427677051.36,1427677052.0,A,13,5
1427677051.36,1427677052.0,B,9,5
1427677051.4,1427677052.04,A,13,5
1427677051.4,1427677052.04,B,10,5
1427677051.44,1427677052.08,A,12,5
1427677051.44,1427677052.08,B,12,5
1427677051.48,1427677052.12,A,13,6
1427677051.48,1427677052.12,B,13,6
1427677051.52,1427677052.16,A,12,6
1427677051.52,1427677052.16,B,12,6
1427677051.56,1427677052.2,A,14,6
1427677051.56,1427677052.2,B,10,6
1427677051.6,1427677052.24,A,15,6
1427677051.6,1427677052.24,B,10,6
1427677051.64,1427677052.28,A,15,7
1427677051.64,1427677052.28,B,9,7
1427677051.68,1427677052.32,A,15,7
1427677051.68,1427677052.32,B,9,7
1427677051.72,1427677052.36,A,14,6
1427677051.72,1427677052.36,B,8,6
1427677051.76,1427677052.4,A,11,6
1427677051.76,1427677052.4,B,5,6
1427677051.8,1427677052.44,A,10,5
1427677051.8,1427677052.44,B,4,5
1427677051.84,1427677052.48,A,8,5
1427677051.84,1427677052.48,B,5,5
1427677051.88,1427677052.52,A,7,5
1427677051.88,1427677052.52,B,4,5
1427677051.92,1427677052.56,A,5,5
1427677051.92,1427677052.56,B,4,5
1427677051.96,1427677052.6,A,5,5
1427677051.96,1427677052.6,B,4,5
1427677052.0,1427677052.64,A,8,5
1427677052.0,1427677052.64,B,2,5
1427677052.04,1427677052.68,A,9,5
1427677052.04,1427677052.68,B,4,5
1427677052.08,1427677052.72,A,9,5
1427677052.08,1427677052.72,B,6,5
1427677052.12,1427677052.76,A,8,4
1427677052.12,1427677052.76,B,8,4
1427677052.16,1427677052.8,A,8,4
1427677052.16,1427677052.8,B,7,4
1427677052.2,1427677052.84,A,6,3
1427677052.2,1427677052.84,B,5,3
1427677052.24,1427677052.88,A,5,3
1427677052.24,1427677052.88,B,5,3
1427677052.28,1427677052.92,A,8,3
1427677052.28,1427677052.92,B,6,3
1427677052.32,1427677052.96,A,6,4
1427677052.32,1427677052.96,B,8,4
1427677052.36,1427677053.0,A,5,4
1427677052.36,1427677053.0,B,9,4
1427677052.4,1427677053.04,A,5,4
1427677052.4,1427677053.04,B,9,4
1427677052.44,1427677053.08,A,5,4
1427677052.44,1427677053.08,B,8,4
1427677052.48,1427677053.12,A,4,4
1427677052.48,1427677053.12,B,8,4
1427677052.52,1427677053.16,A,5,3
1427677052.52,1427677053.16,B,7,3
1427677052.56,1427677053.2,A,5,3
1427677052.56,1427677053.2,B,7,3
1427677052.6,1427677053.24,A,5,3
1427677052.6,1427677053.24,B,6,3
1427677052.64,1427677053.28,A,4,3
1427677052.64,1427677053.28,B,5,3
1427677052.68,1427677053.32,A,3,3
1427677052.68,1427677053.32,B,6,3
1427677052.72,1427677053.36,A,0,3
1427677052.72,1427677053.36,B,5,3
1427677052.76,1427677053.4,A,1,3
1427677052.76,1427677053.4,B,4,3
1427677052.8,1427677053.44,A,2,3
1427677052.8,1427677053.44,B,4,3
1427677052.84,1427677053.48,A,2,3
1427677052.84,1427677053.48,B,4,3
1427677052.88,1427677053.52,A,1,3
1427677052.88,1427677053.52,B,3,3
1427677052.92,1427677053.56,A,5,3
1427677052.92,1427677053.56,B,4,3
1427677052.96,1427677053.6,A,5,3
1427677052.96,1427677053.6,B,4,3
1427677053.0,1427677053.64,A,8,4
1427677053.0,1427677053.64,B,6,4
1427677053.04,1427677053.68,A,7,5
1427677053.04,1427677053.68,B,9,5
1427677053.08,1427677053.72,A,8,5
1427677053.08,1427677053.72,B,8,5
1427677053.12,1427677053.76,A,7,5
1427677053.12,1427677053.76,B,7,5
1427677053.16,1427677053.8,A,7,5
1427677053.16,1427677053.8,B,7,5
1427677053.2,1427677053.84,A,4,5
1427677053.2,1427677053.84,B,6,5
1427677053.24,1427677053.88,A,4,5
1427677053.24,1427677053.88,B,6,5
1427677053.28,1427677053.92,A,5,5
1427677053.28,1427677053.92,B,7,5
1427677053.32,1427677053.96,A,2,6
1427677053.32,1427677053.96,B,10,6
1427677053.36,1427677054.0,A,3,6
1427677053.36,1427677054.0,B,9,6
1427677053.4,1427677054.04,A,3,6
1427677053.4,1427677054.04,B,11,6
1427677053.44,1427677054.08,A,2,6
1427677053.44,1427677054.08,B,12,6
1427677053.48,1427677054.12,A,2,6
1427677053.48,1427677054.12,B,13,6
1427677053.52,1427677054.16,A,2,6
1427677053.52,1427677054.16,B,13,6
1427677053.56,1427677054.2,A,3,6
1427677053.56,1427677054.2,B,14,6
1427677053.6,1427677054.24,A,3,6
1427677053.6,1427677054.24,B,13,6
1427677053.64,1427677054.28,A,8,6
1427677053.64,1427677054.28,B,9,6
1427677053.68,1427677054.32,A,7,5
1427677053.68,1427677054.32,B,10,5
1427677053.72,1427677054.36,A,8,5
1427677053.72,1427677054.36,B,10,5
1427677053.76,1427677054.4,A,7,4
1427677053.76,1427677054.4,B,6,4
1427677053.8,1427677054.44,A,7,4
1427677053.8,1427677054.44,B,5,4
1427677053.84,1427677054.48,A,3,5
1427677053.84,1427677054.48,B,4,5
1427677053.88,1427677054.52,A,4,5
1427677053.88,1427677054.52,B,5,5
1427677053.92,1427677054.56,A,7,5
1427677053.92,1427677054.56,B,8,5
1427677053.96,1427677054.6,A,5,5
1427677053.96,1427677054.6,B,12,5
1427677054.0,1427677054.64,A,5,5
1427677054.0,1427677054.64,B,12,5
1427677054.04,1427677054.68,A,4,4
1427677054.04,1427677054.68,B,9,4
1427677054.08,1427677054.72,A,2,4
1427677054.08,1427677054.72,B,8,4
1427677054.12,1427677054.76,A,0,4
1427677054.12,1427677054.76,B,8,4
1427677054.16,1427677054.8,A,1,5
1427677054.16,1427677054.8,B,9,5
1427677054.2,1427677054.84,A,2,5
1427677054.2,1427677054.84,B,9,5
1427677054.24,1427677054.88,A,5,6
1427677054.24,1427677054.88,B,10,6
1427677054.28,1427677054.92,A,5,7
1427677054.28,1427677054.92,B,13,7
1427677054.32,1427677054.96,A,5,6
1427677054.32,1427677054.96,B,12,6
1427677054.36,1427677055.0,A,3,7
1427677054.36,1427677055.0,B,11,7
1427677054.4,1427677055.04,A,2,7
1427677054.4,1427677055.04,B,10,7
1427677054.44,1427677055.08,A,1,7
1427677054.44,1427677055.08,B,9,7
1427677054.48,1427677055.12,A,3,6
1427677054.48,1427677055.12,B,7,6
1427677054.52,1427677055.16,A,2,6
1427677054.52,1427677055.16,B,7,6
1427677054.56,1427677055.2,A,1,6
1427677054.56,1427677055.2,B,10,6
1427677054.6,1427677055.24,A,3,6
1427677054.6,1427677055.24,B,12,6
1427677054.64,1427677055.28,A,4,6
1427677054.64,1427677055.28,B,12,6
1427677054.68,1427677055.32,A,5,6
1427677054.68,1427677055.32,B,11,6
1427677054.72,1427677055.36,A,4,5
1427677054.72,1427677055.36,B,11,5
1427677054.76,1427677055.4,A,4,5
1427677054.76,1427677055.4,B,10,5
1427677054.8,1427677055.44,A,1,5
1427677054.8,1427677055.44,B,9,5
1427677054.84,1427677055.48,A,2,5
1427677054.84,1427677055.48,B,6,5
1427677054.88,1427677055.52,A,8,5
1427677054.88,1427677055.52,B,5,5
1427677054.92,1427677055.56,A,8,4
1427677054.92,1427677055.56,B,8,4
1427677054.96,1427677055.6,A,8,4
1427677054.96,1427677055.6,B,8,4
1427677055.0,1427677055.64,A,6,4
1427677055.0,1427677055.64,B,9,4
1427677055.04,1427677055.68,A,2,4
1427677055.04,1427677055.68,B,12,4
1427677055.08,1427677055.72,A,0,4
1427677055.08,1427677055.72,B,13,4
1427677055.12,1427677055.76,A,3,5
1427677055.12,1427677055.76,B,14,5
1427677055.16,1427677055.8,A,3,5
1427677055.16,1427677055.8,B,14,5
1427677055.2,1427677055.84,A,3,5
1427677055.2,1427677055.84,B,14,5
1427677055.24,1427677055.88,A,3,5
1427677055.24,1427677055.88,B,14,5
1427677055.28,1427677055.92,A,4,5
1427677055.28,1427677055.92,B,14,5
1427677055.32,1427677055.96,A,4,5
1427677055.32,1427677055.96,B,14,5
1427677055.36,1427677056.0,A,7,5
1427677055.36,1427677056.0,B,12,5
1427677055.4,1427677056.04,A,7,5
1427677055.4,1427677056.04,B,11,5
1427677055.44,1427677056.08,A,7,5
1427677055.44,1427677056.08,B,10,5
1427677055.48,1427677056.12,A,5,5
1427677055.48,1427677056.12,B,6,5
1427677055.52,1427677056.16,A,3,5
1427677055.52,1427677056.16,B,8,5
1427677055.56,1427677056.2,A,5,5
1427677055.56,1427677056.2,B,10,5
1427677055.6,1427677056.24,A,8,5
1427677055.6,1427677056.24,B,9,5
1427677055.64,1427677056.28,A,8,5
1427677055.64,1427677056.28,B,8,5
1427677055.68,1427677056.32,A,7,5
1427677055.68,1427677056.32,B,8,5
1427677055.72,1427677056.36,A,7,5
1427677055.72,1427677056.36,B,7,5
1427677055.76,1427677056.4,A,7,5
1427677055.76,1427677056.4,B,7,5
1427677055.8,1427677056.44,A,10,4
1427677055.8,1427677056.44,B,8,4
1427677055.84,1427677056.48,A,10,5
1427677055.84,1427677056.48,B,11,5
1427677055.88,1427677056.52,A,10,5
1427677055.88,1427677056.52,B,11,5
1427677055.92,1427677056.56,A,8,6
1427677055.92,1427677056.56,B,12,6
1427677055.96,1427677056.6,A,8,5
1427677055.96,1427677056.6,B,13,5
1427677056.0,1427677056.64,A,7,5
1427677056.0,1427677056.64,B,12,5
1427677056.04,1427677056.68,A,7,5
1427677056.04,1427677056.68,B,11,5
1427677056.08,1427677056.72,A,6,5
1427677056.08,1427677056.72,B,10,5
1427677056.12,1427677056.76,A,7,5
1427677056.12,1427677056.76,B,10,5
1427677056.16,1427677056.8,A,7,5
1427677056.16,1427677056.8,B,9,5
1427677056.2,1427677056.84,A,7,5
1427677056.2,1427677056.84,B,9,5
1427677056.24,1427677056.88,A,7,5
1427677056.24,1427677056.88,B,8,5
1427677056.28,1427677056.92,A,8,5
1427677056.28,1427677056.92,B,9,5
1427677056.32,1427677056.96,A,9,6
1427677056.32,1427677056.96,B,8,6
1427677056.36,1427677057.0,A,8,6
1427677056.36,1427677057.0,B,8,6
1427677056.4,1427677057.04,A,6,6
1427677056.4,1427677057.04,B,10,6
1427677056.44,1427677057.08,A,4,6
1427677056.44,1427677057.08,B,10,6
1427677056.48,1427677057.12,A,2,6
1427677056.48,1427677057.12,B,8,6
1427677056.52,1427677057.16,A,2,6
1427677056.52,1427677057.16,B,9,6
1427677056.56,1427677057.2,A,3,6
1427677056.56,1427677057.2,B,7,6
1427677056.6,1427677057.24,A,3,6
1427677056.6,1427677057.24,B,6,6
1427677056.64,1427677057.28,A,0,6
1427677056.64,1427677057.28,B,9,6
1427677056.68,1427677057.32,A,5,7
1427677056.68,1427677057.32,B,14,7
1427677056.72,1427677057.36,A,5,7
1427677056.72,1427677057.36,B,16,7
1427677056.76,1427677057.4,A,6,7
1427677056.76,1427677057.4,B,17,7
1427677056.8,1427677057.44,A,6,7
1427677056.8,1427677057.44,B,17,7
1427677056.84,1427677057.48,A,6,7
1427677056.84,1427677057.48,B,17,7
1427677056.88,1427677057.52,A,4,7
1427677056.88,1427677057.52,B,15,7
1427677056.92,1427677057.56,A,3,7
1427677056.92,1427677057.56,B,14,7
1427677056.96,1427677057.6,A,2,6
1427677056.96,1427677057.6,B,12,6
1427677057.0,1427677057.64,A,2,6
1427677057.0,1427677057.64,B,12,6
1427677057.04,1427677057.68,A,5,6
1427677057.04,1427677057.68,B,10,6
1427677057.08,1427677057.72,A,5,6
1427677057.08,1427677057.72,B,10,6
1427677057.12,1427677057.76,A,5,6
1427677057.12,1427677057.76,B,11,6
1427677057.16,1427677057.8,A,7,6
1427677057.16,1427677057.8,B,12,6
1427677057.2,1427677057.84,A,6,6
1427677057.2,1427677057.84,B,14,6
1427677057.24,1427677057.88,A,5,6
1427677057.24,1427677057.88,B,14,6
1427677057.28,1427677057.92,A,3,6
1427677057.28,1427677057.92,B,12,6
1427677057.32,1427677057.96,A,2,5
1427677057.32,1427677057.96,B,9,5
1427677057.36,1427677058.0,A,4,5
1427677057.36,1427677058.0,B,7,5
1427677057.4,1427677058.04,A,3,5
1427677057.4,1427677058.04,B,7,5
1427677057.44,1427677058.08,A,3,4
1427677057.44,1427677058.08,B,8,4
1427677057.48,1427677058.12,A,2,4
1427677057.48,1427677058.12,B,8,4
1427677057.52,1427677058.16,A,4,5
1427677057.52,1427677058.16,B,7,5
1427677057.56,1427677058.2,A,4,5
1427677057.56,1427677058.2,B,8,5
1427677057.6,1427677058.24,A,2,4
1427677057.6,1427677058.24,B,10,4
1427677057.64,1427677058.28,A,2,5
1427677057.64,1427677058.28,B,11,5
1427677057.68,1427677058.32,A,1,4
1427677057.68,1427677058.32,B,12,4
1427677057.72,1427677058.36,A,1,4
1427677057.72,1427677058.36,B,11,4
1427677057.76,1427677058.4,A,3,5
1427677057.76,1427677058.4,B,11,5
1427677057.8,1427677058.44,A,3,4
1427677057.8,1427677058.44,B,11,4
1427677057.84,1427677058.48,A,2,4
1427677057.84,1427677058.48,B,10,4
1427677057.88,1427677058.52,A,5,4
1427677057.88,1427677058.52,B,7,4
1427677057.92,1427677058.56,A,5,4
1427677057.92,1427677058.56,B,6,4
1427677057.96,1427677058.6,A,3,4
1427677057.96,1427677058.6,B,7,4
1427677058.0,1427677058.64,A,3,4
1427677058.0,1427677058.64,B,8,4
1427677058.04,1427677058.68,A,4,4
1427677058.04,1427677058.68,B,10,4
1427677058.08,1427677058.72,A,6,4
1427677058.08,1427677058.72,B,11,4
1427677058.12,1427677058.76,A,8,4
1427677058.12,1427677058.76,B,10,4
1427677058.16,1427677058.8,A,9,4
1427677058.16,1427677058.8,B,6,4
1427677058.2,1427677058.84,A,9,4
1427677058.2,1427677058.84,B,5,4
1427677058.24,1427677058.88,A,8,3
1427677058.24,1427677058.88,B,5,3
1427677058.28,1427677058.92,A,8,3
1427677058.28,1427677058.92,B,5,3
1427677058.32,1427677058.96,A,8,4
1427677058.32,1427677058.96,B,4,4
1427677058.36,1427677059.0,A,9,4
1427677058.36,1427677059.0,B,4,4
1427677058.4,1427677059.04,A,6,4
1427677058.4,1427677059.04,B,5,4
1427677058.44,1427677059.08,A,7,5
1427677058.44,1427677059.08,B,4,5
1427677058.48,1427677059.12,A,7,5
1427677058.48,1427677059.12,B,5,5
1427677058.52,1427677059.16,A,7,5
1427677058.52,1427677059.16,B,5,5
1427677058.56,1427677059.2,A,6,5
1427677058.56,1427677059.2,B,4,5
1427677058.6,1427677059.24,A,7,5
1427677058.6,1427677059.24,B,3,5
1427677058.64,1427677059.28,A,7,5
1427677058.64,1427677059.28,B,4,5
1427677058.68,1427677059.32,A,7,5
1427677058.68,1427677059.32,B,4,5
1427677058.72,1427677059.36,A,7,5
1427677058.72,1427677059.36,B,5,5
1427677058.76,1427677059.4,A,6,5
1427677058.76,1427677059.4,B,6,5
1427677058.8,1427677059.44,A,3,5
1427677058.8,1427677059.44,B,6,5
1427677058.84,1427677059.48,A,3,5
1427677058.84,1427677059.48,B,7,5
1427677058.88,1427677059.52,A,3,5
1427677058.88,1427677059.52,B,7,5
1427677058.92,1427677059.56,A,4,5
1427677058.92,1427677059.56,B,8,5
1427677058.96,1427677059.6,A,2,4
1427677058.96,1427677059.6,B,9,4
1427677059.0,1427677059.64,A,3,4
1427677059.0,1427677059.64,B,10,4
1427677059.04,1427677059.68,A,3,4
1427677059.04,1427677059.68,B,9,4
1427677059.08,1427677059.72,A,2,4
1427677059.08,1427677059.72,B,7,4
1427677059.12,1427677059.76,A,2,3
1427677059.12,1427677059.76,B,7,3
1427677059.16,1427677059.8,A,3,3
1427677059.16,1427677059.8,B,6,3
1427677059.2,1427677059.84,A,6,4
1427677059.2,1427677059.84,B,4,4
1427677059.24,1427677059.88,A,4,4
1427677059.24,1427677059.88,B,7,4
1427677059.28,1427677059.92,A,2,4
1427677059.28,1427677059.92,B,9,4
1427677059.32,1427677059.96,A,1,4
1427677059.32,1427677059.96,B,9,4
1427677059.36,1427677060.0,A,1,4
1427677059.36,1427677060.0,B,9,4
1427677059.4,1427677060.04,A,1,4
1427677059.4,1427677060.04,B,9,4
1427677059.44,1427677060.08,A,0,4
1427677059.44,1427677060.08,B,10,4
1427677059.48,1427677060.12,A,0,4
1427677059.48,1427677060.12,B,9,4
1427677059.52,1427677060.16,A,0,4
1427677059.52,1427677060.16,B,10,4
1427677059.56,1427677060.2,A,1,4
1427677059.56,1427677060.2,B,10,4
1427677059.6,1427677060.24,A,0,4
1427677059.6,1427677060.24,B,9,4
1427677059.64,1427677060.28,A,3,4
1427677059.64,1427677060.28,B,8,4
1427677059.68,1427677060.32,A,3,4
1427677059.68,1427677060.32,B,7,4
1427677059.72,1427677060.36,A,5,5
1427677059.72,1427677060.36,B,9,5
1427677059.76,1427677060.4,A,5,5
1427677059.76,1427677060.4,B,11,5
1427677059.8,1427677060.44,A,6,5
1427677059.8,1427677060.44,B,10,5
1427677059.84,1427677060.48,A,8,4
1427677059.84,1427677060.48,B,9,4
1427677059.88,1427677060.52,A,8,4
1427677059.88,1427677060.52,B,6,4
1427677059.92,1427677060.56,A,6,4
1427677059.92,1427677060.56,B,6,4
1427677059.96,1427677060.6,A,6,4
1427677059.96,1427677060.6,B,6,4
1427677060.0,1427677060.64,A,4,4
1427677060.0,1427677060.64,B,7,4
1427677060.04,1427677060.68,A,4,4
1427677060.04,1427677060.68,B,8,4
1427677060.08,1427677060.72,A,4,4
1427677060.08,1427677060.72,B,9,4
1427677060.12,1427677060.76,A,3,4
1427677060.12,1427677060.76,B,10,4
1427677060.16,1427677060.8,A,1,4
1427677060.16,1427677060.8,B,10,4
1427677060.2,1427677060.84,A,1,5
1427677060.2,1427677060.84,B,8,5
1427677060.24,1427677060.88,A,4,5
1427677060.24,1427677060.88,B,7,5
1427677060.28,1427677060.92,A,5,5
1427677060.28,1427677060.92,B,7,5
1427677060.32,1427677060.96,A,8,6
1427677060.32,1427677060.96,B,9,6
1427677060.36,1427677061.0,A,9,6
1427677060.36,1427677061.0,B,8,6
1427677060.4,1427677061.04,A,10,6
1427677060.4,1427677061.04,B,7,6
1427677060.44,1427677061.08,A,14,5
1427677060.44,1427677061.08,B,9,5
1427677060.48,1427677061.12,A,13,5
1427677060.48,1427677061.12,B,9,5
1427677060.52,1427677061.16,A,15,5
1427677060.52,1427677061.16,B,10,5
1427677060.56,1427677061.2,A,17,5
1427677060.56,1427677061.2,B,8,5
1427677060.6,1427677061.24,A,19,6
1427677060.6,1427677061.24,B,7,6
1427677060.64,1427677061.28,A,15,6
1427677060.64,1427677061.28,B,7,6
1427677060.68,1427677061.32,A,15,6
1427677060.68,1427677061.32,B,8,6
1427677060.72,1427677061.36,A,17,6
1427677060.72,1427677061.36,B,9,6
1427677060.76,1427677061.4,A,15,6
1427677060.76,1427677061.4,B,10,6
1427677060.8,1427677061.44,A,15,6
1427677060.8,1427677061.44,B,12,6
1427677060.84,1427677061.48,A,14,6
1427677060.84,1427677061.48,B,12,6
1427677060.88,1427677061.52,A,14,6
1427677060.88,1427677061.52,B,9,6
1427677060.92,1427677061.56,A,15,6
1427677060.92,1427677061.56,B,7,6
1427677060.96,1427677061.6,A,12,5
1427677060.96,1427677061.6,B,11,5
1427677061.0,1427677061.64,A,11,5
1427677061.0,1427677061.64,B,12,5
1427677061.04,1427677061.68,A,13,5
1427677061.04,1427677061.68,B,13,5
1427677061.08,1427677061.72,A,13,5
1427677061.08,1427677061.72,B,14,5
1427677061.12,1427677061.76,A,15,5
1427677061.12,1427677061.76,B,13,5
1427677061.16,1427677061.8,A,13,6
1427677061.16,1427677061.8,B,14,6
1427677061.2,1427677061.84,A,13,6
1427677061.2,1427677061.84,B,13,6
1427677061.24,1427677061.88,A,8,5
1427677061.24,1427677061.88,B,9,5
1427677061.28,1427677061.92,A,9,5
1427677061.28,1427677061.92,B,9,5
1427677061.32,1427677061.96,A,8,5
1427677061.32,1427677061.96,B,10,5
1427677061.36,1427677062.0,A,6,5
1427677061.36,1427677062.0,B,9,5
1427677061.4,1427677062.04,A,5,5
1427677061.4,1427677062.04,B,9,5
1427677061.44,1427677062.08,A,5,5
1427677061.44,1427677062.08,B,8,5
1427677061.48,1427677062.12,A,7,5
1427677061.48,1427677062.12,B,10,5
1427677061.52,1427677062.16,A,8,5
1427677061.52,1427677062.16,B,11,5
1427677061.56,1427677062.2,A,9,6
1427677061.56,1427677062.2,B,10,6
1427677061.6,1427677062.24,A,10,7
1427677061.6,1427677062.24,B,9,7
1427677061.64,1427677062.28,A,11,8
1427677061.64,1427677062.28,B,13,8
1427677061.68,1427677062.32,A,6,7
1427677061.68,1427677062.32,B,16,7
1427677061.72,1427677062.36,A,5,8
1427677061.72,1427677062.36,B,18,8
1427677061.76,1427677062.4,A,2,8
1427677061.76,1427677062.4,B,14,8
1427677061.8,1427677062.44,A,6,8
1427677061.8,1427677062.44,B,11,8
1427677061.84,1427677062.48,A,6,8
1427677061.84,1427677062.48,B,11,8
1427677061.88,1427677062.52,A,6,8
1427677061.88,1427677062.52,B,11,8
1427677061.92,1427677062.56,A,7,9
1427677061.92,1427677062.56,B,11,9
1427677061.96,1427677062.6,A,6,9
1427677061.96,1427677062.6,B,12,9
1427677062.0,1427677062.64,A,6,9
1427677062.0,1427677062.64,B,12,9
1427677062.04,1427677062.68,A,3,9
1427677062.04,1427677062.68,B,12,9
1427677062.08,1427677062.72,A,8,10
1427677062.08,1427677062.72,B,14,10
1427677062.12,1427677062.76,A,8,9
1427677062.12,1427677062.76,B,14,9
1427677062.16,1427677062.8,A,11,9
1427677062.16,1427677062.8,B,16,9
1427677062.2,1427677062.84,A,15,9
1427677062.2,1427677062.84,B,12,9
1427677062.24,1427677062.88,A,18,8
1427677062.24,1427677062.88,B,10,8
1427677062.28,1427677062.92,A,21,8
1427677062.28,1427677062.92,B,10,8
1427677062.32,1427677062.96,A,19,8
1427677062.32,1427677062.96,B,10,8
