#targetfile:$(projectRoot)/result/result/Non/non/hasc-20150330-095605-mag-pca.csv-lowpass.csv
1427676972.0,1427676972.64,B,12,4
1427676972.04,1427676972.68,B,12,4
1427676972.08,1427676972.72,B,11,4
1427676972.12,1427676972.76,B,9,4
1427676972.16,1427676972.8,B,9,4
1427676972.2,1427676972.84,B,9,4
1427676972.24,1427676972.88,B,10,4
1427676972.28,1427676972.92,B,9,4
1427676972.32,1427676972.96,B,7,4
1427676972.36,1427676973.0,B,7,4
1427676972.4,1427676973.04,B,7,4
1427676972.44,1427676973.08,B,7,4
1427676972.48,1427676973.12,B,7,4
1427676972.52,1427676973.16,B,8,4
1427676972.56,1427676973.2,B,9,4
1427676972.6,1427676973.24,B,7,4
1427676972.64,1427676973.28,B,6,3
1427676972.68,1427676973.32,B,6,3
1427676972.72,1427676973.36,B,7,4
1427676972.76,1427676973.4,B,10,4
1427676972.8,1427676973.44,B,9,4
1427676972.84,1427676973.48,B,9,4
1427676972.88,1427676973.52,B,10,4
1427676972.92,1427676973.56,B,11,4
1427676972.96,1427676973.6,B,10,4
1427676973.0,1427676973.64,B,9,4
1427676973.04,1427676973.68,B,8,4
1427676973.08,1427676973.72,B,7,4
1427676973.12,1427676973.76,B,9,4
1427676973.16,1427676973.8,B,10,4
1427676973.2,1427676973.84,B,10,4
1427676973.24,1427676973.88,B,9,4
1427676973.28,1427676973.92,B,9,4
1427676973.32,1427676973.96,B,10,4
1427676973.36,1427676974.0,B,7,4
1427676973.4,1427676974.04,B,6,3
1427676973.44,1427676974.08,B,8,3
1427676973.48,1427676974.12,B,6,3
1427676973.52,1427676974.16,B,5,4
1427676973.56,1427676974.2,B,6,4
1427676973.6,1427676974.24,B,6,3
1427676973.64,1427676974.28,B,5,4
1427676973.68,1427676974.32,B,6,4
1427676973.72,1427676974.36,B,7,4
1427676973.76,1427676974.4,B,8,4
1427676973.8,1427676974.44,B,10,4
1427676973.84,1427676974.48,B,10,4
1427676973.88,1427676974.52,B,12,4
1427676973.92,1427676974.56,B,12,4
1427676973.96,1427676974.6,B,14,6
1427676974.0,1427676974.64,A,19,6
1427676974.0,1427676974.64,B,13,6
1427676974.04,1427676974.68,A,21,6
1427676974.04,1427676974.68,B,14,6
1427676974.08,1427676974.72,A,23,6
1427676974.08,1427676974.72,B,12,6
1427676974.12,1427676974.76,A,22,6
1427676974.12,1427676974.76,B,7,6
1427676974.16,1427676974.8,A,19,6
1427676974.16,1427676974.8,B,4,6
1427676974.2,1427676974.84,A,16,7
1427676974.2,1427676974.84,B,5,7
1427676974.24,1427676974.88,A,15,7
1427676974.24,1427676974.88,B,7,7
1427676974.28,1427676974.92,A,17,7
1427676974.28,1427676974.92,B,8,7
1427676974.32,1427676974.96,A,17,7
1427676974.32,1427676974.96,B,9,7
1427676974.36,1427676975.0,A,15,7
1427676974.36,1427676975.0,B,11,7
1427676974.4,1427676975.04,A,15,7
1427676974.4,1427676975.04,B,11,7
1427676974.44,1427676975.08,A,16,7
1427676974.44,1427676975.08,B,13,7
1427676974.48,1427676975.12,A,17,7
1427676974.48,1427676975.12,B,14,7
1427676974.52,1427676975.16,A,16,7
1427676974.52,1427676975.16,B,14,7
1427676974.56,1427676975.2,A,17,7
1427676974.56,1427676975.2,B,11,7
1427676974.6,1427676975.24,A,13,7
1427676974.6,1427676975.24,B,13,7
1427676974.64,1427676975.28,A,11,6
1427676974.64,1427676975.28,B,14,6
1427676974.68,1427676975.32,A,9,6
1427676974.68,1427676975.32,B,15,6
1427676974.72,1427676975.36,A,7,5
1427676974.72,1427676975.36,B,13,5
1427676974.76,1427676975.4,A,8,5
1427676974.76,1427676975.4,B,13,5
1427676974.8,1427676975.44,A,9,5
1427676974.8,1427676975.44,B,12,5
1427676974.84,1427676975.48,A,10,4
1427676974.84,1427676975.48,B,10,4
1427676974.88,1427676975.52,A,11,4
1427676974.88,1427676975.52,B,7,4
1427676974.92,1427676975.56,A,9,3
1427676974.92,1427676975.56,B,5,3
1427676974.96,1427676975.6,A,9,3
1427676974.96,1427676975.6,B,5,3
1427676975.0,1427676975.64,A,9,3
1427676975.0,1427676975.64,B,5,3
1427676975.04,1427676975.68,A,9,3
1427676975.04,1427676975.68,B,6,3
1427676975.08,1427676975.72,A,9,3
1427676975.08,1427676975.72,B,6,3
1427676975.12,1427676975.76,A,8,4
1427676975.12,1427676975.76,B,6,4
1427676975.16,1427676975.8,A,9,4
1427676975.16,1427676975.8,B,5,4
1427676975.2,1427676975.84,A,8,4
1427676975.2,1427676975.84,B,5,4
1427676975.24,1427676975.88,A,6,4
1427676975.24,1427676975.88,B,4,4
1427676975.28,1427676975.92,A,9,5
1427676975.28,1427676975.92,B,6,5
1427676975.32,1427676975.96,A,8,6
1427676975.32,1427676975.96,B,8,6
1427676975.36,1427676976.0,A,9,6
1427676975.36,1427676976.0,B,10,6
1427676975.4,1427676976.04,A,8,5
1427676975.4,1427676976.04,B,10,5
1427676975.44,1427676976.08,A,7,6
1427676975.44,1427676976.08,B,10,6
1427676975.48,1427676976.12,A,7,6
1427676975.48,1427676976.12,B,10,6
1427676975.52,1427676976.16,A,8,6
1427676975.52,1427676976.16,B,9,6
1427676975.56,1427676976.2,A,10,6
1427676975.56,1427676976.2,B,11,6
1427676975.6,1427676976.24,A,13,6
1427676975.6,1427676976.24,B,11,6
1427676975.64,1427676976.28,A,12,6
1427676975.64,1427676976.28,B,13,6
1427676975.68,1427676976.32,A,11,6
1427676975.68,1427676976.32,B,13,6
1427676975.72,1427676976.36,A,10,7
1427676975.72,1427676976.36,B,12,7
1427676975.76,1427676976.4,A,8,6
1427676975.76,1427676976.4,B,9,6
1427676975.8,1427676976.44,A,5,6
1427676975.8,1427676976.44,B,8,6
1427676975.84,1427676976.48,A,3,6
1427676975.84,1427676976.48,B,9,6
1427676975.88,1427676976.52,A,3,6
1427676975.88,1427676976.52,B,11,6
1427676975.92,1427676976.56,A,0,5
1427676975.92,1427676976.56,B,7,5
1427676975.96,1427676976.6,A,2,5
1427676975.96,1427676976.6,B,7,5
1427676976.0,1427676976.64,A,2,5
1427676976.0,1427676976.64,B,9,5
1427676976.04,1427676976.68,A,4,5
1427676976.04,1427676976.68,B,7,5
1427676976.08,1427676976.72,A,5,5
1427676976.08,1427676976.72,B,10,5
1427676976.12,1427676976.76,A,7,5
1427676976.12,1427676976.76,B,11,5
1427676976.16,1427676976.8,A,10,4
1427676976.16,1427676976.8,B,10,4
1427676976.2,1427676976.84,A,12,4
1427676976.2,1427676976.84,B,10,4
1427676976.24,1427676976.88,A,14,4
1427676976.24,1427676976.88,B,8,4
1427676976.28,1427676976.92,A,13,4
1427676976.28,1427676976.92,B,7,4
1427676976.32,1427676976.96,A,14,4
1427676976.32,1427676976.96,B,7,4
1427676976.36,1427676977.0,A,13,5
1427676976.36,1427676977.0,B,9,5
1427676976.4,1427676977.04,A,12,5
1427676976.4,1427676977.04,B,10,5
1427676976.44,1427676977.08,A,12,5
1427676976.44,1427676977.08,B,10,5
1427676976.48,1427676977.12,A,11,5
1427676976.48,1427676977.12,B,10,5
1427676976.52,1427676977.16,A,10,4
1427676976.52,1427676977.16,B,9,4
1427676976.56,1427676977.2,A,9,4
1427676976.56,1427676977.2,B,9,4
1427676976.6,1427676977.24,A,9,4
1427676976.6,1427676977.24,B,7,4
1427676976.64,1427676977.28,A,8,4
1427676976.64,1427676977.28,B,6,4
1427676976.68,1427676977.32,A,8,4
1427676976.68,1427676977.32,B,6,4
1427676976.72,1427676977.36,A,10,4
1427676976.72,1427676977.36,B,6,4
1427676976.76,1427676977.4,A,9,4
1427676976.76,1427676977.4,B,8,4
1427676976.8,1427676977.44,A,12,5
1427676976.8,1427676977.44,B,6,5
1427676976.84,1427676977.48,A,9,6
1427676976.84,1427676977.48,B,9,6
1427676976.88,1427676977.52,A,10,6
1427676976.88,1427676977.52,B,11,6
1427676976.92,1427676977.56,A,9,6
1427676976.92,1427676977.56,B,11,6
1427676976.96,1427676977.6,A,14,6
1427676976.96,1427676977.6,B,7,6
1427676977.0,1427676977.64,A,12,6
1427676977.0,1427676977.64,B,7,6
1427676977.04,1427676977.68,A,12,6
1427676977.04,1427676977.68,B,7,6
1427676977.08,1427676977.72,A,15,6
1427676977.08,1427676977.72,B,5,6
1427676977.12,1427676977.76,A,15,5
1427676977.12,1427676977.76,B,3,5
1427676977.16,1427676977.8,A,14,6
1427676977.16,1427676977.8,B,4,6
1427676977.2,1427676977.84,A,12,6
1427676977.2,1427676977.84,B,5,6
1427676977.24,1427676977.88,A,12,6
1427676977.24,1427676977.88,B,6,6
1427676977.28,1427676977.92,A,13,6
1427676977.28,1427676977.92,B,6,6
1427676977.32,1427676977.96,A,12,6
1427676977.32,1427676977.96,B,6,6
1427676977.36,1427676978.0,A,13,5
1427676977.36,1427676978.0,B,7,5
1427676977.4,1427676978.04,A,10,6
1427676977.4,1427676978.04,B,8,6
1427676977.44,1427676978.08,A,9,5
1427676977.44,1427676978.08,B,7,5
1427676977.48,1427676978.12,A,5,5
1427676977.48,1427676978.12,B,7,5
1427676977.52,1427676978.16,A,3,4
1427676977.52,1427676978.16,B,5,4
1427676977.56,1427676978.2,A,4,4
1427676977.56,1427676978.2,B,7,4
1427676977.6,1427676978.24,A,3,3
1427676977.6,1427676978.24,B,6,3
1427676977.64,1427676978.28,A,4,4
1427676977.64,1427676978.28,B,8,4
1427676977.68,1427676978.32,A,8,4
1427676977.68,1427676978.32,B,12,4
1427676977.72,1427676978.36,A,8,5
1427676977.72,1427676978.36,B,13,5
1427676977.76,1427676978.4,A,7,5
1427676977.76,1427676978.4,B,14,5
1427676977.8,1427676978.44,A,8,5
1427676977.8,1427676978.44,B,15,5
1427676977.84,1427676978.48,A,8,5
1427676977.84,1427676978.48,B,14,5
1427676977.88,1427676978.52,A,6,5
1427676977.88,1427676978.52,B,13,5
1427676977.92,1427676978.56,A,6,5
1427676977.92,1427676978.56,B,12,5
1427676977.96,1427676978.6,A,7,5
1427676977.96,1427676978.6,B,12,5
1427676978.0,1427676978.64,A,6,6
1427676978.0,1427676978.64,B,13,6
1427676978.04,1427676978.68,A,7,6
1427676978.04,1427676978.68,B,13,6
1427676978.08,1427676978.72,A,6,6
1427676978.08,1427676978.72,B,11,6
1427676978.12,1427676978.76,A,6,6
1427676978.12,1427676978.76,B,12,6
1427676978.16,1427676978.8,A,6,6
1427676978.16,1427676978.8,B,13,6
1427676978.2,1427676978.84,A,7,6
1427676978.2,1427676978.84,B,13,6
1427676978.24,1427676978.88,A,8,6
1427676978.24,1427676978.88,B,12,6
1427676978.28,1427676978.92,A,8,6
1427676978.28,1427676978.92,B,10,6
1427676978.32,1427676978.96,A,5,5
1427676978.32,1427676978.96,B,7,5
1427676978.36,1427676979.0,A,4,5
1427676978.36,1427676979.0,B,5,5
1427676978.4,1427676979.04,A,3,4
1427676978.4,1427676979.04,B,5,4
1427676978.44,1427676979.08,A,3,4
1427676978.44,1427676979.08,B,5,4
1427676978.48,1427676979.12,A,2,4
1427676978.48,1427676979.12,B,5,4
1427676978.52,1427676979.16,A,3,4
1427676978.52,1427676979.16,B,3,4
1427676978.56,1427676979.2,A,3,4
1427676978.56,1427676979.2,B,3,4
1427676978.6,1427676979.24,A,3,4
1427676978.6,1427676979.24,B,3,4
1427676978.64,1427676979.28,A,6,4
1427676978.64,1427676979.28,B,5,4
1427676978.68,1427676979.32,A,6,4
1427676978.68,1427676979.32,B,7,4
1427676978.72,1427676979.36,A,10,4
1427676978.72,1427676979.36,B,5,4
1427676978.76,1427676979.4,A,9,5
1427676978.76,1427676979.4,B,9,5
1427676978.8,1427676979.44,A,10,4
1427676978.8,1427676979.44,B,9,4
1427676978.84,1427676979.48,A,9,4
1427676978.84,1427676979.48,B,11,4
1427676978.88,1427676979.52,A,10,4
1427676978.88,1427676979.52,B,9,4
1427676978.92,1427676979.56,A,9,5
1427676978.92,1427676979.56,B,7,5
1427676978.96,1427676979.6,A,8,4
1427676978.96,1427676979.6,B,6,4
1427676979.0,1427676979.64,A,8,5
1427676979.0,1427676979.64,B,6,5
1427676979.04,1427676979.68,A,9,4
1427676979.04,1427676979.68,B,6,4
1427676979.08,1427676979.72,A,9,4
1427676979.08,1427676979.72,B,5,4
1427676979.12,1427676979.76,A,11,5
1427676979.12,1427676979.76,B,6,5
1427676979.16,1427676979.8,A,11,5
1427676979.16,1427676979.8,B,6,5
1427676979.2,1427676979.84,A,11,5
1427676979.2,1427676979.84,B,7,5
1427676979.24,1427676979.88,A,11,5
1427676979.24,1427676979.88,B,7,5
1427676979.28,1427676979.92,A,12,5
1427676979.28,1427676979.92,B,4,5
1427676979.32,1427676979.96,A,13,5
1427676979.32,1427676979.96,B,3,5
1427676979.36,1427676980.0,A,11,5
1427676979.36,1427676980.0,B,6,5
1427676979.4,1427676980.04,A,8,5
1427676979.4,1427676980.04,B,9,5
1427676979.44,1427676980.08,A,6,5
1427676979.44,1427676980.08,B,9,5
1427676979.48,1427676980.12,A,7,5
1427676979.48,1427676980.12,B,7,5
1427676979.52,1427676980.16,A,4,5
1427676979.52,1427676980.16,B,8,5
1427676979.56,1427676980.2,A,3,5
1427676979.56,1427676980.2,B,10,5
1427676979.6,1427676980.24,A,2,5
1427676979.6,1427676980.24,B,11,5
1427676979.64,1427676980.28,A,2,5
1427676979.64,1427676980.28,B,11,5
1427676979.68,1427676980.32,A,0,4
1427676979.68,1427676980.32,B,10,4
1427676979.72,1427676980.36,A,2,4
1427676979.72,1427676980.36,B,8,4
1427676979.76,1427676980.4,A,1,4
1427676979.76,1427676980.4,B,8,4
1427676979.8,1427676980.44,A,0,4
1427676979.8,1427676980.44,B,7,4
1427676979.84,1427676980.48,A,0,4
1427676979.84,1427676980.48,B,6,4
1427676979.88,1427676980.52,A,0,5
1427676979.88,1427676980.52,B,6,5
1427676979.92,1427676980.56,A,1,4
1427676979.92,1427676980.56,B,3,4
1427676979.96,1427676980.6,A,2,4
1427676979.96,1427676980.6,B,2,4
1427676980.0,1427676980.64,A,6,4
1427676980.0,1427676980.64,B,7,4
1427676980.04,1427676980.68,A,5,4
1427676980.04,1427676980.68,B,8,4
1427676980.08,1427676980.72,A,6,4
1427676980.08,1427676980.72,B,8,4
1427676980.12,1427676980.76,A,7,4
1427676980.12,1427676980.76,B,6,4
1427676980.16,1427676980.8,A,7,3
1427676980.16,1427676980.8,B,4,3
1427676980.2,1427676980.84,A,5,3
1427676980.2,1427676980.84,B,4,3
1427676980.24,1427676980.88,A,5,3
1427676980.24,1427676980.88,B,4,3
1427676980.28,1427676980.92,A,5,3
1427676980.28,1427676980.92,B,5,3
1427676980.32,1427676980.96,A,5,3
1427676980.32,1427676980.96,B,6,3
1427676980.36,1427676981.0,A,6,3
1427676980.36,1427676981.0,B,6,3
1427676980.4,1427676981.04,A,4,2
1427676980.4,1427676981.04,B,8,2
1427676980.44,1427676981.08,A,2,3
1427676980.44,1427676981.08,B,6,3
1427676980.48,1427676981.12,A,1,3
1427676980.48,1427676981.12,B,5,3
1427676980.52,1427676981.16,A,2,3
1427676980.52,1427676981.16,B,4,3
1427676980.56,1427676981.2,A,2,3
1427676980.56,1427676981.2,B,5,3
1427676980.6,1427676981.24,A,2,3
1427676980.6,1427676981.24,B,5,3
1427676980.64,1427676981.28,A,3,3
1427676980.64,1427676981.28,B,7,3
1427676980.68,1427676981.32,A,3,3
1427676980.68,1427676981.32,B,7,3
1427676980.72,1427676981.36,A,2,3
1427676980.72,1427676981.36,B,7,3
1427676980.76,1427676981.4,A,4,3
1427676980.76,1427676981.4,B,5,3
1427676980.8,1427676981.44,A,4,3
1427676980.8,1427676981.44,B,5,3
1427676980.84,1427676981.48,A,5,3
1427676980.84,1427676981.48,B,5,3
1427676980.88,1427676981.52,A,4,3
1427676980.88,1427676981.52,B,5,3
1427676980.92,1427676981.56,A,4,3
1427676980.92,1427676981.56,B,3,3
1427676980.96,1427676981.6,A,5,2
1427676980.96,1427676981.6,B,4,2
1427676981.0,1427676981.64,A,5,2
1427676981.0,1427676981.64,B,4,2
1427676981.04,1427676981.68,A,6,3
1427676981.04,1427676981.68,B,4,3
1427676981.08,1427676981.72,A,5,3
1427676981.08,1427676981.72,B,4,3
1427676981.12,1427676981.76,A,4,3
1427676981.12,1427676981.76,B,5,3
1427676981.16,1427676981.8,A,2,3
1427676981.16,1427676981.8,B,7,3
1427676981.2,1427676981.84,A,1,3
1427676981.2,1427676981.84,B,8,3
1427676981.24,1427676981.88,A,1,3
1427676981.24,1427676981.88,B,8,3
1427676981.28,1427676981.92,A,1,3
1427676981.28,1427676981.92,B,9,3
1427676981.32,1427676981.96,A,2,3
1427676981.32,1427676981.96,B,9,3
1427676981.36,1427676982.0,A,2,3
1427676981.36,1427676982.0,B,10,3
1427676981.4,1427676982.04,A,3,2
1427676981.4,1427676982.04,B,9,2
1427676981.44,1427676982.08,A,2,3
1427676981.44,1427676982.08,B,9,3
1427676981.48,1427676982.12,A,2,3
1427676981.48,1427676982.12,B,9,3
1427676981.52,1427676982.16,A,1,3
1427676981.52,1427676982.16,B,8,3
1427676981.56,1427676982.2,A,0,3
1427676981.56,1427676982.2,B,7,3
1427676981.6,1427676982.24,A,0,3
1427676981.6,1427676982.24,B,7,3
1427676981.64,1427676982.28,A,1,3
1427676981.64,1427676982.28,B,6,3
1427676981.68,1427676982.32,A,1,3
1427676981.68,1427676982.32,B,6,3
1427676981.72,1427676982.36,A,1,3
1427676981.72,1427676982.36,B,4,3
1427676981.76,1427676982.4,A,3,3
1427676981.76,1427676982.4,B,2,3
1427676981.8,1427676982.44,A,3,3
1427676981.8,1427676982.44,B,5,3
1427676981.84,1427676982.48,A,7,4
1427676981.84,1427676982.48,B,5,4
1427676981.88,1427676982.52,A,7,4
1427676981.88,1427676982.52,B,7,4
1427676981.92,1427676982.56,A,11,6
1427676981.92,1427676982.56,B,5,6
1427676981.96,1427676982.6,A,12,6
1427676981.96,1427676982.6,B,8,6
1427676982.0,1427676982.64,A,16,7
1427676982.0,1427676982.64,B,11,7
1427676982.04,1427676982.68,A,15,7
1427676982.04,1427676982.68,B,12,7
1427676982.08,1427676982.72,A,15,7
1427676982.08,1427676982.72,B,10,7
1427676982.12,1427676982.76,A,12,7
1427676982.12,1427676982.76,B,11,7
1427676982.16,1427676982.8,A,13,7
1427676982.16,1427676982.8,B,11,7
1427676982.2,1427676982.84,A,11,7
1427676982.2,1427676982.84,B,10,7
1427676982.24,1427676982.88,A,11,7
1427676982.24,1427676982.88,B,11,7
1427676982.28,1427676982.92,A,12,7
1427676982.28,1427676982.92,B,12,7
1427676982.32,1427676982.96,A,10,6
1427676982.32,1427676982.96,B,10,6
1427676982.36,1427676983.0,A,14,6
1427676982.36,1427676983.0,B,11,6
1427676982.4,1427676983.04,A,14,7
1427676982.4,1427676983.04,B,10,7
1427676982.44,1427676983.08,A,11,7
1427676982.44,1427676983.08,B,9,7
1427676982.48,1427676983.12,A,11,6
1427676982.48,1427676983.12,B,9,6
1427676982.52,1427676983.16,A,12,5
1427676982.52,1427676983.16,B,11,5
1427676982.56,1427676983.2,A,12,5
1427676982.56,1427676983.2,B,11,5
1427676982.6,1427676983.24,A,12,5
1427676982.6,1427676983.24,B,10,5
1427676982.64,1427676983.28,A,12,5
1427676982.64,1427676983.28,B,9,5
1427676982.68,1427676983.32,A,17,6
1427676982.68,1427676983.32,B,6,6
1427676982.72,1427676983.36,A,20,5
1427676982.72,1427676983.36,B,5,5
1427676982.76,1427676983.4,A,25,7
1427676982.76,1427676983.4,B,10,7
1427676982.8,1427676983.44,A,27,7
1427676982.8,1427676983.44,B,10,7
1427676982.84,1427676983.48,A,28,7
1427676982.84,1427676983.48,B,13,7
1427676982.88,1427676983.52,A,30,8
1427676982.88,1427676983.52,B,10,8
1427676982.92,1427676983.56,A,28,8
1427676982.92,1427676983.56,B,10,8
1427676982.96,1427676983.6,A,29,8
1427676982.96,1427676983.6,B,10,8
1427676983.0,1427676983.64,A,26,8
1427676983.0,1427676983.64,B,8,8
1427676983.04,1427676983.68,A,26,8
1427676983.04,1427676983.68,B,8,8
1427676983.08,1427676983.72,A,27,8
1427676983.08,1427676983.72,B,7,8
1427676983.12,1427676983.76,A,28,8
1427676983.12,1427676983.76,B,5,8
1427676983.16,1427676983.8,A,30,9
1427676983.16,1427676983.8,B,4,9
1427676983.2,1427676983.84,A,28,9
1427676983.2,1427676983.84,B,7,9
1427676983.24,1427676983.88,A,26,10
1427676983.24,1427676983.88,B,9,10
1427676983.28,1427676983.92,A,22,9
1427676983.28,1427676983.92,B,14,9
1427676983.32,1427676983.96,A,18,9
1427676983.32,1427676983.96,B,13,9
1427676983.36,1427676984.0,A,18,9
1427676983.36,1427676984.0,B,11,9
1427676983.4,1427676984.04,A,9,7
1427676983.4,1427676984.04,B,14,7
1427676983.44,1427676984.08,A,8,7
1427676983.44,1427676984.08,B,12,7
1427676983.48,1427676984.12,A,4,7
1427676983.48,1427676984.12,B,10,7
1427676983.52,1427676984.16,A,2,6
1427676983.52,1427676984.16,B,10,6
1427676983.56,1427676984.2,A,3,5
1427676983.56,1427676984.2,B,13,5
1427676983.6,1427676984.24,A,5,6
1427676983.6,1427676984.24,B,16,6
1427676983.64,1427676984.28,A,4,6
1427676983.64,1427676984.28,B,16,6
1427676983.68,1427676984.32,A,4,6
1427676983.68,1427676984.32,B,15,6
1427676983.72,1427676984.36,A,5,6
1427676983.72,1427676984.36,B,14,6
1427676983.76,1427676984.4,A,7,6
1427676983.76,1427676984.4,B,9,6
1427676983.8,1427676984.44,A,5,5
1427676983.8,1427676984.44,B,8,5
1427676983.84,1427676984.48,A,6,4
1427676983.84,1427676984.48,B,8,4
