#targetfile:$(projectRoot)/result/result/Non/non/hasc-20150329-131131-mag-pca.csv-lowpass.csv
1427602487.91,1427602488.55,B,10,4
1427602487.95,1427602488.59,B,7,4
1427602487.99,1427602488.63,B,7,4
1427602488.03,1427602488.67,B,8,4
1427602488.07,1427602488.71,A,10,5
1427602488.07,1427602488.71,B,8,5
1427602488.11,1427602488.75,A,9,5
1427602488.11,1427602488.75,B,8,5
1427602488.15,1427602488.79,A,11,5
1427602488.15,1427602488.79,B,9,5
1427602488.19,1427602488.83,A,11,5
1427602488.19,1427602488.83,B,10,5
1427602488.23,1427602488.87,A,13,5
1427602488.23,1427602488.87,B,11,5
1427602488.27,1427602488.91,A,14,5
1427602488.27,1427602488.91,B,10,5
1427602488.31,1427602488.95,A,15,6
1427602488.31,1427602488.95,B,9,6
1427602488.35,1427602488.99,A,13,5
1427602488.35,1427602488.99,B,10,5
1427602488.39,1427602489.03,A,12,5
1427602488.39,1427602489.03,B,12,5
1427602488.43,1427602489.07,A,14,5
1427602488.43,1427602489.07,B,10,5
1427602488.47,1427602489.11,A,12,5
1427602488.47,1427602489.11,B,8,5
1427602488.51,1427602489.15,A,12,5
1427602488.51,1427602489.15,B,8,5
1427602488.55,1427602489.19,A,12,5
1427602488.55,1427602489.19,B,8,5
1427602488.59,1427602489.23,A,12,5
1427602488.59,1427602489.23,B,8,5
1427602488.63,1427602489.27,A,10,5
1427602488.63,1427602489.27,B,9,5
1427602488.67,1427602489.31,A,8,5
1427602488.67,1427602489.31,B,7,5
1427602488.71,1427602489.35,A,7,5
1427602488.71,1427602489.35,B,4,5
1427602488.75,1427602489.39,A,5,5
1427602488.75,1427602489.39,B,3,5
1427602488.79,1427602489.43,A,5,5
1427602488.79,1427602489.43,B,3,5
1427602488.83,1427602489.47,A,6,5
1427602488.83,1427602489.47,B,4,5
1427602488.87,1427602489.51,A,5,5
1427602488.87,1427602489.51,B,5,5
1427602488.91,1427602489.55,A,8,5
1427602488.91,1427602489.55,B,4,5
1427602488.95,1427602489.59,A,5,5
1427602488.95,1427602489.59,B,7,5
1427602488.99,1427602489.63,A,5,6
1427602488.99,1427602489.63,B,7,6
1427602489.03,1427602489.67,A,5,6
1427602489.03,1427602489.67,B,6,6
1427602489.07,1427602489.71,A,5,5
1427602489.07,1427602489.71,B,6,5
1427602489.11,1427602489.75,A,7,4
1427602489.11,1427602489.75,B,7,4
1427602489.15,1427602489.79,A,7,4
1427602489.15,1427602489.79,B,8,4
1427602489.19,1427602489.83,A,6,4
1427602489.19,1427602489.83,B,9,4
1427602489.23,1427602489.87,A,6,4
1427602489.23,1427602489.87,B,8,4
1427602489.27,1427602489.91,A,7,4
1427602489.27,1427602489.91,B,9,4
1427602489.31,1427602489.95,A,7,4
1427602489.31,1427602489.95,B,8,4
1427602489.35,1427602489.99,A,6,4
1427602489.35,1427602489.99,B,8,4
1427602489.39,1427602490.03,A,4,4
1427602489.39,1427602490.03,B,7,4
1427602489.43,1427602490.07,A,5,5
1427602489.43,1427602490.07,B,7,5
1427602489.47,1427602490.11,A,5,5
1427602489.47,1427602490.11,B,8,5
1427602489.51,1427602490.15,A,4,5
1427602489.51,1427602490.15,B,9,5
1427602489.55,1427602490.19,A,2,4
1427602489.55,1427602490.19,B,8,4
1427602489.59,1427602490.23,A,0,4
1427602489.59,1427602490.23,B,8,4
1427602489.63,1427602490.27,A,2,3
1427602489.63,1427602490.27,B,8,3
1427602489.67,1427602490.31,A,3,3
1427602489.67,1427602490.31,B,9,3
1427602489.71,1427602490.35,A,5,4
1427602489.71,1427602490.35,B,9,4
1427602489.75,1427602490.39,A,6,5
1427602489.75,1427602490.39,B,11,5
1427602489.79,1427602490.43,A,6,5
1427602489.79,1427602490.43,B,11,5
1427602489.83,1427602490.47,A,6,5
1427602489.83,1427602490.47,B,9,5
1427602489.87,1427602490.51,A,8,6
1427602489.87,1427602490.51,B,8,6
1427602489.91,1427602490.55,A,6,5
1427602489.91,1427602490.55,B,6,5
1427602489.95,1427602490.59,A,9,6
1427602489.95,1427602490.59,B,10,6
1427602489.99,1427602490.63,A,8,6
1427602489.99,1427602490.63,B,11,6
1427602490.03,1427602490.67,A,9,6
1427602490.03,1427602490.67,B,10,6
1427602490.07,1427602490.71,A,9,6
1427602490.07,1427602490.71,B,10,6
1427602490.11,1427602490.75,A,9,6
1427602490.11,1427602490.75,B,10,6
1427602490.15,1427602490.79,A,8,6
1427602490.15,1427602490.79,B,10,6
1427602490.19,1427602490.83,A,11,6
1427602490.19,1427602490.83,B,10,6
1427602490.23,1427602490.87,A,11,6
1427602490.23,1427602490.87,B,10,6
1427602490.27,1427602490.91,A,12,6
1427602490.27,1427602490.91,B,9,6
1427602490.31,1427602490.95,A,15,6
1427602490.31,1427602490.95,B,9,6
1427602490.35,1427602490.99,A,14,6
1427602490.35,1427602490.99,B,9,6
1427602490.39,1427602491.03,A,13,6
1427602490.39,1427602491.03,B,8,6
1427602490.43,1427602491.07,A,13,6
1427602490.43,1427602491.07,B,8,6
1427602490.47,1427602491.11,A,13,6
1427602490.47,1427602491.11,B,8,6
1427602490.51,1427602491.15,A,11,6
1427602490.51,1427602491.15,B,9,6
1427602490.55,1427602491.19,A,11,6
1427602490.55,1427602491.19,B,9,6
1427602490.59,1427602491.23,A,8,4
1427602490.59,1427602491.23,B,5,4
1427602490.63,1427602491.27,A,10,4
1427602490.63,1427602491.27,B,4,4
1427602490.67,1427602491.31,A,10,4
1427602490.67,1427602491.31,B,4,4
1427602490.71,1427602491.35,A,12,4
1427602490.71,1427602491.35,B,4,4
1427602490.75,1427602491.39,A,12,4
1427602490.75,1427602491.39,B,5,4
1427602490.79,1427602491.43,A,14,4
1427602490.79,1427602491.43,B,8,4
1427602490.83,1427602491.47,A,12,4
1427602490.83,1427602491.47,B,9,4
1427602490.87,1427602491.51,A,12,4
1427602490.87,1427602491.51,B,9,4
1427602490.91,1427602491.55,A,12,4
1427602490.91,1427602491.55,B,9,4
1427602490.95,1427602491.59,A,10,4
1427602490.95,1427602491.59,B,7,4
1427602490.99,1427602491.63,A,12,4
1427602490.99,1427602491.63,B,8,4
1427602491.03,1427602491.67,A,13,4
1427602491.03,1427602491.67,B,9,4
1427602491.07,1427602491.71,A,14,5
1427602491.07,1427602491.71,B,13,5
1427602491.11,1427602491.75,A,14,5
1427602491.11,1427602491.75,B,13,5
1427602491.15,1427602491.79,A,14,5
1427602491.15,1427602491.79,B,13,5
1427602491.19,1427602491.83,A,13,5
1427602491.19,1427602491.83,B,13,5
1427602491.23,1427602491.87,A,11,5
1427602491.23,1427602491.87,B,12,5
1427602491.27,1427602491.91,A,10,5
1427602491.27,1427602491.91,B,10,5
1427602491.31,1427602491.95,A,12,5
1427602491.31,1427602491.95,B,8,5
1427602491.35,1427602491.99,A,12,5
1427602491.35,1427602491.99,B,8,5
1427602491.39,1427602492.03,A,13,5
1427602491.39,1427602492.03,B,8,5
1427602491.43,1427602492.07,A,11,5
1427602491.43,1427602492.07,B,7,5
1427602491.47,1427602492.11,A,10,5
1427602491.47,1427602492.11,B,7,5
1427602491.51,1427602492.15,A,7,4
1427602491.51,1427602492.15,B,4,4
1427602491.55,1427602492.19,A,9,5
1427602491.55,1427602492.19,B,4,5
1427602491.59,1427602492.23,A,9,5
1427602491.59,1427602492.23,B,3,5
1427602491.63,1427602492.27,A,10,5
1427602491.63,1427602492.27,B,3,5
1427602491.67,1427602492.31,A,8,4
1427602491.67,1427602492.31,B,4,4
1427602491.71,1427602492.35,A,4,3
1427602491.71,1427602492.35,B,8,3
1427602491.75,1427602492.39,A,5,3
1427602491.75,1427602492.39,B,9,3
1427602491.79,1427602492.43,A,7,3
1427602491.79,1427602492.43,B,9,3
1427602491.83,1427602492.47,A,6,3
1427602491.83,1427602492.47,B,8,3
1427602491.87,1427602492.51,A,8,4
1427602491.87,1427602492.51,B,6,4
1427602491.91,1427602492.55,A,9,4
1427602491.91,1427602492.55,B,7,4
1427602491.95,1427602492.59,A,8,3
1427602491.95,1427602492.59,B,6,3
1427602491.99,1427602492.63,A,9,3
1427602491.99,1427602492.63,B,6,3
1427602492.03,1427602492.67,A,9,3
1427602492.03,1427602492.67,B,6,3
1427602492.07,1427602492.71,A,10,3
1427602492.07,1427602492.71,B,6,3
1427602492.11,1427602492.75,A,9,3
1427602492.11,1427602492.75,B,6,3
1427602492.15,1427602492.79,A,10,3
1427602492.15,1427602492.79,B,6,3
1427602492.19,1427602492.83,A,7,3
1427602492.19,1427602492.83,B,5,3
1427602492.23,1427602492.87,A,6,3
1427602492.23,1427602492.87,B,5,3
1427602492.27,1427602492.91,A,5,3
1427602492.27,1427602492.91,B,3,3
1427602492.31,1427602492.95,A,5,3
1427602492.31,1427602492.95,B,3,3
1427602492.35,1427602492.99,A,6,3
1427602492.35,1427602492.99,B,3,3
1427602492.39,1427602493.03,A,5,3
1427602492.39,1427602493.03,B,2,3
1427602492.43,1427602493.07,A,5,3
1427602492.43,1427602493.07,B,2,3
1427602492.47,1427602493.11,A,6,3
1427602492.47,1427602493.11,B,2,3
1427602492.51,1427602493.15,A,5,3
1427602492.51,1427602493.15,B,3,3
1427602492.55,1427602493.19,A,5,2
1427602492.55,1427602493.19,B,3,2
1427602492.59,1427602493.23,A,5,3
1427602492.59,1427602493.23,B,3,3
1427602492.63,1427602493.27,A,4,2
1427602492.63,1427602493.27,B,3,2
1427602492.67,1427602493.31,A,4,2
1427602492.67,1427602493.31,B,2,2
1427602492.71,1427602493.35,A,3,2
1427602492.71,1427602493.35,B,1,2
1427602492.75,1427602493.39,A,3,2
1427602492.75,1427602493.39,B,0,2
1427602492.79,1427602493.43,A,2,2
1427602492.79,1427602493.43,B,1,2
1427602492.83,1427602493.47,A,1,3
1427602492.83,1427602493.47,B,3,3
1427602492.87,1427602493.51,A,2,3
1427602492.87,1427602493.51,B,3,3
1427602492.91,1427602493.55,A,4,3
1427602492.91,1427602493.55,B,2,3
1427602492.95,1427602493.59,A,4,3
1427602492.95,1427602493.59,B,3,3
1427602492.99,1427602493.63,A,5,3
1427602492.99,1427602493.63,B,3,3
1427602493.03,1427602493.67,A,6,4
1427602493.03,1427602493.67,B,4,4
1427602493.07,1427602493.71,A,7,3
1427602493.07,1427602493.71,B,5,3
1427602493.11,1427602493.75,A,6,3
1427602493.11,1427602493.75,B,6,3
1427602493.15,1427602493.79,A,6,4
1427602493.15,1427602493.79,B,6,4
1427602493.19,1427602493.83,A,5,4
1427602493.19,1427602493.83,B,4,4
1427602493.23,1427602493.87,A,4,4
1427602493.23,1427602493.87,B,4,4
1427602493.27,1427602493.91,A,2,3
1427602493.27,1427602493.91,B,5,3
1427602493.31,1427602493.95,A,2,3
1427602493.31,1427602493.95,B,5,3
1427602493.35,1427602493.99,A,3,3
1427602493.35,1427602493.99,B,6,3
1427602493.39,1427602494.03,A,5,4
1427602493.39,1427602494.03,B,9,4
1427602493.43,1427602494.07,A,4,5
1427602493.43,1427602494.07,B,11,5
1427602493.47,1427602494.11,A,8,4
1427602493.47,1427602494.11,B,7,4
1427602493.51,1427602494.15,A,6,4
1427602493.51,1427602494.15,B,6,4
1427602493.55,1427602494.19,A,6,4
1427602493.55,1427602494.19,B,5,4
1427602493.59,1427602494.23,A,8,5
1427602493.59,1427602494.23,B,7,5
1427602493.63,1427602494.27,A,9,5
1427602493.63,1427602494.27,B,8,5
1427602493.67,1427602494.31,A,8,4
1427602493.67,1427602494.31,B,9,4
1427602493.71,1427602494.35,A,8,4
1427602493.71,1427602494.35,B,10,4
1427602493.75,1427602494.39,A,8,5
1427602493.75,1427602494.39,B,9,5
1427602493.79,1427602494.43,A,7,5
1427602493.79,1427602494.43,B,10,5
1427602493.83,1427602494.47,A,7,4
1427602493.83,1427602494.47,B,10,4
1427602493.87,1427602494.51,A,7,4
1427602493.87,1427602494.51,B,10,4
1427602493.91,1427602494.55,A,7,4
1427602493.91,1427602494.55,B,10,4
1427602493.95,1427602494.59,A,7,5
1427602493.95,1427602494.59,B,9,5
1427602493.99,1427602494.63,A,9,5
1427602493.99,1427602494.63,B,8,5
1427602494.03,1427602494.67,A,8,4
1427602494.03,1427602494.67,B,5,4
1427602494.07,1427602494.71,A,5,4
1427602494.07,1427602494.71,B,5,4
1427602494.11,1427602494.75,A,3,4
1427602494.11,1427602494.75,B,7,4
1427602494.15,1427602494.79,A,3,4
1427602494.15,1427602494.79,B,9,4
1427602494.19,1427602494.83,A,5,4
1427602494.19,1427602494.83,B,10,4
1427602494.23,1427602494.87,A,4,4
1427602494.23,1427602494.87,B,10,4
1427602494.27,1427602494.91,A,5,5
1427602494.27,1427602494.91,B,13,5
1427602494.31,1427602494.95,A,5,5
1427602494.31,1427602494.95,B,13,5
1427602494.35,1427602494.99,A,6,5
1427602494.35,1427602494.99,B,12,5
1427602494.39,1427602495.03,A,8,5
1427602494.39,1427602495.03,B,12,5
1427602494.43,1427602495.07,A,8,6
1427602494.43,1427602495.07,B,10,6
1427602494.47,1427602495.11,A,8,6
1427602494.47,1427602495.11,B,10,6
1427602494.51,1427602495.15,A,8,6
1427602494.51,1427602495.15,B,10,6
1427602494.55,1427602495.19,A,8,6
1427602494.55,1427602495.19,B,10,6
1427602494.59,1427602495.23,A,11,6
1427602494.59,1427602495.23,B,10,6
1427602494.63,1427602495.27,A,12,6
1427602494.63,1427602495.27,B,10,6
1427602494.67,1427602495.31,A,11,6
1427602494.67,1427602495.31,B,10,6
1427602494.71,1427602495.35,A,11,6
1427602494.71,1427602495.35,B,9,6
1427602494.75,1427602495.39,A,12,6
1427602494.75,1427602495.39,B,11,6
1427602494.79,1427602495.43,A,14,6
1427602494.79,1427602495.43,B,12,6
1427602494.83,1427602495.47,A,14,5
1427602494.83,1427602495.47,B,11,5
1427602494.87,1427602495.51,A,16,5
1427602494.87,1427602495.51,B,11,5
1427602494.91,1427602495.55,A,12,5
1427602494.91,1427602495.55,B,8,5
1427602494.95,1427602495.59,A,11,4
1427602494.95,1427602495.59,B,8,4
1427602494.99,1427602495.63,A,11,4
1427602494.99,1427602495.63,B,8,4
1427602495.03,1427602495.67,A,11,4
1427602495.03,1427602495.67,B,6,4
1427602495.07,1427602495.71,A,6,3
1427602495.07,1427602495.71,B,3,3
1427602495.11,1427602495.75,A,7,3
1427602495.11,1427602495.75,B,2,3
1427602495.15,1427602495.79,A,7,3
1427602495.15,1427602495.79,B,1,3
1427602495.19,1427602495.83,A,7,3
1427602495.19,1427602495.83,B,1,3
1427602495.23,1427602495.87,A,8,3
1427602495.23,1427602495.87,B,4,3
1427602495.27,1427602495.91,A,5,3
1427602495.27,1427602495.91,B,6,3
1427602495.31,1427602495.95,A,5,3
1427602495.31,1427602495.95,B,6,3
1427602495.35,1427602495.99,A,6,3
1427602495.35,1427602495.99,B,5,3
1427602495.39,1427602496.03,A,6,3
1427602495.39,1427602496.03,B,7,3
1427602495.43,1427602496.07,A,6,3
1427602495.43,1427602496.07,B,8,3
1427602495.47,1427602496.11,A,7,3
1427602495.47,1427602496.11,B,8,3
1427602495.51,1427602496.15,A,10,4
1427602495.51,1427602496.15,B,7,4
1427602495.55,1427602496.19,A,8,4
1427602495.55,1427602496.19,B,9,4
1427602495.59,1427602496.23,A,7,4
1427602495.59,1427602496.23,B,10,4
1427602495.63,1427602496.27,A,4,5
1427602495.63,1427602496.27,B,12,5
1427602495.67,1427602496.31,A,4,5
1427602495.67,1427602496.31,B,11,5
1427602495.71,1427602496.35,A,2,5
1427602495.71,1427602496.35,B,9,5
1427602495.75,1427602496.39,A,2,5
1427602495.75,1427602496.39,B,9,5
1427602495.79,1427602496.43,A,5,5
1427602495.79,1427602496.43,B,11,5
1427602495.83,1427602496.47,A,5,5
1427602495.83,1427602496.47,B,11,5
1427602495.87,1427602496.51,A,6,5
1427602495.87,1427602496.51,B,11,5
1427602495.91,1427602496.55,A,8,5
1427602495.91,1427602496.55,B,10,5
1427602495.95,1427602496.59,A,8,6
1427602495.95,1427602496.59,B,10,6
1427602495.99,1427602496.63,A,9,6
1427602495.99,1427602496.63,B,9,6
1427602496.03,1427602496.67,A,15,6
1427602496.03,1427602496.67,B,12,6
1427602496.07,1427602496.71,A,15,6
1427602496.07,1427602496.71,B,14,6
1427602496.11,1427602496.75,A,16,7
1427602496.11,1427602496.75,B,13,7
1427602496.15,1427602496.79,A,18,6
1427602496.15,1427602496.79,B,11,6
1427602496.19,1427602496.83,A,21,6
1427602496.19,1427602496.83,B,7,6
1427602496.23,1427602496.87,A,19,6
1427602496.23,1427602496.87,B,7,6
1427602496.27,1427602496.91,A,19,6
1427602496.27,1427602496.91,B,6,6
1427602496.31,1427602496.95,A,19,6
1427602496.31,1427602496.95,B,6,6
1427602496.35,1427602496.99,A,17,6
1427602496.35,1427602496.99,B,8,6
1427602496.39,1427602497.03,A,17,6
1427602496.39,1427602497.03,B,8,6
1427602496.43,1427602497.07,A,14,5
1427602496.43,1427602497.07,B,9,5
1427602496.47,1427602497.11,A,13,5
1427602496.47,1427602497.11,B,8,5
1427602496.51,1427602497.15,A,11,5
1427602496.51,1427602497.15,B,5,5
1427602496.55,1427602497.19,A,11,5
1427602496.55,1427602497.19,B,5,5
1427602496.59,1427602497.23,A,11,5
1427602496.59,1427602497.23,B,5,5
1427602496.63,1427602497.27,A,10,5
1427602496.63,1427602497.27,B,6,5
1427602496.67,1427602497.31,A,9,4
1427602496.67,1427602497.31,B,6,4
1427602496.71,1427602497.35,A,7,4
1427602496.71,1427602497.35,B,7,4
1427602496.75,1427602497.39,A,6,3
1427602496.75,1427602497.39,B,4,3
1427602496.79,1427602497.43,A,5,3
1427602496.79,1427602497.43,B,3,3
1427602496.83,1427602497.47,A,4,3
1427602496.83,1427602497.47,B,3,3
1427602496.87,1427602497.51,A,4,3
1427602496.87,1427602497.51,B,3,3
1427602496.91,1427602497.55,A,4,3
1427602496.91,1427602497.55,B,3,3
1427602496.95,1427602497.59,A,4,3
1427602496.95,1427602497.59,B,3,3
1427602496.99,1427602497.63,A,4,3
1427602496.99,1427602497.63,B,3,3
1427602497.03,1427602497.67,A,1,3
1427602497.03,1427602497.67,B,5,3
1427602497.07,1427602497.71,A,1,4
1427602497.07,1427602497.71,B,6,4
1427602497.11,1427602497.75,A,3,4
1427602497.11,1427602497.75,B,8,4
1427602497.15,1427602497.79,A,4,4
1427602497.15,1427602497.79,B,11,4
1427602497.19,1427602497.83,A,1,4
1427602497.19,1427602497.83,B,12,4
1427602497.23,1427602497.87,A,5,4
1427602497.23,1427602497.87,B,13,4
1427602497.27,1427602497.91,A,5,5
1427602497.27,1427602497.91,B,13,5
1427602497.31,1427602497.95,A,5,5
1427602497.31,1427602497.95,B,13,5
1427602497.35,1427602497.99,A,8,5
1427602497.35,1427602497.99,B,14,5
1427602497.39,1427602498.03,A,8,5
1427602497.39,1427602498.03,B,13,5
1427602497.43,1427602498.07,A,9,5
1427602497.43,1427602498.07,B,13,5
1427602497.47,1427602498.11,A,10,5
1427602497.47,1427602498.11,B,13,5
1427602497.51,1427602498.15,A,10,5
1427602497.51,1427602498.15,B,12,5
1427602497.55,1427602498.19,A,10,5
1427602497.55,1427602498.19,B,13,5
1427602497.59,1427602498.23,A,11,6
1427602497.59,1427602498.23,B,12,6
1427602497.63,1427602498.27,A,12,6
1427602497.63,1427602498.27,B,10,6
1427602497.67,1427602498.31,A,12,6
1427602497.67,1427602498.31,B,10,6
1427602497.71,1427602498.35,A,11,5
1427602497.71,1427602498.35,B,9,5
1427602497.75,1427602498.39,A,10,5
1427602497.75,1427602498.39,B,9,5
1427602497.79,1427602498.43,A,12,5
1427602497.79,1427602498.43,B,7,5
1427602497.83,1427602498.47,A,13,5
1427602497.83,1427602498.47,B,6,5
1427602497.87,1427602498.51,A,9,5
1427602497.87,1427602498.51,B,6,5
1427602497.91,1427602498.55,A,9,4
1427602497.91,1427602498.55,B,7,4
1427602497.95,1427602498.59,A,9,4
1427602497.95,1427602498.59,B,7,4
1427602497.99,1427602498.63,A,7,4
1427602497.99,1427602498.63,B,5,4
1427602498.03,1427602498.67,A,7,4
1427602498.03,1427602498.67,B,4,4
1427602498.07,1427602498.71,A,6,4
1427602498.07,1427602498.71,B,4,4
1427602498.11,1427602498.75,A,5,4
1427602498.11,1427602498.75,B,2,4
1427602498.15,1427602498.79,A,4,4
1427602498.15,1427602498.79,B,3,4
1427602498.19,1427602498.83,A,3,3
1427602498.19,1427602498.83,B,3,3
1427602498.23,1427602498.87,A,3,3
1427602498.23,1427602498.87,B,2,3
1427602498.27,1427602498.91,A,2,3
1427602498.27,1427602498.91,B,3,3
1427602498.31,1427602498.95,A,4,2
1427602498.31,1427602498.95,B,0,2
1427602498.35,1427602498.99,A,5,2
1427602498.35,1427602498.99,B,1,2
1427602498.39,1427602499.03,A,6,3
1427602498.39,1427602499.03,B,3,3
1427602498.43,1427602499.07,A,7,3
1427602498.43,1427602499.07,B,3,3
1427602498.47,1427602499.11,A,7,3
1427602498.47,1427602499.11,B,3,3
1427602498.51,1427602499.15,A,7,3
1427602498.51,1427602499.15,B,3,3
1427602498.55,1427602499.19,A,7,3
1427602498.55,1427602499.19,B,3,3
1427602498.59,1427602499.23,A,7,3
1427602498.59,1427602499.23,B,4,3
1427602498.63,1427602499.27,A,7,3
1427602498.63,1427602499.27,B,4,3
1427602498.67,1427602499.31,A,7,3
1427602498.67,1427602499.31,B,5,3
1427602498.71,1427602499.35,A,7,3
1427602498.71,1427602499.35,B,5,3
1427602498.75,1427602499.39,A,6,3
1427602498.75,1427602499.39,B,5,3
1427602498.79,1427602499.43,A,6,3
1427602498.79,1427602499.43,B,3,3
1427602498.83,1427602499.47,A,2,4
1427602498.83,1427602499.47,B,6,4
1427602498.87,1427602499.51,A,1,4
1427602498.87,1427602499.51,B,6,4
1427602498.91,1427602499.55,A,4,5
1427602498.91,1427602499.55,B,5,5
