#targetfile:$(projectRoot)/result/result/Non/non/hasc-20150330-095628-mag-pca.csv-lowpass.csv
1427676996.12,1427676996.76,B,11,5
1427676996.16,1427676996.8,B,12,5
1427676996.2,1427676996.84,B,11,5
1427676996.24,1427676996.88,B,9,5
1427676996.28,1427676996.92,A,11,4
1427676996.28,1427676996.92,B,5,4
1427676996.32,1427676996.96,A,8,4
1427676996.32,1427676996.96,B,3,4
1427676996.36,1427676997.0,A,8,4
1427676996.36,1427676997.0,B,2,4
1427676996.4,1427676997.04,A,13,4
1427676996.4,1427676997.04,B,3,4
1427676996.44,1427676997.08,A,11,5
1427676996.44,1427676997.08,B,7,5
1427676996.48,1427676997.12,A,11,5
1427676996.48,1427676997.12,B,8,5
1427676996.52,1427676997.16,A,10,5
1427676996.52,1427676997.16,B,8,5
1427676996.56,1427676997.2,A,11,5
1427676996.56,1427676997.2,B,6,5
1427676996.6,1427676997.24,A,8,4
1427676996.6,1427676997.24,B,5,4
1427676996.64,1427676997.28,A,8,4
1427676996.64,1427676997.28,B,6,4
1427676996.68,1427676997.32,A,7,4
1427676996.68,1427676997.32,B,7,4
1427676996.72,1427676997.36,A,7,4
1427676996.72,1427676997.36,B,7,4
1427676996.76,1427676997.4,A,7,4
1427676996.76,1427676997.4,B,8,4
1427676996.8,1427676997.44,A,4,4
1427676996.8,1427676997.44,B,10,4
1427676996.84,1427676997.48,A,5,5
1427676996.84,1427676997.48,B,13,5
1427676996.88,1427676997.52,A,6,5
1427676996.88,1427676997.52,B,14,5
1427676996.92,1427676997.56,A,8,5
1427676996.92,1427676997.56,B,13,5
1427676996.96,1427676997.6,A,7,5
1427676996.96,1427676997.6,B,14,5
1427676997.0,1427676997.64,A,5,5
1427676997.0,1427676997.64,B,15,5
1427676997.04,1427676997.68,A,4,5
1427676997.04,1427676997.68,B,14,5
1427676997.08,1427676997.72,A,4,4
1427676997.08,1427676997.72,B,12,4
1427676997.12,1427676997.76,A,5,5
1427676997.12,1427676997.76,B,13,5
1427676997.16,1427676997.8,A,7,5
1427676997.16,1427676997.8,B,12,5
1427676997.2,1427676997.84,A,7,5
1427676997.2,1427676997.84,B,13,5
1427676997.24,1427676997.88,A,9,5
1427676997.24,1427676997.88,B,12,5
1427676997.28,1427676997.92,A,9,5
1427676997.28,1427676997.92,B,12,5
1427676997.32,1427676997.96,A,9,5
1427676997.32,1427676997.96,B,12,5
1427676997.36,1427676998.0,A,8,5
1427676997.36,1427676998.0,B,10,5
1427676997.4,1427676998.04,A,9,5
1427676997.4,1427676998.04,B,8,5
1427676997.44,1427676998.08,A,10,5
1427676997.44,1427676998.08,B,7,5
1427676997.48,1427676998.12,A,7,4
1427676997.48,1427676998.12,B,7,4
1427676997.52,1427676998.16,A,6,4
1427676997.52,1427676998.16,B,7,4
1427676997.56,1427676998.2,A,4,4
1427676997.56,1427676998.2,B,4,4
1427676997.6,1427676998.24,A,8,4
1427676997.6,1427676998.24,B,5,4
1427676997.64,1427676998.28,A,8,3
1427676997.64,1427676998.28,B,7,3
1427676997.68,1427676998.32,A,9,3
1427676997.68,1427676998.32,B,6,3
1427676997.72,1427676998.36,A,8,4
1427676997.72,1427676998.36,B,5,4
1427676997.76,1427676998.4,A,6,4
1427676997.76,1427676998.4,B,4,4
1427676997.8,1427676998.44,A,4,4
1427676997.8,1427676998.44,B,5,4
1427676997.84,1427676998.48,A,4,4
1427676997.84,1427676998.48,B,5,4
1427676997.88,1427676998.52,A,2,4
1427676997.88,1427676998.52,B,4,4
1427676997.92,1427676998.56,A,0,4
1427676997.92,1427676998.56,B,5,4
1427676997.96,1427676998.6,A,1,4
1427676997.96,1427676998.6,B,6,4
1427676998.0,1427676998.64,A,1,4
1427676998.0,1427676998.64,B,4,4
1427676998.04,1427676998.68,A,2,4
1427676998.04,1427676998.68,B,3,4
1427676998.08,1427676998.72,A,3,3
1427676998.08,1427676998.72,B,4,3
1427676998.12,1427676998.76,A,2,4
1427676998.12,1427676998.76,B,5,4
1427676998.16,1427676998.8,A,0,4
1427676998.16,1427676998.8,B,8,4
1427676998.2,1427676998.84,A,1,4
1427676998.2,1427676998.84,B,9,4
1427676998.24,1427676998.88,A,1,4
1427676998.24,1427676998.88,B,10,4
1427676998.28,1427676998.92,A,1,5
1427676998.28,1427676998.92,B,10,5
1427676998.32,1427676998.96,A,2,4
1427676998.32,1427676998.96,B,9,4
1427676998.36,1427676999.0,A,3,4
1427676998.36,1427676999.0,B,10,4
1427676998.4,1427676999.04,A,3,4
1427676998.4,1427676999.04,B,12,4
1427676998.44,1427676999.08,A,5,5
1427676998.44,1427676999.08,B,13,5
1427676998.48,1427676999.12,A,5,5
1427676998.48,1427676999.12,B,13,5
1427676998.52,1427676999.16,A,6,5
1427676998.52,1427676999.16,B,12,5
1427676998.56,1427676999.2,A,7,5
1427676998.56,1427676999.2,B,13,5
1427676998.6,1427676999.24,A,7,5
1427676998.6,1427676999.24,B,13,5
1427676998.64,1427676999.28,A,8,5
1427676998.64,1427676999.28,B,12,5
1427676998.68,1427676999.32,A,8,5
1427676998.68,1427676999.32,B,10,5
1427676998.72,1427676999.36,A,9,5
1427676998.72,1427676999.36,B,10,5
1427676998.76,1427676999.4,A,7,5
1427676998.76,1427676999.4,B,7,5
1427676998.8,1427676999.44,A,8,5
1427676998.8,1427676999.44,B,8,5
1427676998.84,1427676999.48,A,9,5
1427676998.84,1427676999.48,B,8,5
1427676998.88,1427676999.52,A,7,4
1427676998.88,1427676999.52,B,7,4
1427676998.92,1427676999.56,A,7,4
1427676998.92,1427676999.56,B,6,4
1427676998.96,1427676999.6,A,5,5
1427676998.96,1427676999.6,B,8,5
1427676999.0,1427676999.64,A,5,5
1427676999.0,1427676999.64,B,8,5
1427676999.04,1427676999.68,A,5,5
1427676999.04,1427676999.68,B,7,5
1427676999.08,1427676999.72,A,5,4
1427676999.08,1427676999.72,B,6,4
1427676999.12,1427676999.76,A,11,4
1427676999.12,1427676999.76,B,4,4
1427676999.16,1427676999.8,A,11,4
1427676999.16,1427676999.8,B,7,4
1427676999.2,1427676999.84,A,12,4
1427676999.2,1427676999.84,B,7,4
1427676999.24,1427676999.88,A,12,4
1427676999.24,1427676999.88,B,7,4
1427676999.28,1427676999.92,A,11,4
1427676999.28,1427676999.92,B,6,4
1427676999.32,1427676999.96,A,12,5
1427676999.32,1427676999.96,B,7,5
1427676999.36,1427677000.0,A,13,4
1427676999.36,1427677000.0,B,6,4
1427676999.4,1427677000.04,A,14,4
1427676999.4,1427677000.04,B,7,4
1427676999.44,1427677000.08,A,11,5
1427676999.44,1427677000.08,B,9,5
1427676999.48,1427677000.12,A,11,5
1427676999.48,1427677000.12,B,9,5
1427676999.52,1427677000.16,A,11,5
1427676999.52,1427677000.16,B,10,5
1427676999.56,1427677000.2,A,11,5
1427676999.56,1427677000.2,B,10,5
1427676999.6,1427677000.24,A,12,5
1427676999.6,1427677000.24,B,13,5
1427676999.64,1427677000.28,A,9,5
1427676999.64,1427677000.28,B,15,5
1427676999.68,1427677000.32,A,9,4
1427676999.68,1427677000.32,B,15,4
1427676999.72,1427677000.36,A,10,5
1427676999.72,1427677000.36,B,13,5
1427676999.76,1427677000.4,A,9,5
1427676999.76,1427677000.4,B,10,5
1427676999.8,1427677000.44,A,8,4
1427676999.8,1427677000.44,B,10,4
1427676999.84,1427677000.48,A,6,5
1427676999.84,1427677000.48,B,12,5
1427676999.88,1427677000.52,A,6,5
1427676999.88,1427677000.52,B,13,5
1427676999.92,1427677000.56,A,7,5
1427676999.92,1427677000.56,B,13,5
1427676999.96,1427677000.6,A,8,5
1427676999.96,1427677000.6,B,11,5
1427677000.0,1427677000.64,A,8,5
1427677000.0,1427677000.64,B,11,5
1427677000.04,1427677000.68,A,6,6
1427677000.04,1427677000.68,B,10,6
1427677000.08,1427677000.72,A,5,6
1427677000.08,1427677000.72,B,12,6
1427677000.12,1427677000.76,A,4,6
1427677000.12,1427677000.76,B,12,6
1427677000.16,1427677000.8,A,3,6
1427677000.16,1427677000.8,B,11,6
1427677000.2,1427677000.84,A,2,6
1427677000.2,1427677000.84,B,10,6
1427677000.24,1427677000.88,A,0,5
1427677000.24,1427677000.88,B,9,5
1427677000.28,1427677000.92,A,1,5
1427677000.28,1427677000.92,B,9,5
1427677000.32,1427677000.96,A,0,5
1427677000.32,1427677000.96,B,8,5
1427677000.36,1427677001.0,A,2,5
1427677000.36,1427677001.0,B,8,5
1427677000.4,1427677001.04,A,3,5
1427677000.4,1427677001.04,B,8,5
1427677000.44,1427677001.08,A,3,5
1427677000.44,1427677001.08,B,8,5
1427677000.48,1427677001.12,A,2,5
1427677000.48,1427677001.12,B,9,5
1427677000.52,1427677001.16,A,0,4
1427677000.52,1427677001.16,B,10,4
1427677000.56,1427677001.2,A,0,4
1427677000.56,1427677001.2,B,9,4
1427677000.6,1427677001.24,A,3,4
1427677000.6,1427677001.24,B,7,4
1427677000.64,1427677001.28,A,3,4
1427677000.64,1427677001.28,B,8,4
1427677000.68,1427677001.32,A,4,3
1427677000.68,1427677001.32,B,6,3
1427677000.72,1427677001.36,A,3,2
1427677000.72,1427677001.36,B,5,2
1427677000.76,1427677001.4,A,2,2
1427677000.76,1427677001.4,B,4,2
1427677000.8,1427677001.44,A,3,3
1427677000.8,1427677001.44,B,4,3
1427677000.84,1427677001.48,A,5,3
1427677000.84,1427677001.48,B,3,3
1427677000.88,1427677001.52,A,6,3
1427677000.88,1427677001.52,B,3,3
1427677000.92,1427677001.56,A,6,3
1427677000.92,1427677001.56,B,3,3
1427677000.96,1427677001.6,A,4,3
1427677000.96,1427677001.6,B,4,3
1427677001.0,1427677001.64,A,4,3
1427677001.0,1427677001.64,B,5,3
1427677001.04,1427677001.68,A,3,4
1427677001.04,1427677001.68,B,6,4
1427677001.08,1427677001.72,A,2,3
1427677001.08,1427677001.72,B,5,3
1427677001.12,1427677001.76,A,2,4
1427677001.12,1427677001.76,B,3,4
1427677001.16,1427677001.8,A,3,3
1427677001.16,1427677001.8,B,3,3
1427677001.2,1427677001.84,A,2,3
1427677001.2,1427677001.84,B,3,3
1427677001.24,1427677001.88,A,3,4
1427677001.24,1427677001.88,B,5,4
1427677001.28,1427677001.92,A,3,4
1427677001.28,1427677001.92,B,5,4
1427677001.32,1427677001.96,A,4,4
1427677001.32,1427677001.96,B,4,4
1427677001.36,1427677002.0,A,6,4
1427677001.36,1427677002.0,B,3,4
1427677001.4,1427677002.04,A,5,4
1427677001.4,1427677002.04,B,3,4
1427677001.44,1427677002.08,A,10,4
1427677001.44,1427677002.08,B,7,4
1427677001.48,1427677002.12,A,10,5
1427677001.48,1427677002.12,B,8,5
1427677001.52,1427677002.16,A,11,5
1427677001.52,1427677002.16,B,9,5
1427677001.56,1427677002.2,A,9,5
1427677001.56,1427677002.2,B,10,5
1427677001.6,1427677002.24,A,10,5
1427677001.6,1427677002.24,B,9,5
1427677001.64,1427677002.28,A,8,5
1427677001.64,1427677002.28,B,8,5
1427677001.68,1427677002.32,A,8,4
1427677001.68,1427677002.32,B,7,4
1427677001.72,1427677002.36,A,7,4
1427677001.72,1427677002.36,B,6,4
1427677001.76,1427677002.4,A,7,4
1427677001.76,1427677002.4,B,6,4
1427677001.8,1427677002.44,A,8,5
1427677001.8,1427677002.44,B,7,5
1427677001.84,1427677002.48,A,9,5
1427677001.84,1427677002.48,B,6,5
1427677001.88,1427677002.52,A,9,4
1427677001.88,1427677002.52,B,6,4
1427677001.92,1427677002.56,A,9,5
1427677001.92,1427677002.56,B,6,5
1427677001.96,1427677002.6,A,9,5
1427677001.96,1427677002.6,B,5,5
1427677002.0,1427677002.64,A,9,5
1427677002.0,1427677002.64,B,7,5
1427677002.04,1427677002.68,A,11,5
1427677002.04,1427677002.68,B,6,5
1427677002.08,1427677002.72,A,11,4
1427677002.08,1427677002.72,B,3,4
1427677002.12,1427677002.76,A,11,4
1427677002.12,1427677002.76,B,3,4
1427677002.16,1427677002.8,A,11,4
1427677002.16,1427677002.8,B,3,4
1427677002.2,1427677002.84,A,9,4
1427677002.2,1427677002.84,B,6,4
1427677002.24,1427677002.88,A,12,4
1427677002.24,1427677002.88,B,8,4
1427677002.28,1427677002.92,A,13,4
1427677002.28,1427677002.92,B,8,4
1427677002.32,1427677002.96,A,14,4
1427677002.32,1427677002.96,B,9,4
1427677002.36,1427677003.0,A,15,4
1427677002.36,1427677003.0,B,8,4
1427677002.4,1427677003.04,A,15,4
1427677002.4,1427677003.04,B,7,4
1427677002.44,1427677003.08,A,13,4
1427677002.44,1427677003.08,B,8,4
1427677002.48,1427677003.12,A,12,4
1427677002.48,1427677003.12,B,8,4
1427677002.52,1427677003.16,A,12,4
1427677002.52,1427677003.16,B,8,4
1427677002.56,1427677003.2,A,9,4
1427677002.56,1427677003.2,B,8,4
1427677002.6,1427677003.24,A,8,4
1427677002.6,1427677003.24,B,9,4
1427677002.64,1427677003.28,A,8,4
1427677002.64,1427677003.28,B,10,4
1427677002.68,1427677003.32,A,5,4
1427677002.68,1427677003.32,B,7,4
1427677002.72,1427677003.36,A,3,4
1427677002.72,1427677003.36,B,5,4
1427677002.76,1427677003.4,A,2,4
1427677002.76,1427677003.4,B,4,4
1427677002.8,1427677003.44,A,3,4
1427677002.8,1427677003.44,B,4,4
1427677002.84,1427677003.48,A,2,4
1427677002.84,1427677003.48,B,5,4
1427677002.88,1427677003.52,A,2,4
1427677002.88,1427677003.52,B,7,4
1427677002.92,1427677003.56,A,3,4
1427677002.92,1427677003.56,B,7,4
1427677002.96,1427677003.6,A,3,4
1427677002.96,1427677003.6,B,9,4
1427677003.0,1427677003.64,A,3,4
1427677003.0,1427677003.64,B,9,4
1427677003.04,1427677003.68,A,3,4
1427677003.04,1427677003.68,B,9,4
1427677003.08,1427677003.72,A,2,4
1427677003.08,1427677003.72,B,8,4
1427677003.12,1427677003.76,A,2,3
1427677003.12,1427677003.76,B,6,3
1427677003.16,1427677003.8,A,6,4
1427677003.16,1427677003.8,B,8,4
1427677003.2,1427677003.84,A,4,3
1427677003.2,1427677003.84,B,10,3
1427677003.24,1427677003.88,A,4,3
1427677003.24,1427677003.88,B,10,3
1427677003.28,1427677003.92,A,6,4
1427677003.28,1427677003.92,B,9,4
1427677003.32,1427677003.96,A,7,4
1427677003.32,1427677003.96,B,6,4
1427677003.36,1427677004.0,A,6,3
1427677003.36,1427677004.0,B,4,3
1427677003.4,1427677004.04,A,5,3
1427677003.4,1427677004.04,B,5,3
1427677003.44,1427677004.08,A,5,3
1427677003.44,1427677004.08,B,5,3
1427677003.48,1427677004.12,A,5,3
1427677003.48,1427677004.12,B,5,3
1427677003.52,1427677004.16,A,7,4
1427677003.52,1427677004.16,B,7,4
1427677003.56,1427677004.2,A,6,4
1427677003.56,1427677004.2,B,8,4
1427677003.6,1427677004.24,A,6,4
1427677003.6,1427677004.24,B,8,4
1427677003.64,1427677004.28,A,6,4
1427677003.64,1427677004.28,B,8,4
1427677003.68,1427677004.32,A,6,4
1427677003.68,1427677004.32,B,9,4
1427677003.72,1427677004.36,A,8,4
1427677003.72,1427677004.36,B,8,4
1427677003.76,1427677004.4,A,7,5
1427677003.76,1427677004.4,B,9,5
1427677003.8,1427677004.44,A,8,5
1427677003.8,1427677004.44,B,7,5
1427677003.84,1427677004.48,A,6,5
1427677003.84,1427677004.48,B,7,5
1427677003.88,1427677004.52,A,7,5
1427677003.88,1427677004.52,B,10,5
1427677003.92,1427677004.56,A,9,5
1427677003.92,1427677004.56,B,12,5
1427677003.96,1427677004.6,A,9,5
1427677003.96,1427677004.6,B,13,5
1427677004.0,1427677004.64,A,8,6
1427677004.0,1427677004.64,B,13,6
1427677004.04,1427677004.68,A,10,6
1427677004.04,1427677004.68,B,12,6
1427677004.08,1427677004.72,A,10,6
1427677004.08,1427677004.72,B,11,6
1427677004.12,1427677004.76,A,10,6
1427677004.12,1427677004.76,B,12,6
1427677004.16,1427677004.8,A,5,6
1427677004.16,1427677004.8,B,13,6
1427677004.2,1427677004.84,A,6,6
1427677004.2,1427677004.84,B,15,6
1427677004.24,1427677004.88,A,6,6
1427677004.24,1427677004.88,B,14,6
1427677004.28,1427677004.92,A,5,6
1427677004.28,1427677004.92,B,15,6
1427677004.32,1427677004.96,A,6,6
1427677004.32,1427677004.96,B,16,6
1427677004.36,1427677005.0,A,4,6
1427677004.36,1427677005.0,B,15,6
1427677004.4,1427677005.04,A,6,6
1427677004.4,1427677005.04,B,13,6
1427677004.44,1427677005.08,A,8,6
1427677004.44,1427677005.08,B,11,6
1427677004.48,1427677005.12,A,8,6
1427677004.48,1427677005.12,B,9,6
1427677004.52,1427677005.16,A,7,6
1427677004.52,1427677005.16,B,8,6
1427677004.56,1427677005.2,A,7,6
1427677004.56,1427677005.2,B,9,6
1427677004.6,1427677005.24,A,5,5
1427677004.6,1427677005.24,B,11,5
1427677004.64,1427677005.28,A,5,5
1427677004.64,1427677005.28,B,10,5
1427677004.68,1427677005.32,A,4,4
1427677004.68,1427677005.32,B,9,4
1427677004.72,1427677005.36,A,5,4
1427677004.72,1427677005.36,B,8,4
1427677004.76,1427677005.4,A,7,4
1427677004.76,1427677005.4,B,8,4
1427677004.8,1427677005.44,A,7,4
1427677004.8,1427677005.44,B,8,4
1427677004.84,1427677005.48,A,7,4
1427677004.84,1427677005.48,B,7,4
1427677004.88,1427677005.52,A,8,4
1427677004.88,1427677005.52,B,7,4
1427677004.92,1427677005.56,A,7,4
1427677004.92,1427677005.56,B,6,4
1427677004.96,1427677005.6,A,6,4
1427677004.96,1427677005.6,B,6,4
1427677005.0,1427677005.64,A,9,4
1427677005.0,1427677005.64,B,6,4
1427677005.04,1427677005.68,A,9,4
1427677005.04,1427677005.68,B,6,4
1427677005.08,1427677005.72,A,8,4
1427677005.08,1427677005.72,B,5,4
1427677005.12,1427677005.76,A,8,4
1427677005.12,1427677005.76,B,7,4
1427677005.16,1427677005.8,A,6,4
1427677005.16,1427677005.8,B,8,4
1427677005.2,1427677005.84,A,5,4
1427677005.2,1427677005.84,B,8,4
1427677005.24,1427677005.88,A,5,4
1427677005.24,1427677005.88,B,8,4
1427677005.28,1427677005.92,A,2,4
1427677005.28,1427677005.92,B,5,4
1427677005.32,1427677005.96,A,2,4
1427677005.32,1427677005.96,B,6,4
1427677005.36,1427677006.0,A,2,4
1427677005.36,1427677006.0,B,5,4
1427677005.4,1427677006.04,A,1,4
1427677005.4,1427677006.04,B,7,4
1427677005.44,1427677006.08,A,1,4
1427677005.44,1427677006.08,B,5,4
1427677005.48,1427677006.12,A,1,4
1427677005.48,1427677006.12,B,4,4
1427677005.52,1427677006.16,A,1,4
1427677005.52,1427677006.16,B,4,4
1427677005.56,1427677006.2,A,1,4
1427677005.56,1427677006.2,B,6,4
1427677005.6,1427677006.24,A,1,4
1427677005.6,1427677006.24,B,7,4
1427677005.64,1427677006.28,A,4,4
1427677005.64,1427677006.28,B,8,4
1427677005.68,1427677006.32,A,5,5
1427677005.68,1427677006.32,B,9,5
1427677005.72,1427677006.36,A,8,5
1427677005.72,1427677006.36,B,7,5
1427677005.76,1427677006.4,A,5,5
1427677005.76,1427677006.4,B,10,5
1427677005.8,1427677006.44,A,4,5
1427677005.8,1427677006.44,B,10,5
1427677005.84,1427677006.48,A,3,5
1427677005.84,1427677006.48,B,9,5
1427677005.88,1427677006.52,A,3,5
1427677005.88,1427677006.52,B,9,5
1427677005.92,1427677006.56,A,2,5
1427677005.92,1427677006.56,B,8,5
1427677005.96,1427677006.6,A,3,5
1427677005.96,1427677006.6,B,10,5
1427677006.0,1427677006.64,A,1,5
1427677006.0,1427677006.64,B,13,5
1427677006.04,1427677006.68,A,0,5
1427677006.04,1427677006.68,B,14,5
1427677006.08,1427677006.72,A,1,5
1427677006.08,1427677006.72,B,15,5
1427677006.12,1427677006.76,A,2,4
1427677006.12,1427677006.76,B,14,4
1427677006.16,1427677006.8,A,4,5
1427677006.16,1427677006.8,B,12,5
1427677006.2,1427677006.84,A,3,4
1427677006.2,1427677006.84,B,11,4
1427677006.24,1427677006.88,A,4,5
1427677006.24,1427677006.88,B,10,5
1427677006.28,1427677006.92,A,3,4
1427677006.28,1427677006.92,B,11,4
1427677006.32,1427677006.96,A,4,5
1427677006.32,1427677006.96,B,9,5
1427677006.36,1427677007.0,A,3,4
1427677006.36,1427677007.0,B,8,4
1427677006.4,1427677007.04,A,4,4
1427677006.4,1427677007.04,B,9,4
1427677006.44,1427677007.08,A,4,4
1427677006.44,1427677007.08,B,9,4
1427677006.48,1427677007.12,A,4,4
1427677006.48,1427677007.12,B,9,4
1427677006.52,1427677007.16,A,3,4
1427677006.52,1427677007.16,B,8,4
1427677006.56,1427677007.2,A,3,4
1427677006.56,1427677007.2,B,8,4
1427677006.6,1427677007.24,A,4,4
1427677006.6,1427677007.24,B,6,4
1427677006.64,1427677007.28,A,6,4
1427677006.64,1427677007.28,B,5,4
1427677006.68,1427677007.32,A,5,4
1427677006.68,1427677007.32,B,6,4
1427677006.72,1427677007.36,A,6,4
1427677006.72,1427677007.36,B,5,4
1427677006.76,1427677007.4,A,6,4
1427677006.76,1427677007.4,B,5,4
1427677006.8,1427677007.44,A,6,4
1427677006.8,1427677007.44,B,6,4
1427677006.84,1427677007.48,A,5,4
1427677006.84,1427677007.48,B,7,4
1427677006.88,1427677007.52,A,3,3
1427677006.88,1427677007.52,B,8,3
1427677006.92,1427677007.56,A,4,4
1427677006.92,1427677007.56,B,11,4
1427677006.96,1427677007.6,A,3,3
1427677006.96,1427677007.6,B,10,3
1427677007.0,1427677007.64,A,5,4
1427677007.0,1427677007.64,B,10,4
1427677007.04,1427677007.68,A,7,3
1427677007.04,1427677007.68,B,7,3
1427677007.08,1427677007.72,A,8,3
1427677007.08,1427677007.72,B,6,3
1427677007.12,1427677007.76,A,9,3
1427677007.12,1427677007.76,B,6,3
1427677007.16,1427677007.8,A,9,3
1427677007.16,1427677007.8,B,7,3
1427677007.2,1427677007.84,A,9,3
1427677007.2,1427677007.84,B,6,3
1427677007.24,1427677007.88,A,9,3
1427677007.24,1427677007.88,B,7,3
1427677007.28,1427677007.92,A,9,3
1427677007.28,1427677007.92,B,8,3
1427677007.32,1427677007.96,A,10,3
1427677007.32,1427677007.96,B,8,3
1427677007.36,1427677008.0,A,10,3
1427677007.36,1427677008.0,B,8,3
1427677007.4,1427677008.04,A,10,4
1427677007.4,1427677008.04,B,6,4
1427677007.44,1427677008.08,A,11,3
1427677007.44,1427677008.08,B,6,3
1427677007.48,1427677008.12,A,11,3
1427677007.48,1427677008.12,B,4,3
1427677007.52,1427677008.16,A,10,4
1427677007.52,1427677008.16,B,4,4
1427677007.56,1427677008.2,A,8,4
1427677007.56,1427677008.2,B,5,4
1427677007.6,1427677008.24,A,9,4
1427677007.6,1427677008.24,B,5,4
1427677007.64,1427677008.28,A,8,4
1427677007.64,1427677008.28,B,4,4
1427677007.68,1427677008.32,A,9,4
1427677007.68,1427677008.32,B,3,4
1427677007.72,1427677008.36,A,9,4
1427677007.72,1427677008.36,B,4,4
1427677007.76,1427677008.4,A,6,4
1427677007.76,1427677008.4,B,6,4
1427677007.8,1427677008.44,A,6,4
1427677007.8,1427677008.44,B,7,4
1427677007.84,1427677008.48,A,6,5
1427677007.84,1427677008.48,B,7,5
1427677007.88,1427677008.52,A,9,5
1427677007.88,1427677008.52,B,8,5
1427677007.92,1427677008.56,A,8,5
1427677007.92,1427677008.56,B,11,5
1427677007.96,1427677008.6,A,7,5
1427677007.96,1427677008.6,B,13,5
1427677008.0,1427677008.64,A,5,5
1427677008.0,1427677008.64,B,15,5
1427677008.04,1427677008.68,A,4,5
1427677008.04,1427677008.68,B,15,5
1427677008.08,1427677008.72,A,3,5
1427677008.08,1427677008.72,B,15,5
1427677008.12,1427677008.76,A,4,5
1427677008.12,1427677008.76,B,14,5
1427677008.16,1427677008.8,A,5,5
1427677008.16,1427677008.8,B,11,5
1427677008.2,1427677008.84,A,2,4
1427677008.2,1427677008.84,B,14,4
1427677008.24,1427677008.88,A,4,4
1427677008.24,1427677008.88,B,15,4
1427677008.28,1427677008.92,A,5,5
1427677008.28,1427677008.92,B,15,5
1427677008.32,1427677008.96,A,5,5
1427677008.32,1427677008.96,B,13,5
1427677008.36,1427677009.0,A,8,5
1427677008.36,1427677009.0,B,10,5
1427677008.4,1427677009.04,A,8,4
1427677008.4,1427677009.04,B,10,4
1427677008.44,1427677009.08,A,5,5
1427677008.44,1427677009.08,B,10,5
1427677008.48,1427677009.12,A,7,5
1427677008.48,1427677009.12,B,12,5
1427677008.52,1427677009.16,A,7,5
1427677008.52,1427677009.16,B,12,5
1427677008.56,1427677009.2,A,8,5
1427677008.56,1427677009.2,B,11,5
1427677008.6,1427677009.24,A,10,4
1427677008.6,1427677009.24,B,10,4
1427677008.64,1427677009.28,A,10,4
1427677008.64,1427677009.28,B,7,4
1427677008.68,1427677009.32,A,8,4
1427677008.68,1427677009.32,B,5,4
1427677008.72,1427677009.36,A,7,4
1427677008.72,1427677009.36,B,7,4
1427677008.76,1427677009.4,A,5,4
1427677008.76,1427677009.4,B,8,4
