#targetfile:$(projectRoot)/result/result/Non/non/hasc-20150329-132600-mag-pca.csv-lowpass.csv
1427603170.71,1427603171.35,A,15,6
1427603170.75,1427603171.39,A,14,7
1427603170.79,1427603171.43,A,13,7
1427603170.83,1427603171.47,A,13,7
1427603170.87,1427603171.51,A,14,6
1427603170.91,1427603171.55,A,10,5
1427603170.95,1427603171.59,A,9,5
1427603170.99,1427603171.63,A,8,5
1427603171.03,1427603171.67,A,6,4
1427603171.07,1427603171.71,A,5,4
1427603171.11,1427603171.75,A,5,4
1427603171.15,1427603171.79,A,1,4
1427603171.19,1427603171.83,A,5,4
1427603171.23,1427603171.87,A,6,4
1427603171.27,1427603171.91,A,6,5
1427603171.31,1427603171.95,A,6,5
1427603171.35,1427603171.99,A,8,4
1427603171.39,1427603172.03,A,10,4
1427603171.43,1427603172.07,A,8,4
1427603171.47,1427603172.11,A,7,5
1427603171.51,1427603172.15,A,5,4
1427603171.55,1427603172.19,A,5,4
1427603171.59,1427603172.23,A,5,4
1427603171.63,1427603172.27,A,5,4
1427603171.67,1427603172.31,A,7,5
1427603171.71,1427603172.35,A,9,5
1427603171.75,1427603172.39,A,8,5
1427603171.79,1427603172.43,A,8,5
1427603171.83,1427603172.47,A,8,5
1427603171.87,1427603172.51,A,11,6
1427603171.91,1427603172.55,A,11,5
1427603171.95,1427603172.59,A,10,5
1427603171.99,1427603172.63,A,9,6
1427603172.03,1427603172.67,A,8,5
1427603172.07,1427603172.71,A,8,5
1427603172.11,1427603172.75,A,9,6
1427603172.15,1427603172.79,A,7,5
1427603172.19,1427603172.83,A,7,5
1427603172.23,1427603172.87,A,6,5
1427603172.27,1427603172.91,A,6,5
1427603172.31,1427603172.95,A,7,5
1427603172.35,1427603172.99,A,5,5
1427603172.39,1427603173.03,A,5,5
1427603172.43,1427603173.07,A,7,5
1427603172.47,1427603173.11,A,8,5
1427603172.51,1427603173.15,A,8,4
1427603172.55,1427603173.19,A,8,3
1427603172.59,1427603173.23,A,6,2
1427603172.63,1427603173.27,A,6,3
1427603172.67,1427603173.31,A,6,3
1427603172.71,1427603173.35,A,4,3
1427603172.75,1427603173.39,A,4,3
1427603172.79,1427603173.43,A,1,3
1427603172.83,1427603173.47,A,1,3
