#targetfile:$(projectRoot)/result/result/Non/non/hasc-20150329-132521-mag-pca.csv-lowpass.csv
1427603128.89,1427603129.53,A,10,4
1427603128.89,1427603129.53,B,10,4
1427603128.93,1427603129.57,A,9,4
1427603128.93,1427603129.57,B,13,4
1427603128.97,1427603129.61,A,11,5
1427603128.97,1427603129.61,B,13,5
1427603129.01,1427603129.65,A,10,5
1427603129.01,1427603129.65,B,13,5
1427603129.05,1427603129.69,A,10,5
1427603129.05,1427603129.69,B,12,5
1427603129.09,1427603129.73,A,10,5
1427603129.09,1427603129.73,B,11,5
1427603129.13,1427603129.77,A,10,5
1427603129.13,1427603129.77,B,11,5
1427603129.17,1427603129.81,A,11,5
1427603129.17,1427603129.81,B,12,5
1427603129.21,1427603129.85,A,11,5
1427603129.21,1427603129.85,B,12,5
1427603129.25,1427603129.89,A,12,5
1427603129.25,1427603129.89,B,11,5
1427603129.29,1427603129.93,A,10,5
1427603129.29,1427603129.93,B,10,5
1427603129.33,1427603129.97,A,9,5
1427603129.33,1427603129.97,B,10,5
1427603129.37,1427603130.01,A,8,5
1427603129.37,1427603130.01,B,8,5
1427603129.41,1427603130.05,A,7,5
1427603129.41,1427603130.05,B,9,5
1427603129.45,1427603130.09,A,9,5
1427603129.45,1427603130.09,B,8,5
1427603129.49,1427603130.13,A,6,4
1427603129.49,1427603130.13,B,10,4
1427603129.53,1427603130.17,A,7,3
1427603129.53,1427603130.17,B,9,3
1427603129.57,1427603130.21,A,4,4
1427603129.57,1427603130.21,B,10,4
1427603129.61,1427603130.25,A,8,4
1427603129.61,1427603130.25,B,4,4
1427603129.65,1427603130.29,A,7,5
1427603129.65,1427603130.29,B,5,5
1427603129.69,1427603130.33,A,8,5
1427603129.69,1427603130.33,B,4,5
1427603129.73,1427603130.37,A,9,5
1427603129.73,1427603130.37,B,5,5
1427603129.77,1427603130.41,A,10,5
1427603129.77,1427603130.41,B,6,5
1427603129.81,1427603130.45,A,11,5
1427603129.81,1427603130.45,B,6,5
1427603129.85,1427603130.49,A,11,5
1427603129.85,1427603130.49,B,6,5
1427603129.89,1427603130.53,A,11,5
1427603129.89,1427603130.53,B,6,5
1427603129.93,1427603130.57,A,9,5
1427603129.93,1427603130.57,B,6,5
1427603129.97,1427603130.61,A,10,5
1427603129.97,1427603130.61,B,6,5
1427603130.01,1427603130.65,A,9,5
1427603130.01,1427603130.65,B,6,5
1427603130.05,1427603130.69,A,8,5
1427603130.05,1427603130.69,B,6,5
1427603130.09,1427603130.73,A,8,5
1427603130.09,1427603130.73,B,6,5
1427603130.13,1427603130.77,A,5,5
1427603130.13,1427603130.77,B,6,5
1427603130.17,1427603130.81,A,3,5
1427603130.17,1427603130.81,B,7,5
1427603130.21,1427603130.85,A,1,5
1427603130.21,1427603130.85,B,9,5
1427603130.25,1427603130.89,A,2,4
1427603130.25,1427603130.89,B,6,4
1427603130.29,1427603130.93,A,3,3
1427603130.29,1427603130.93,B,4,3
1427603130.33,1427603130.97,A,3,3
1427603130.33,1427603130.97,B,3,3
1427603130.37,1427603131.01,A,3,3
1427603130.37,1427603131.01,B,4,3
1427603130.41,1427603131.05,A,0,4
1427603130.41,1427603131.05,B,7,4
1427603130.45,1427603131.09,A,1,4
1427603130.45,1427603131.09,B,8,4
1427603130.49,1427603131.13,A,1,4
1427603130.49,1427603131.13,B,8,4
1427603130.53,1427603131.17,A,1,4
1427603130.53,1427603131.17,B,8,4
1427603130.57,1427603131.21,A,3,4
1427603130.57,1427603131.21,B,7,4
1427603130.61,1427603131.25,A,3,4
1427603130.61,1427603131.25,B,7,4
1427603130.65,1427603131.29,A,2,4
1427603130.65,1427603131.29,B,7,4
1427603130.69,1427603131.33,A,2,5
1427603130.69,1427603131.33,B,7,5
1427603130.73,1427603131.37,A,2,4
1427603130.73,1427603131.37,B,7,4
1427603130.77,1427603131.41,A,1,4
1427603130.77,1427603131.41,B,6,4
1427603130.81,1427603131.45,A,3,4
1427603130.81,1427603131.45,B,4,4
1427603130.85,1427603131.49,A,4,4
1427603130.85,1427603131.49,B,3,4
1427603130.89,1427603131.53,A,6,5
1427603130.89,1427603131.53,B,5,5
1427603130.93,1427603131.57,A,6,5
1427603130.93,1427603131.57,B,6,5
1427603130.97,1427603131.61,A,6,5
1427603130.97,1427603131.61,B,7,5
1427603131.01,1427603131.65,A,7,5
1427603131.01,1427603131.65,B,6,5
1427603131.05,1427603131.69,A,7,4
1427603131.05,1427603131.69,B,4,4
1427603131.09,1427603131.73,A,6,3
1427603131.09,1427603131.73,B,3,3
1427603131.13,1427603131.77,A,6,4
1427603131.13,1427603131.77,B,4,4
1427603131.17,1427603131.81,A,8,4
1427603131.17,1427603131.81,B,4,4
1427603131.21,1427603131.85,A,6,4
1427603131.21,1427603131.85,B,6,4
1427603131.25,1427603131.89,A,6,4
1427603131.25,1427603131.89,B,6,4
1427603131.29,1427603131.93,A,7,4
1427603131.29,1427603131.93,B,7,4
1427603131.33,1427603131.97,A,6,4
1427603131.33,1427603131.97,B,6,4
1427603131.37,1427603132.01,A,5,4
1427603131.37,1427603132.01,B,5,4
1427603131.41,1427603132.05,A,5,4
1427603131.41,1427603132.05,B,5,4
1427603131.45,1427603132.09,A,4,4
1427603131.45,1427603132.09,B,5,4
1427603131.49,1427603132.13,A,3,4
1427603131.49,1427603132.13,B,5,4
1427603131.53,1427603132.17,A,0,4
1427603131.53,1427603132.17,B,5,4
1427603131.57,1427603132.21,A,1,4
1427603131.57,1427603132.21,B,5,4
1427603131.61,1427603132.25,A,4,4
1427603131.61,1427603132.25,B,6,4
1427603131.65,1427603132.29,A,4,4
1427603131.65,1427603132.29,B,7,4
1427603131.69,1427603132.33,A,6,4
1427603131.69,1427603132.33,B,6,4
1427603131.73,1427603132.37,A,6,5
1427603131.73,1427603132.37,B,4,5
1427603131.77,1427603132.41,A,3,5
1427603131.77,1427603132.41,B,4,5
1427603131.81,1427603132.45,A,3,5
1427603131.81,1427603132.45,B,6,5
1427603131.85,1427603132.49,A,5,5
1427603131.85,1427603132.49,B,9,5
1427603131.89,1427603132.53,A,4,5
1427603131.89,1427603132.53,B,9,5
1427603131.93,1427603132.57,A,5,5
1427603131.93,1427603132.57,B,7,5
1427603131.97,1427603132.61,A,6,5
1427603131.97,1427603132.61,B,6,5
1427603132.01,1427603132.65,A,6,5
1427603132.01,1427603132.65,B,6,5
1427603132.05,1427603132.69,A,6,5
1427603132.05,1427603132.69,B,6,5
1427603132.09,1427603132.73,A,6,5
1427603132.09,1427603132.73,B,6,5
1427603132.13,1427603132.77,A,7,5
1427603132.13,1427603132.77,B,6,5
1427603132.17,1427603132.81,A,6,5
1427603132.17,1427603132.81,B,7,5
1427603132.21,1427603132.85,A,5,5
1427603132.21,1427603132.85,B,7,5
1427603132.25,1427603132.89,A,4,5
1427603132.25,1427603132.89,B,7,5
1427603132.29,1427603132.93,A,5,5
1427603132.29,1427603132.93,B,8,5
1427603132.33,1427603132.97,A,7,5
1427603132.33,1427603132.97,B,9,5
1427603132.37,1427603133.01,A,7,5
1427603132.37,1427603133.01,B,9,5
1427603132.41,1427603133.05,A,8,5
1427603132.41,1427603133.05,B,8,5
1427603132.45,1427603133.09,A,8,4
1427603132.45,1427603133.09,B,9,4
1427603132.49,1427603133.13,A,8,4
1427603132.49,1427603133.13,B,8,4
1427603132.53,1427603133.17,A,8,5
1427603132.53,1427603133.17,B,7,5
1427603132.57,1427603133.21,A,8,5
1427603132.57,1427603133.21,B,8,5
1427603132.61,1427603133.25,A,7,4
1427603132.61,1427603133.25,B,9,4
1427603132.65,1427603133.29,A,6,4
1427603132.65,1427603133.29,B,10,4
1427603132.69,1427603133.33,A,5,4
1427603132.69,1427603133.33,B,10,4
1427603132.73,1427603133.37,A,5,4
1427603132.73,1427603133.37,B,12,4
1427603132.77,1427603133.41,A,5,4
1427603132.77,1427603133.41,B,11,4
1427603132.81,1427603133.45,A,8,5
1427603132.81,1427603133.45,B,8,5
1427603132.85,1427603133.49,A,9,6
1427603132.85,1427603133.49,B,7,6
1427603132.89,1427603133.53,A,11,6
1427603132.89,1427603133.53,B,5,6
1427603132.93,1427603133.57,A,10,5
1427603132.93,1427603133.57,B,3,5
1427603132.97,1427603133.61,A,6,5
1427603132.97,1427603133.61,B,3,5
1427603133.01,1427603133.65,A,10,5
1427603133.01,1427603133.65,B,6,5
1427603133.05,1427603133.69,A,10,5
1427603133.05,1427603133.69,B,6,5
1427603133.09,1427603133.73,A,13,5
1427603133.09,1427603133.73,B,7,5
1427603133.13,1427603133.77,A,12,5
1427603133.13,1427603133.77,B,8,5
1427603133.17,1427603133.81,A,13,5
1427603133.17,1427603133.81,B,6,5
1427603133.21,1427603133.85,A,12,5
1427603133.21,1427603133.85,B,7,5
1427603133.25,1427603133.89,A,12,6
1427603133.25,1427603133.89,B,6,6
1427603133.29,1427603133.93,A,12,6
1427603133.29,1427603133.93,B,6,6
1427603133.33,1427603133.97,A,11,6
1427603133.33,1427603133.97,B,7,6
1427603133.37,1427603134.01,A,11,5
1427603133.37,1427603134.01,B,10,5
1427603133.41,1427603134.05,A,8,5
1427603133.41,1427603134.05,B,12,5
1427603133.45,1427603134.09,A,9,5
1427603133.45,1427603134.09,B,11,5
1427603133.49,1427603134.13,A,7,5
1427603133.49,1427603134.13,B,10,5
1427603133.53,1427603134.17,A,6,5
1427603133.53,1427603134.17,B,10,5
1427603133.57,1427603134.21,A,5,4
1427603133.57,1427603134.21,B,8,4
1427603133.61,1427603134.25,A,7,5
1427603133.61,1427603134.25,B,6,5
1427603133.65,1427603134.29,A,8,5
1427603133.65,1427603134.29,B,5,5
1427603133.69,1427603134.33,A,10,5
1427603133.69,1427603134.33,B,4,5
1427603133.73,1427603134.37,A,8,5
1427603133.73,1427603134.37,B,3,5
1427603133.77,1427603134.41,A,7,5
1427603133.77,1427603134.41,B,2,5
1427603133.81,1427603134.45,A,5,4
1427603133.81,1427603134.45,B,4,4
1427603133.85,1427603134.49,A,5,4
1427603133.85,1427603134.49,B,6,4
1427603133.89,1427603134.53,A,3,4
1427603133.89,1427603134.53,B,6,4
1427603133.93,1427603134.57,A,5,4
1427603133.93,1427603134.57,B,8,4
1427603133.97,1427603134.61,A,7,4
1427603133.97,1427603134.61,B,6,4
1427603134.01,1427603134.65,A,8,4
1427603134.01,1427603134.65,B,5,4
1427603134.05,1427603134.69,A,11,3
1427603134.05,1427603134.69,B,2,3
1427603134.09,1427603134.73,A,10,3
1427603134.09,1427603134.73,B,2,3
1427603134.13,1427603134.77,A,9,3
1427603134.13,1427603134.77,B,4,3
1427603134.17,1427603134.81,A,8,3
1427603134.17,1427603134.81,B,4,3
1427603134.21,1427603134.85,A,8,3
1427603134.21,1427603134.85,B,4,3
1427603134.25,1427603134.89,A,6,3
1427603134.25,1427603134.89,B,3,3
1427603134.29,1427603134.93,A,6,3
1427603134.29,1427603134.93,B,3,3
1427603134.33,1427603134.97,A,6,3
1427603134.33,1427603134.97,B,4,3
1427603134.37,1427603135.01,A,3,3
1427603134.37,1427603135.01,B,2,3
1427603134.41,1427603135.05,A,4,3
1427603134.41,1427603135.05,B,2,3
1427603134.45,1427603135.09,A,4,3
1427603134.45,1427603135.09,B,2,3
1427603134.49,1427603135.13,A,4,3
1427603134.49,1427603135.13,B,4,3
1427603134.53,1427603135.17,A,4,3
1427603134.53,1427603135.17,B,6,3
1427603134.57,1427603135.21,A,2,3
1427603134.57,1427603135.21,B,8,3
1427603134.61,1427603135.25,A,2,3
1427603134.61,1427603135.25,B,8,3
1427603134.65,1427603135.29,A,2,3
1427603134.65,1427603135.29,B,8,3
1427603134.69,1427603135.33,A,2,3
1427603134.69,1427603135.33,B,7,3
1427603134.73,1427603135.37,A,0,3
1427603134.73,1427603135.37,B,7,3
1427603134.77,1427603135.41,A,1,3
1427603134.77,1427603135.41,B,8,3
1427603134.81,1427603135.45,A,4,4
1427603134.81,1427603135.45,B,9,4
1427603134.85,1427603135.49,A,4,4
1427603134.85,1427603135.49,B,10,4
1427603134.89,1427603135.53,A,3,4
1427603134.89,1427603135.53,B,11,4
1427603134.93,1427603135.57,A,4,5
1427603134.93,1427603135.57,B,13,5
1427603134.97,1427603135.61,A,4,5
1427603134.97,1427603135.61,B,12,5
1427603135.01,1427603135.65,A,7,4
1427603135.01,1427603135.65,B,10,4
1427603135.05,1427603135.69,A,7,4
1427603135.05,1427603135.69,B,9,4
1427603135.09,1427603135.73,A,7,5
1427603135.09,1427603135.73,B,8,5
1427603135.13,1427603135.77,A,7,5
1427603135.13,1427603135.77,B,8,5
1427603135.17,1427603135.81,A,7,5
1427603135.17,1427603135.81,B,8,5
1427603135.21,1427603135.85,A,7,5
1427603135.21,1427603135.85,B,8,5
