#targetfile:$(projectRoot)/result/result/75cm/pocket/hasc-20150330-100340-mag-pca.csv-lowpass.csv
1427677426.53,1427677427.17,B,11,5
1427677426.57,1427677427.21,B,10,5
1427677426.61,1427677427.25,B,10,5
1427677426.65,1427677427.29,B,11,5
1427677426.69,1427677427.33,B,11,5
1427677426.73,1427677427.37,B,8,5
1427677426.77,1427677427.41,B,5,4
1427677426.81,1427677427.45,B,4,4
1427677426.85,1427677427.49,B,3,3
1427677426.89,1427677427.53,B,2,3
1427677426.93,1427677427.57,B,2,3
1427677426.97,1427677427.61,B,3,3
1427677427.01,1427677427.65,B,5,4
1427677427.05,1427677427.69,B,5,4
1427677427.09,1427677427.73,B,5,4
1427677427.13,1427677427.77,B,5,4
1427677427.17,1427677427.81,B,5,5
1427677427.21,1427677427.85,B,9,5
1427677427.25,1427677427.89,B,9,5
1427677427.29,1427677427.93,B,8,5
1427677427.33,1427677427.97,B,6,5
1427677427.37,1427677428.01,B,7,6
1427677427.41,1427677428.05,B,7,6
1427677427.45,1427677428.09,B,7,6
1427677427.49,1427677428.13,B,8,6
1427677427.53,1427677428.17,B,9,6
1427677427.57,1427677428.21,B,10,6
1427677427.61,1427677428.25,B,9,6
1427677427.65,1427677428.29,B,9,6
1427677427.69,1427677428.33,B,11,6
1427677427.73,1427677428.37,B,10,6
1427677427.77,1427677428.41,B,8,6
1427677427.81,1427677428.45,B,5,6
1427677427.85,1427677428.49,B,4,5
1427677427.89,1427677428.53,B,7,6
1427677427.93,1427677428.57,B,9,7
1427677427.97,1427677428.61,B,8,6
1427677428.01,1427677428.65,B,13,7
1427677428.05,1427677428.69,B,13,7
1427677428.09,1427677428.73,B,15,7
1427677428.13,1427677428.77,B,11,6
1427677428.17,1427677428.81,B,10,6
1427677428.21,1427677428.85,B,8,7
1427677428.25,1427677428.89,B,8,7
1427677428.29,1427677428.93,B,10,7
1427677428.33,1427677428.97,B,9,7
1427677428.37,1427677429.01,B,7,8
1427677428.41,1427677429.05,B,9,9
1427677428.45,1427677429.09,B,12,8
1427677428.49,1427677429.13,B,16,8
1427677428.53,1427677429.17,B,16,8
1427677428.57,1427677429.21,B,14,10
1427677428.61,1427677429.25,B,16,10
1427677428.65,1427677429.29,A,20,12
1427677428.65,1427677429.29,B,16,12
1427677428.69,1427677429.33,A,22,12
1427677428.69,1427677429.33,B,14,12
1427677428.73,1427677429.37,A,30,14
1427677428.73,1427677429.37,B,13,14
1427677428.77,1427677429.41,A,34,14
1427677428.77,1427677429.41,B,10,14
1427677428.81,1427677429.45,A,38,16
1427677428.81,1427677429.45,B,16,16
1427677428.85,1427677429.49,A,38,16
1427677428.85,1427677429.49,B,18,16
1427677428.89,1427677429.53,A,36,18
1427677428.89,1427677429.53,B,24,18
1427677428.93,1427677429.57,A,34,18
1427677428.93,1427677429.57,B,26,18
1427677428.97,1427677429.61,A,25,20
1427677428.97,1427677429.61,B,20,20
1427677429.01,1427677429.65,A,18,20
1427677429.01,1427677429.65,B,20,20
1427677429.05,1427677429.69,A,11,21
1427677429.05,1427677429.69,B,16,21
1427677429.09,1427677429.73,A,14,28
1427677429.09,1427677429.73,B,20,28
1427677429.13,1427677429.77,A,54,34
1427677429.13,1427677429.77,B,34,34
1427677429.17,1427677429.81,A,54,36
1427677429.17,1427677429.81,B,45,36
1427677429.21,1427677429.85,A,85,40
1427677429.21,1427677429.85,B,45,40
1427677429.25,1427677429.89,A,94,41
1427677429.25,1427677429.89,B,36,41
1427677429.29,1427677429.93,A,113,49
1427677429.29,1427677429.93,B,31,49
1427677429.33,1427677429.97,A,123,50
1427677429.33,1427677429.97,B,39,50
1427677429.37,1427677430.01,A,120,50
1427677429.37,1427677430.01,B,48,50
1427677429.41,1427677430.05,A,122,50
1427677429.41,1427677430.05,B,39,50
1427677429.45,1427677430.09,A,107,52
1427677429.45,1427677430.09,B,45,52
1427677429.49,1427677430.13,A,91,55
1427677429.49,1427677430.13,B,62,55
1427677429.53,1427677430.17,A,63,55
1427677429.53,1427677430.17,B,54,55
1427677429.57,1427677430.21,A,71,60
1427677429.57,1427677430.21,B,56,60
1427677429.61,1427677430.25,A,72,63
1427677429.61,1427677430.25,B,37,63
1427677429.65,1427677430.29,A,95,71
1427677429.65,1427677430.29,B,43,71
1427677429.69,1427677430.33,A,140,76
1427677429.69,1427677430.33,B,28,76
1427677429.73,1427677430.37,A,146,77
1427677429.73,1427677430.37,B,28,77
1427677429.77,1427677430.41,A,166,80
1427677429.77,1427677430.41,B,45,80
1427677429.81,1427677430.45,A,210,80
1427677429.81,1427677430.45,B,17,80
1427677429.85,1427677430.49,A,214,80
1427677429.85,1427677430.49,B,12,80
1427677429.89,1427677430.53,A,221,80
1427677429.89,1427677430.53,B,17,80
1427677429.93,1427677430.57,A,263,84
1427677429.93,1427677430.57,B,36,84
1427677429.97,1427677430.61,A,263,83
1427677429.97,1427677430.61,B,36,83
1427677430.01,1427677430.65,A,303,90
1427677430.01,1427677430.65,B,64,90
1427677430.05,1427677430.69,A,340,84
1427677430.05,1427677430.69,B,48,84
1427677430.09,1427677430.73,A,345,83
1427677430.09,1427677430.73,B,44,83
1427677430.13,1427677430.77,A,379,83
1427677430.13,1427677430.77,B,16,83
1427677430.17,1427677430.81,A,383,83
1427677430.17,1427677430.81,B,17,83
1427677430.21,1427677430.85,A,365,88
1427677430.21,1427677430.85,B,40,88
1427677430.25,1427677430.89,A,335,83
1427677430.25,1427677430.89,B,38,83
1427677430.29,1427677430.93,A,328,81
1427677430.29,1427677430.93,B,65,81
1427677430.33,1427677430.97,A,272,75
1427677430.33,1427677430.97,B,53,75
1427677430.37,1427677431.01,A,259,73
1427677430.37,1427677431.01,B,43,73
1427677430.41,1427677431.05,A,245,70
1427677430.41,1427677431.05,B,80,70
1427677430.45,1427677431.09,A,210,59
1427677430.45,1427677431.09,B,62,59
1427677430.49,1427677431.13,A,238,59
1427677430.49,1427677431.13,B,47,59
1427677430.53,1427677431.17,A,237,53
1427677430.53,1427677431.17,B,34,53
1427677430.57,1427677431.21,A,239,53
1427677430.57,1427677431.21,B,39,53
1427677430.61,1427677431.25,A,238,53
1427677430.61,1427677431.25,B,41,53
1427677430.65,1427677431.29,A,230,52
1427677430.65,1427677431.29,B,44,52
1427677430.69,1427677431.33,A,196,52
1427677430.69,1427677431.33,B,63,52
1427677430.73,1427677431.37,A,185,49
1427677430.73,1427677431.37,B,49,49
1427677430.77,1427677431.41,A,147,45
1427677430.77,1427677431.41,B,24,45
1427677430.81,1427677431.45,A,115,30
1427677430.81,1427677431.45,B,19,30
1427677430.85,1427677431.49,A,116,32
1427677430.85,1427677431.49,B,27,32
1427677430.89,1427677431.53,A,86,24
1427677430.89,1427677431.53,B,24,24
1427677430.93,1427677431.57,A,77,20
1427677430.93,1427677431.57,B,16,20
1427677430.97,1427677431.61,A,85,19
1427677430.97,1427677431.61,B,26,19
1427677431.01,1427677431.65,A,79,16
1427677431.01,1427677431.65,B,17,16
1427677431.05,1427677431.69,A,79,16
1427677431.05,1427677431.69,B,17,16
1427677431.09,1427677431.73,A,79,16
1427677431.09,1427677431.73,B,18,16
1427677431.13,1427677431.77,A,73,16
1427677431.13,1427677431.77,B,23,16
1427677431.17,1427677431.81,A,64,14
1427677431.17,1427677431.81,B,17,14
1427677431.21,1427677431.85,A,62,13
1427677431.21,1427677431.85,B,13,13
1427677431.25,1427677431.89,A,51,12
1427677431.25,1427677431.89,B,5,12
1427677431.29,1427677431.93,A,49,11
1427677431.29,1427677431.93,B,7,11
1427677431.33,1427677431.97,A,46,12
1427677431.33,1427677431.97,B,16,12
1427677431.37,1427677432.01,A,37,10
1427677431.37,1427677432.01,B,15,10
1427677431.41,1427677432.05,A,39,10
1427677431.41,1427677432.05,B,16,10
1427677431.45,1427677432.09,A,37,9
1427677431.45,1427677432.09,B,7,9
1427677431.49,1427677432.13,A,36,9
1427677431.49,1427677432.13,B,7,9
1427677431.53,1427677432.17,A,37,9
1427677431.53,1427677432.17,B,7,9
1427677431.57,1427677432.21,A,36,9
1427677431.57,1427677432.21,B,9,9
1427677431.61,1427677432.25,A,30,8
1427677431.61,1427677432.25,B,3,8
1427677431.65,1427677432.29,A,29,8
1427677431.65,1427677432.29,B,4,8
1427677431.69,1427677432.33,A,26,8
1427677431.69,1427677432.33,B,6,8
1427677431.73,1427677432.37,A,23,8
1427677431.73,1427677432.37,B,6,8
1427677431.77,1427677432.41,A,22,7
1427677431.77,1427677432.41,B,6,7
1427677431.81,1427677432.45,A,19,7
1427677431.81,1427677432.45,B,7,7
1427677431.85,1427677432.49,A,18,6
1427677431.85,1427677432.49,B,6,6
1427677431.89,1427677432.53,A,17,6
1427677431.89,1427677432.53,B,5,6
1427677431.93,1427677432.57,A,16,6
1427677431.93,1427677432.57,B,6,6
1427677431.97,1427677432.61,A,14,5
1427677431.97,1427677432.61,B,3,5
1427677432.01,1427677432.65,A,13,4
1427677432.01,1427677432.65,B,1,4
1427677432.05,1427677432.69,A,12,4
1427677432.05,1427677432.69,B,2,4
1427677432.09,1427677432.73,A,10,4
1427677432.09,1427677432.73,B,3,4
1427677432.13,1427677432.77,A,9,4
1427677432.13,1427677432.77,B,4,4
1427677432.17,1427677432.81,A,7,3
1427677432.17,1427677432.81,B,3,3
1427677432.21,1427677432.85,A,7,3
1427677432.21,1427677432.85,B,4,3
1427677432.25,1427677432.89,A,6,4
1427677432.25,1427677432.89,B,6,4
1427677432.29,1427677432.93,A,5,4
1427677432.29,1427677432.93,B,7,4
1427677432.33,1427677432.97,A,5,4
1427677432.33,1427677432.97,B,5,4
1427677432.37,1427677433.01,A,3,4
1427677432.37,1427677433.01,B,6,4
1427677432.41,1427677433.05,A,3,4
1427677432.41,1427677433.05,B,7,4
1427677432.45,1427677433.09,A,2,4
1427677432.45,1427677433.09,B,6,4
1427677432.49,1427677433.13,A,2,4
1427677432.49,1427677433.13,B,6,4
1427677432.53,1427677433.17,A,2,4
1427677432.53,1427677433.17,B,5,4
1427677432.57,1427677433.21,A,0,4
1427677432.57,1427677433.21,B,6,4
1427677432.61,1427677433.25,A,1,4
1427677432.61,1427677433.25,B,7,4
1427677432.65,1427677433.29,A,1,4
1427677432.65,1427677433.29,B,7,4
1427677432.69,1427677433.33,A,0,4
1427677432.69,1427677433.33,B,7,4
1427677432.73,1427677433.37,A,1,4
1427677432.73,1427677433.37,B,7,4
1427677432.77,1427677433.41,A,1,4
1427677432.77,1427677433.41,B,7,4
1427677432.81,1427677433.45,A,1,4
1427677432.81,1427677433.45,B,7,4
1427677432.85,1427677433.49,A,4,4
1427677432.85,1427677433.49,B,6,4
1427677432.89,1427677433.53,A,6,3
1427677432.89,1427677433.53,B,6,3
1427677432.93,1427677433.57,A,8,4
1427677432.93,1427677433.57,B,7,4
1427677432.97,1427677433.61,A,9,4
1427677432.97,1427677433.61,B,6,4
1427677433.01,1427677433.65,A,9,3
1427677433.01,1427677433.65,B,4,3
1427677433.05,1427677433.69,A,9,3
1427677433.05,1427677433.69,B,4,3
1427677433.09,1427677433.73,A,10,3
1427677433.09,1427677433.73,B,5,3
1427677433.13,1427677433.77,A,11,3
1427677433.13,1427677433.77,B,6,3
1427677433.17,1427677433.81,A,10,3
1427677433.17,1427677433.81,B,6,3
1427677433.21,1427677433.85,A,11,3
1427677433.21,1427677433.85,B,6,3
1427677433.25,1427677433.89,A,11,3
1427677433.25,1427677433.89,B,6,3
1427677433.29,1427677433.93,A,11,3
1427677433.29,1427677433.93,B,6,3
1427677433.33,1427677433.97,A,12,3
1427677433.33,1427677433.97,B,7,3
1427677433.37,1427677434.01,A,9,4
1427677433.37,1427677434.01,B,9,4
1427677433.41,1427677434.05,A,9,4
1427677433.41,1427677434.05,B,8,4
1427677433.45,1427677434.09,A,6,4
1427677433.45,1427677434.09,B,10,4
1427677433.49,1427677434.13,A,8,5
1427677433.49,1427677434.13,B,12,5
1427677433.53,1427677434.17,A,8,5
1427677433.53,1427677434.17,B,13,5
1427677433.57,1427677434.21,A,5,5
1427677433.57,1427677434.21,B,13,5
1427677433.61,1427677434.25,A,4,5
1427677433.61,1427677434.25,B,14,5
1427677433.65,1427677434.29,A,5,5
1427677433.65,1427677434.29,B,14,5
1427677433.69,1427677434.33,A,3,5
1427677433.69,1427677434.33,B,11,5
1427677433.73,1427677434.37,A,2,5
1427677433.73,1427677434.37,B,10,5
1427677433.77,1427677434.41,A,0,5
1427677433.77,1427677434.41,B,8,5
1427677433.81,1427677434.45,A,0,5
1427677433.81,1427677434.45,B,9,5
1427677433.85,1427677434.49,A,2,5
1427677433.85,1427677434.49,B,9,5
1427677433.89,1427677434.53,A,1,5
1427677433.89,1427677434.53,B,8,5
1427677433.93,1427677434.57,A,1,5
1427677433.93,1427677434.57,B,8,5
1427677433.97,1427677434.61,A,2,6
1427677433.97,1427677434.61,B,8,6
1427677434.01,1427677434.65,A,3,6
1427677434.01,1427677434.65,B,10,6
1427677434.05,1427677434.69,A,4,6
1427677434.05,1427677434.69,B,11,6
1427677434.09,1427677434.73,A,4,6
1427677434.09,1427677434.73,B,11,6
1427677434.13,1427677434.77,A,7,6
1427677434.13,1427677434.77,B,11,6
1427677434.17,1427677434.81,A,10,6
1427677434.17,1427677434.81,B,10,6
1427677434.21,1427677434.85,A,10,6
1427677434.21,1427677434.85,B,10,6
1427677434.25,1427677434.89,A,10,6
1427677434.25,1427677434.89,B,12,6
1427677434.29,1427677434.93,A,11,5
1427677434.29,1427677434.93,B,11,5
1427677434.33,1427677434.97,A,10,5
1427677434.33,1427677434.97,B,10,5
1427677434.37,1427677435.01,A,11,5
1427677434.37,1427677435.01,B,10,5
1427677434.41,1427677435.05,A,10,5
1427677434.41,1427677435.05,B,9,5
1427677434.45,1427677435.09,A,9,6
1427677434.45,1427677435.09,B,9,6
1427677434.49,1427677435.13,A,8,5
1427677434.49,1427677435.13,B,8,5
1427677434.53,1427677435.17,A,9,5
1427677434.53,1427677435.17,B,7,5
1427677434.57,1427677435.21,A,10,4
1427677434.57,1427677435.21,B,5,4
1427677434.61,1427677435.25,A,7,4
1427677434.61,1427677435.25,B,4,4
1427677434.65,1427677435.29,A,8,3
1427677434.65,1427677435.29,B,4,3
1427677434.69,1427677435.33,A,5,3
1427677434.69,1427677435.33,B,6,3
1427677434.73,1427677435.37,A,5,3
1427677434.73,1427677435.37,B,6,3
1427677434.77,1427677435.41,A,6,2
1427677434.77,1427677435.41,B,4,2
1427677434.81,1427677435.45,A,6,2
1427677434.81,1427677435.45,B,3,2
1427677434.85,1427677435.49,A,5,2
1427677434.85,1427677435.49,B,4,2
1427677434.89,1427677435.53,A,6,3
1427677434.89,1427677435.53,B,5,3
1427677434.93,1427677435.57,A,5,3
1427677434.93,1427677435.57,B,4,3
1427677434.97,1427677435.61,A,5,3
1427677434.97,1427677435.61,B,4,3
1427677435.01,1427677435.65,A,5,3
1427677435.01,1427677435.65,B,4,3
1427677435.05,1427677435.69,A,5,3
1427677435.05,1427677435.69,B,3,3
1427677435.09,1427677435.73,A,4,2
1427677435.09,1427677435.73,B,2,2
1427677435.13,1427677435.77,A,4,2
1427677435.13,1427677435.77,B,2,2
1427677435.17,1427677435.81,A,2,2
1427677435.17,1427677435.81,B,4,2
1427677435.21,1427677435.85,A,2,2
1427677435.21,1427677435.85,B,4,2
1427677435.25,1427677435.89,A,3,2
1427677435.25,1427677435.89,B,5,2
1427677435.29,1427677435.93,A,4,3
1427677435.29,1427677435.93,B,4,3
1427677435.33,1427677435.97,A,9,6
1427677435.33,1427677435.97,B,9,6
1427677435.37,1427677436.01,A,8,6
1427677435.37,1427677436.01,B,11,6
1427677435.41,1427677436.05,A,7,6
1427677435.41,1427677436.05,B,11,6
1427677435.45,1427677436.09,A,10,6
1427677435.45,1427677436.09,B,11,6
1427677435.49,1427677436.13,A,10,6
1427677435.49,1427677436.13,B,12,6
1427677435.53,1427677436.17,A,11,6
1427677435.53,1427677436.17,B,14,6
1427677435.57,1427677436.21,A,10,7
1427677435.57,1427677436.21,B,15,7
1427677435.61,1427677436.25,A,11,7
1427677435.61,1427677436.25,B,13,7
1427677435.65,1427677436.29,A,12,7
1427677435.65,1427677436.29,B,13,7
1427677435.69,1427677436.33,A,13,7
1427677435.69,1427677436.33,B,15,7
1427677435.73,1427677436.37,A,12,8
1427677435.73,1427677436.37,B,16,8
1427677435.77,1427677436.41,A,13,8
1427677435.77,1427677436.41,B,15,8
1427677435.81,1427677436.45,A,13,8
1427677435.81,1427677436.45,B,15,8
1427677435.85,1427677436.49,A,12,8
1427677435.85,1427677436.49,B,15,8
1427677435.89,1427677436.53,A,13,8
1427677435.89,1427677436.53,B,14,8
1427677435.93,1427677436.57,A,17,8
1427677435.93,1427677436.57,B,12,8
1427677435.97,1427677436.61,A,12,6
1427677435.97,1427677436.61,B,14,6
1427677436.01,1427677436.65,A,12,6
1427677436.01,1427677436.65,B,12,6
1427677436.05,1427677436.69,A,14,6
1427677436.05,1427677436.69,B,10,6
1427677436.09,1427677436.73,A,13,6
1427677436.09,1427677436.73,B,8,6
1427677436.13,1427677436.77,A,11,6
1427677436.13,1427677436.77,B,9,6
1427677436.17,1427677436.81,A,6,5
1427677436.17,1427677436.81,B,8,5
