#targetfile:$(projectRoot)/result/result/75cm/pocket/hasc-20150330-100052-mag-pca.csv-lowpass.csv
1427677258.84,1427677259.48,B,10,6
1427677258.88,1427677259.52,B,9,6
1427677258.92,1427677259.56,A,11,6
1427677258.92,1427677259.56,B,8,6
1427677258.96,1427677259.6,A,10,5
1427677258.96,1427677259.6,B,9,5
1427677259.0,1427677259.64,A,10,4
1427677259.0,1427677259.64,B,9,4
1427677259.04,1427677259.68,A,7,5
1427677259.04,1427677259.68,B,8,5
1427677259.08,1427677259.72,A,6,4
1427677259.08,1427677259.72,B,6,4
1427677259.12,1427677259.76,A,4,4
1427677259.12,1427677259.76,B,6,4
1427677259.16,1427677259.8,A,3,4
1427677259.16,1427677259.8,B,8,4
1427677259.2,1427677259.84,A,3,4
1427677259.2,1427677259.84,B,9,4
1427677259.24,1427677259.88,A,2,4
1427677259.24,1427677259.88,B,7,4
1427677259.28,1427677259.92,A,4,4
1427677259.28,1427677259.92,B,6,4
1427677259.32,1427677259.96,A,5,4
1427677259.32,1427677259.96,B,5,4
1427677259.36,1427677260.0,A,6,4
1427677259.36,1427677260.0,B,6,4
1427677259.4,1427677260.04,A,5,4
1427677259.4,1427677260.04,B,7,4
1427677259.44,1427677260.08,A,7,4
1427677259.44,1427677260.08,B,5,4
1427677259.48,1427677260.12,A,3,3
1427677259.48,1427677260.12,B,6,3
1427677259.52,1427677260.16,A,3,3
1427677259.52,1427677260.16,B,5,3
1427677259.56,1427677260.2,A,0,3
1427677259.56,1427677260.2,B,4,3
1427677259.6,1427677260.24,A,2,3
1427677259.6,1427677260.24,B,5,3
1427677259.64,1427677260.28,A,4,3
1427677259.64,1427677260.28,B,3,3
1427677259.68,1427677260.32,A,4,3
1427677259.68,1427677260.32,B,3,3
1427677259.72,1427677260.36,A,6,3
1427677259.72,1427677260.36,B,3,3
1427677259.76,1427677260.4,A,6,3
1427677259.76,1427677260.4,B,3,3
1427677259.8,1427677260.44,A,6,3
1427677259.8,1427677260.44,B,5,3
1427677259.84,1427677260.48,A,5,3
1427677259.84,1427677260.48,B,5,3
1427677259.88,1427677260.52,A,4,3
1427677259.88,1427677260.52,B,6,3
1427677259.92,1427677260.56,A,3,3
1427677259.92,1427677260.56,B,6,3
1427677259.96,1427677260.6,A,4,3
1427677259.96,1427677260.6,B,7,3
1427677260.0,1427677260.64,A,4,3
1427677260.0,1427677260.64,B,6,3
1427677260.04,1427677260.68,A,5,3
1427677260.04,1427677260.68,B,5,3
1427677260.08,1427677260.72,A,5,3
1427677260.08,1427677260.72,B,5,3
1427677260.12,1427677260.76,A,5,4
1427677260.12,1427677260.76,B,5,4
1427677260.16,1427677260.8,A,3,3
1427677260.16,1427677260.8,B,5,3
1427677260.2,1427677260.84,A,3,4
1427677260.2,1427677260.84,B,4,4
1427677260.24,1427677260.88,A,4,5
1427677260.24,1427677260.88,B,4,5
1427677260.28,1427677260.92,A,6,5
1427677260.28,1427677260.92,B,6,5
1427677260.32,1427677260.96,A,7,6
1427677260.32,1427677260.96,B,6,6
1427677260.36,1427677261.0,A,8,6
1427677260.36,1427677261.0,B,5,6
1427677260.4,1427677261.04,A,11,6
1427677260.4,1427677261.04,B,5,6
1427677260.44,1427677261.08,A,12,7
1427677260.44,1427677261.08,B,9,7
1427677260.48,1427677261.12,A,11,7
1427677260.48,1427677261.12,B,9,7
1427677260.52,1427677261.16,A,10,7
1427677260.52,1427677261.16,B,8,7
1427677260.56,1427677261.2,A,11,7
1427677260.56,1427677261.2,B,8,7
1427677260.6,1427677261.24,A,9,6
1427677260.6,1427677261.24,B,9,6
1427677260.64,1427677261.28,A,8,6
1427677260.64,1427677261.28,B,9,6
1427677260.68,1427677261.32,A,7,6
1427677260.68,1427677261.32,B,9,6
1427677260.72,1427677261.36,A,7,6
1427677260.72,1427677261.36,B,8,6
1427677260.76,1427677261.4,A,6,6
1427677260.76,1427677261.4,B,8,6
1427677260.8,1427677261.44,A,6,6
1427677260.8,1427677261.44,B,9,6
1427677260.84,1427677261.48,A,7,6
1427677260.84,1427677261.48,B,8,6
1427677260.88,1427677261.52,A,5,5
1427677260.88,1427677261.52,B,6,5
1427677260.92,1427677261.56,A,4,4
1427677260.92,1427677261.56,B,8,4
1427677260.96,1427677261.6,A,2,5
1427677260.96,1427677261.6,B,11,5
1427677261.0,1427677261.64,A,3,5
1427677261.0,1427677261.64,B,10,5
1427677261.04,1427677261.68,A,3,4
1427677261.04,1427677261.68,B,9,4
1427677261.08,1427677261.72,A,6,4
1427677261.08,1427677261.72,B,7,4
1427677261.12,1427677261.76,A,5,4
1427677261.12,1427677261.76,B,7,4
1427677261.16,1427677261.8,A,6,4
1427677261.16,1427677261.8,B,6,4
1427677261.2,1427677261.84,A,5,4
1427677261.2,1427677261.84,B,9,4
1427677261.24,1427677261.88,A,4,4
1427677261.24,1427677261.88,B,10,4
1427677261.28,1427677261.92,A,2,4
1427677261.28,1427677261.92,B,10,4
1427677261.32,1427677261.96,A,2,4
1427677261.32,1427677261.96,B,11,4
1427677261.36,1427677262.0,A,2,4
1427677261.36,1427677262.0,B,10,4
1427677261.4,1427677262.04,A,4,5
1427677261.4,1427677262.04,B,7,5
1427677261.44,1427677262.08,A,6,6
1427677261.44,1427677262.08,B,6,6
1427677261.48,1427677262.12,A,5,6
1427677261.48,1427677262.12,B,6,6
1427677261.52,1427677262.16,A,7,6
1427677261.52,1427677262.16,B,9,6
1427677261.56,1427677262.2,A,9,6
1427677261.56,1427677262.2,B,7,6
1427677261.6,1427677262.24,A,11,6
1427677261.6,1427677262.24,B,4,6
1427677261.64,1427677262.28,A,13,6
1427677261.64,1427677262.28,B,2,6
1427677261.68,1427677262.32,A,12,6
1427677261.68,1427677262.32,B,5,6
1427677261.72,1427677262.36,A,12,6
1427677261.72,1427677262.36,B,6,6
1427677261.76,1427677262.4,A,11,6
1427677261.76,1427677262.4,B,6,6
1427677261.8,1427677262.44,A,11,6
1427677261.8,1427677262.44,B,5,6
1427677261.84,1427677262.48,A,8,5
1427677261.84,1427677262.48,B,4,5
1427677261.88,1427677262.52,A,8,6
1427677261.88,1427677262.52,B,5,6
1427677261.92,1427677262.56,A,9,6
1427677261.92,1427677262.56,B,10,6
1427677261.96,1427677262.6,A,12,6
1427677261.96,1427677262.6,B,12,6
1427677262.0,1427677262.64,A,12,6
1427677262.0,1427677262.64,B,12,6
1427677262.04,1427677262.68,A,13,6
1427677262.04,1427677262.68,B,11,6
1427677262.08,1427677262.72,A,10,5
1427677262.08,1427677262.72,B,11,5
1427677262.12,1427677262.76,A,8,6
1427677262.12,1427677262.76,B,13,6
1427677262.16,1427677262.8,A,4,6
1427677262.16,1427677262.8,B,13,6
1427677262.2,1427677262.84,A,4,6
1427677262.2,1427677262.84,B,11,6
1427677262.24,1427677262.88,A,6,6
1427677262.24,1427677262.88,B,8,6
1427677262.28,1427677262.92,A,8,8
1427677262.28,1427677262.92,B,9,8
1427677262.32,1427677262.96,A,14,8
1427677262.32,1427677262.96,B,12,8
1427677262.36,1427677263.0,A,14,8
1427677262.36,1427677263.0,B,15,8
1427677262.4,1427677263.04,A,14,8
1427677262.4,1427677263.04,B,15,8
1427677262.44,1427677263.08,A,10,8
1427677262.44,1427677263.08,B,19,8
1427677262.48,1427677263.12,A,9,9
1427677262.48,1427677263.12,B,24,9
1427677262.52,1427677263.16,A,8,9
1427677262.52,1427677263.16,B,24,9
1427677262.56,1427677263.2,A,17,11
1427677262.56,1427677263.2,B,24,11
1427677262.6,1427677263.24,A,20,11
1427677262.6,1427677263.24,B,23,11
1427677262.64,1427677263.28,A,30,12
1427677262.64,1427677263.28,B,16,12
1427677262.68,1427677263.32,A,29,12
1427677262.68,1427677263.32,B,15,12
1427677262.72,1427677263.36,A,32,12
1427677262.72,1427677263.36,B,9,12
1427677262.76,1427677263.4,A,27,11
1427677262.76,1427677263.4,B,4,11
1427677262.8,1427677263.44,A,24,11
1427677262.8,1427677263.44,B,6,11
1427677262.84,1427677263.48,A,14,13
1427677262.84,1427677263.48,B,12,13
1427677262.88,1427677263.52,A,14,15
1427677262.88,1427677263.52,B,19,15
1427677262.92,1427677263.56,A,22,17
1427677262.92,1427677263.56,B,28,17
1427677262.96,1427677263.6,A,33,23
1427677262.96,1427677263.6,B,39,23
1427677263.0,1427677263.64,A,56,25
1427677263.0,1427677263.64,B,40,25
1427677263.04,1427677263.68,A,60,31
1427677263.04,1427677263.68,B,53,31
1427677263.08,1427677263.72,A,76,29
1427677263.08,1427677263.72,B,44,29
1427677263.12,1427677263.76,A,71,33
1427677263.12,1427677263.76,B,38,33
1427677263.16,1427677263.8,A,75,34
1427677263.16,1427677263.8,B,29,34
1427677263.2,1427677263.84,A,55,33
1427677263.2,1427677263.84,B,22,33
1427677263.24,1427677263.88,A,42,35
1427677263.24,1427677263.88,B,34,35
1427677263.28,1427677263.92,A,5,34
1427677263.28,1427677263.92,B,28,34
1427677263.32,1427677263.96,A,43,51
1427677263.32,1427677263.96,B,70,51
1427677263.36,1427677264.0,A,69,52
1427677263.36,1427677264.0,B,56,52
1427677263.4,1427677264.04,A,109,68
1427677263.4,1427677264.04,B,95,68
1427677263.44,1427677264.08,A,137,72
1427677263.44,1427677264.08,B,89,72
1427677263.48,1427677264.12,A,152,75
1427677263.48,1427677264.12,B,98,75
1427677263.52,1427677264.16,A,163,72
1427677263.52,1427677264.16,B,85,72
1427677263.56,1427677264.2,A,151,73
1427677263.56,1427677264.2,B,62,73
1427677263.6,1427677264.24,A,119,75
1427677263.6,1427677264.24,B,59,75
1427677263.64,1427677264.28,A,88,70
1427677263.64,1427677264.28,B,29,70
1427677263.68,1427677264.32,A,67,83
1427677263.68,1427677264.32,B,75,83
1427677263.72,1427677264.36,A,72,87
1427677263.72,1427677264.36,B,83,87
1427677263.76,1427677264.4,A,147,92
1427677263.76,1427677264.4,B,106,92
1427677263.8,1427677264.44,A,187,92
1427677263.8,1427677264.44,B,67,92
1427677263.84,1427677264.48,A,255,111
1427677263.84,1427677264.48,B,95,111
1427677263.88,1427677264.52,A,268,106
1427677263.88,1427677264.52,B,92,106
1427677263.92,1427677264.56,A,284,99
1427677263.92,1427677264.56,B,82,99
1427677263.96,1427677264.6,A,248,100
1427677263.96,1427677264.6,B,99,100
1427677264.0,1427677264.64,A,235,96
1427677264.0,1427677264.64,B,72,96
1427677264.04,1427677264.68,A,172,94
1427677264.04,1427677264.68,B,81,94
1427677264.08,1427677264.72,A,146,99
1427677264.08,1427677264.72,B,73,99
1427677264.12,1427677264.76,A,210,103
1427677264.12,1427677264.76,B,120,103
1427677264.16,1427677264.8,A,209,98
1427677264.16,1427677264.8,B,105,98
1427677264.2,1427677264.84,A,296,102
1427677264.2,1427677264.84,B,72,102
1427677264.24,1427677264.88,A,309,98
1427677264.24,1427677264.88,B,58,98
1427677264.28,1427677264.92,A,336,93
1427677264.28,1427677264.92,B,38,93
1427677264.32,1427677264.96,A,302,95
1427677264.32,1427677264.96,B,58,95
1427677264.36,1427677265.0,A,287,91
1427677264.36,1427677265.0,B,89,91
1427677264.4,1427677265.04,A,235,93
1427677264.4,1427677265.04,B,109,93
1427677264.44,1427677265.08,A,201,83
1427677264.44,1427677265.08,B,70,83
1427677264.48,1427677265.12,A,184,66
1427677264.48,1427677265.12,B,60,66
1427677264.52,1427677265.16,A,158,64
1427677264.52,1427677265.16,B,40,64
1427677264.56,1427677265.2,A,219,69
1427677264.56,1427677265.2,B,84,69
1427677264.6,1427677265.24,A,229,65
1427677264.6,1427677265.24,B,71,65
1427677264.64,1427677265.28,A,249,66
1427677264.64,1427677265.28,B,61,66
1427677264.68,1427677265.32,A,246,62
1427677264.68,1427677265.32,B,54,62
1427677264.72,1427677265.36,A,239,63
1427677264.72,1427677265.36,B,63,63
1427677264.76,1427677265.4,A,184,52
1427677264.76,1427677265.4,B,73,52
1427677264.8,1427677265.44,A,187,54
1427677264.8,1427677265.44,B,79,54
1427677264.84,1427677265.48,A,157,47
1427677264.84,1427677265.48,B,45,47
1427677264.88,1427677265.52,A,137,42
1427677264.88,1427677265.52,B,32,42
1427677264.92,1427677265.56,A,158,40
1427677264.92,1427677265.56,B,29,40
1427677264.96,1427677265.6,A,154,37
1427677264.96,1427677265.6,B,37,37
1427677265.0,1427677265.64,A,156,37
1427677265.0,1427677265.64,B,38,37
1427677265.04,1427677265.68,A,158,37
1427677265.04,1427677265.68,B,34,37
1427677265.08,1427677265.72,A,154,37
1427677265.08,1427677265.72,B,38,37
1427677265.12,1427677265.76,A,141,38
1427677265.12,1427677265.76,B,45,38
1427677265.16,1427677265.8,A,140,32
1427677265.16,1427677265.8,B,31,32
1427677265.2,1427677265.84,A,106,26
1427677265.2,1427677265.84,B,38,26
1427677265.24,1427677265.88,A,93,20
1427677265.24,1427677265.88,B,25,20
1427677265.28,1427677265.92,A,84,18
1427677265.28,1427677265.92,B,12,18
1427677265.32,1427677265.96,A,79,15
1427677265.32,1427677265.96,B,10,15
1427677265.36,1427677266.0,A,80,15
1427677265.36,1427677266.0,B,10,15
1427677265.4,1427677266.04,A,76,15
1427677265.4,1427677266.04,B,9,15
1427677265.44,1427677266.08,A,66,15
1427677265.44,1427677266.08,B,17,15
1427677265.48,1427677266.12,A,65,14
1427677265.48,1427677266.12,B,18,14
1427677265.52,1427677266.16,A,59,13
1427677265.52,1427677266.16,B,15,13
1427677265.56,1427677266.2,A,47,9
1427677265.56,1427677266.2,B,7,9
1427677265.6,1427677266.24,A,44,10
1427677265.6,1427677266.24,B,11,10
1427677265.64,1427677266.28,A,34,9
1427677265.64,1427677266.28,B,15,9
1427677265.68,1427677266.32,A,31,7
1427677265.68,1427677266.32,B,15,7
1427677265.72,1427677266.36,A,29,7
1427677265.72,1427677266.36,B,16,7
1427677265.76,1427677266.4,A,28,7
1427677265.76,1427677266.4,B,14,7
1427677265.8,1427677266.44,A,27,7
1427677265.8,1427677266.44,B,16,7
1427677265.84,1427677266.48,A,26,7
1427677265.84,1427677266.48,B,17,7
1427677265.88,1427677266.52,A,24,7
1427677265.88,1427677266.52,B,16,7
1427677265.92,1427677266.56,A,23,6
1427677265.92,1427677266.56,B,11,6
1427677265.96,1427677266.6,A,19,5
1427677265.96,1427677266.6,B,7,5
1427677266.0,1427677266.64,A,15,5
1427677266.0,1427677266.64,B,8,5
1427677266.04,1427677266.68,A,14,5
1427677266.04,1427677266.68,B,8,5
1427677266.08,1427677266.72,A,10,5
1427677266.08,1427677266.72,B,10,5
1427677266.12,1427677266.76,A,10,6
1427677266.12,1427677266.76,B,12,6
1427677266.16,1427677266.8,A,10,6
1427677266.16,1427677266.8,B,12,6
1427677266.2,1427677266.84,A,9,6
1427677266.2,1427677266.84,B,12,6
1427677266.24,1427677266.88,A,10,6
1427677266.24,1427677266.88,B,12,6
1427677266.28,1427677266.92,A,8,6
1427677266.28,1427677266.92,B,13,6
1427677266.32,1427677266.96,A,8,6
1427677266.32,1427677266.96,B,11,6
1427677266.36,1427677267.0,A,9,6
1427677266.36,1427677267.0,B,10,6
1427677266.4,1427677267.04,A,6,5
1427677266.4,1427677267.04,B,7,5
1427677266.44,1427677267.08,A,5,5
1427677266.44,1427677267.08,B,6,5
1427677266.48,1427677267.12,A,4,5
1427677266.48,1427677267.12,B,9,5
1427677266.52,1427677267.16,A,5,5
1427677266.52,1427677267.16,B,11,5
1427677266.56,1427677267.2,A,4,5
1427677266.56,1427677267.2,B,14,5
1427677266.6,1427677267.24,A,7,5
1427677266.6,1427677267.24,B,11,5
1427677266.64,1427677267.28,A,6,4
1427677266.64,1427677267.28,B,9,4
1427677266.68,1427677267.32,A,6,5
1427677266.68,1427677267.32,B,8,5
1427677266.72,1427677267.36,A,4,4
1427677266.72,1427677267.36,B,5,4
1427677266.76,1427677267.4,A,3,4
1427677266.76,1427677267.4,B,4,4
1427677266.8,1427677267.44,A,5,4
1427677266.8,1427677267.44,B,4,4
1427677266.84,1427677267.48,A,5,4
1427677266.84,1427677267.48,B,6,4
1427677266.88,1427677267.52,A,6,4
1427677266.88,1427677267.52,B,6,4
1427677266.92,1427677267.56,A,6,4
1427677266.92,1427677267.56,B,6,4
1427677266.96,1427677267.6,A,7,4
1427677266.96,1427677267.6,B,7,4
1427677267.0,1427677267.64,A,10,5
1427677267.0,1427677267.64,B,9,5
1427677267.04,1427677267.68,A,9,5
1427677267.04,1427677267.68,B,11,5
1427677267.08,1427677267.72,A,10,5
1427677267.08,1427677267.72,B,11,5
1427677267.12,1427677267.76,A,8,5
1427677267.12,1427677267.76,B,13,5
1427677267.16,1427677267.8,A,7,4
1427677267.16,1427677267.8,B,14,4
1427677267.2,1427677267.84,A,5,5
1427677267.2,1427677267.84,B,12,5
1427677267.24,1427677267.88,A,4,5
1427677267.24,1427677267.88,B,11,5
1427677267.28,1427677267.92,A,3,5
1427677267.28,1427677267.92,B,11,5
1427677267.32,1427677267.96,A,5,5
1427677267.32,1427677267.96,B,12,5
1427677267.36,1427677268.0,A,6,5
1427677267.36,1427677268.0,B,11,5
1427677267.4,1427677268.04,A,6,5
1427677267.4,1427677268.04,B,11,5
1427677267.44,1427677268.08,A,6,5
1427677267.44,1427677268.08,B,11,5
1427677267.48,1427677268.12,A,6,5
1427677267.48,1427677268.12,B,10,5
1427677267.52,1427677268.16,A,7,5
1427677267.52,1427677268.16,B,10,5
1427677267.56,1427677268.2,A,5,4
1427677267.56,1427677268.2,B,10,4
1427677267.6,1427677268.24,A,5,4
1427677267.6,1427677268.24,B,10,4
1427677267.64,1427677268.28,A,1,4
1427677267.64,1427677268.28,B,7,4
1427677267.68,1427677268.32,A,2,3
1427677267.68,1427677268.32,B,6,3
1427677267.72,1427677268.36,A,2,3
1427677267.72,1427677268.36,B,6,3
1427677267.76,1427677268.4,A,1,4
1427677267.76,1427677268.4,B,5,4
1427677267.8,1427677268.44,A,2,4
1427677267.8,1427677268.44,B,3,4
1427677267.84,1427677268.48,A,7,3
1427677267.84,1427677268.48,B,4,3
1427677267.88,1427677268.52,A,7,3
1427677267.88,1427677268.52,B,5,3
1427677267.92,1427677268.56,A,7,3
1427677267.92,1427677268.56,B,6,3
1427677267.96,1427677268.6,A,7,3
1427677267.96,1427677268.6,B,5,3
1427677268.0,1427677268.64,A,7,3
1427677268.0,1427677268.64,B,6,3
1427677268.04,1427677268.68,A,8,3
1427677268.04,1427677268.68,B,7,3
1427677268.08,1427677268.72,A,8,3
1427677268.08,1427677268.72,B,7,3
1427677268.12,1427677268.76,A,8,3
1427677268.12,1427677268.76,B,7,3
1427677268.16,1427677268.8,A,7,4
1427677268.16,1427677268.8,B,8,4
1427677268.2,1427677268.84,A,9,5
1427677268.2,1427677268.84,B,10,5
1427677268.24,1427677268.88,A,11,5
1427677268.24,1427677268.88,B,11,5
1427677268.28,1427677268.92,A,12,5
1427677268.28,1427677268.92,B,12,5
1427677268.32,1427677268.96,A,12,5
1427677268.32,1427677268.96,B,13,5
1427677268.36,1427677269.0,A,14,5
1427677268.36,1427677269.0,B,12,5
1427677268.4,1427677269.04,A,12,6
1427677268.4,1427677269.04,B,8,6
1427677268.44,1427677269.08,A,12,6
1427677268.44,1427677269.08,B,10,6
1427677268.48,1427677269.12,A,7,5
1427677268.48,1427677269.12,B,10,5
1427677268.52,1427677269.16,A,5,5
1427677268.52,1427677269.16,B,11,5
1427677268.56,1427677269.2,A,2,5
1427677268.56,1427677269.2,B,9,5
1427677268.6,1427677269.24,A,5,5
1427677268.6,1427677269.24,B,8,5
1427677268.64,1427677269.28,A,5,5
1427677268.64,1427677269.28,B,9,5
1427677268.68,1427677269.32,A,5,6
1427677268.68,1427677269.32,B,10,6
1427677268.72,1427677269.36,A,6,6
1427677268.72,1427677269.36,B,10,6
1427677268.76,1427677269.4,A,6,6
1427677268.76,1427677269.4,B,10,6
1427677268.8,1427677269.44,A,7,5
1427677268.8,1427677269.44,B,9,5
1427677268.84,1427677269.48,A,5,5
1427677268.84,1427677269.48,B,7,5
1427677268.88,1427677269.52,A,4,5
1427677268.88,1427677269.52,B,7,5
1427677268.92,1427677269.56,A,3,5
1427677268.92,1427677269.56,B,8,5
1427677268.96,1427677269.6,A,3,5
1427677268.96,1427677269.6,B,7,5
1427677269.0,1427677269.64,A,1,5
1427677269.0,1427677269.64,B,6,5
1427677269.04,1427677269.68,A,3,4
1427677269.04,1427677269.68,B,7,4
1427677269.08,1427677269.72,A,5,4
1427677269.08,1427677269.72,B,7,4
1427677269.12,1427677269.76,A,8,4
1427677269.12,1427677269.76,B,5,4
1427677269.16,1427677269.8,A,7,4
1427677269.16,1427677269.8,B,4,4
1427677269.2,1427677269.84,A,9,3
1427677269.2,1427677269.84,B,3,3
1427677269.24,1427677269.88,A,7,3
1427677269.24,1427677269.88,B,5,3
1427677269.28,1427677269.92,A,8,3
1427677269.28,1427677269.92,B,4,3
1427677269.32,1427677269.96,A,9,3
1427677269.32,1427677269.96,B,5,3
1427677269.36,1427677270.0,A,8,3
1427677269.36,1427677270.0,B,5,3
1427677269.4,1427677270.04,A,9,4
1427677269.4,1427677270.04,B,4,4
1427677269.44,1427677270.08,A,13,5
1427677269.44,1427677270.08,B,5,5
1427677269.48,1427677270.12,A,13,5
1427677269.48,1427677270.12,B,6,5
1427677269.52,1427677270.16,A,17,5
1427677269.52,1427677270.16,B,4,5
1427677269.56,1427677270.2,A,18,5
1427677269.56,1427677270.2,B,4,5
1427677269.6,1427677270.24,A,19,6
1427677269.6,1427677270.24,B,5,6
1427677269.64,1427677270.28,A,21,6
1427677269.64,1427677270.28,B,4,6
1427677269.68,1427677270.32,A,21,6
1427677269.68,1427677270.32,B,5,6
1427677269.72,1427677270.36,A,22,7
1427677269.72,1427677270.36,B,5,7
1427677269.76,1427677270.4,A,22,7
1427677269.76,1427677270.4,B,4,7
1427677269.8,1427677270.44,A,22,6
1427677269.8,1427677270.44,B,2,6
1427677269.84,1427677270.48,A,21,6
1427677269.84,1427677270.48,B,3,6
1427677269.88,1427677270.52,A,20,6
1427677269.88,1427677270.52,B,4,6
1427677269.92,1427677270.56,A,18,7
1427677269.92,1427677270.56,B,5,7
1427677269.96,1427677270.6,A,12,7
1427677269.96,1427677270.6,B,5,7
1427677270.0,1427677270.64,A,12,7
1427677270.0,1427677270.64,B,7,7
1427677270.04,1427677270.68,A,14,8
1427677270.04,1427677270.68,B,9,8
1427677270.08,1427677270.72,A,12,9
1427677270.08,1427677270.72,B,10,9
1427677270.12,1427677270.76,A,11,8
1427677270.12,1427677270.76,B,12,8
1427677270.16,1427677270.8,A,9,8
1427677270.16,1427677270.8,B,13,8
1427677270.2,1427677270.84,A,8,8
1427677270.2,1427677270.84,B,13,8
1427677270.24,1427677270.88,A,7,7
1427677270.24,1427677270.88,B,13,7
