#targetfile:$(projectRoot)/result/result/75cm/pocket/hasc-20150330-100134-mag-pca.csv-lowpass.csv
1427677304.43,1427677305.07,B,14,5
1427677304.47,1427677305.11,B,15,4
1427677304.51,1427677305.15,B,15,4
1427677304.55,1427677305.19,B,15,4
1427677304.59,1427677305.23,B,14,4
1427677304.63,1427677305.27,B,14,4
1427677304.67,1427677305.31,B,14,4
1427677304.71,1427677305.35,A,10,4
1427677304.71,1427677305.35,B,13,4
1427677304.75,1427677305.39,A,8,4
1427677304.75,1427677305.39,B,11,4
1427677304.79,1427677305.43,A,8,4
1427677304.79,1427677305.43,B,11,4
1427677304.83,1427677305.47,A,8,4
1427677304.83,1427677305.47,B,10,4
1427677304.87,1427677305.51,A,8,4
1427677304.87,1427677305.51,B,10,4
1427677304.91,1427677305.55,A,9,4
1427677304.91,1427677305.55,B,9,4
1427677304.95,1427677305.59,A,7,4
1427677304.95,1427677305.59,B,6,4
1427677304.99,1427677305.63,A,5,4
1427677304.99,1427677305.63,B,8,4
1427677305.03,1427677305.67,A,3,4
1427677305.03,1427677305.67,B,6,4
1427677305.07,1427677305.71,A,5,3
1427677305.07,1427677305.71,B,4,3
1427677305.11,1427677305.75,A,6,3
1427677305.11,1427677305.75,B,3,3
1427677305.15,1427677305.79,A,7,3
1427677305.15,1427677305.79,B,3,3
1427677305.19,1427677305.83,A,7,3
1427677305.19,1427677305.83,B,3,3
1427677305.23,1427677305.87,A,9,4
1427677305.23,1427677305.87,B,4,4
1427677305.27,1427677305.91,A,7,4
1427677305.27,1427677305.91,B,5,4
1427677305.31,1427677305.95,A,7,5
1427677305.31,1427677305.95,B,6,5
1427677305.35,1427677305.99,A,5,5
1427677305.35,1427677305.99,B,9,5
1427677305.39,1427677306.03,A,5,5
1427677305.39,1427677306.03,B,11,5
1427677305.43,1427677306.07,A,6,6
1427677305.43,1427677306.07,B,13,6
1427677305.47,1427677306.11,A,8,6
1427677305.47,1427677306.11,B,14,6
1427677305.51,1427677306.15,A,9,6
1427677305.51,1427677306.15,B,13,6
1427677305.55,1427677306.19,A,11,6
1427677305.55,1427677306.19,B,12,6
1427677305.59,1427677306.23,A,13,6
1427677305.59,1427677306.23,B,11,6
1427677305.63,1427677306.27,A,14,5
1427677305.63,1427677306.27,B,9,5
1427677305.67,1427677306.31,A,13,5
1427677305.67,1427677306.31,B,9,5
1427677305.71,1427677306.35,A,13,5
1427677305.71,1427677306.35,B,11,5
1427677305.75,1427677306.39,A,9,6
1427677305.75,1427677306.39,B,15,6
1427677305.79,1427677306.43,A,9,6
1427677305.79,1427677306.43,B,16,6
1427677305.83,1427677306.47,A,10,7
1427677305.83,1427677306.47,B,18,7
1427677305.87,1427677306.51,A,10,7
1427677305.87,1427677306.51,B,18,7
1427677305.91,1427677306.55,A,15,7
1427677305.91,1427677306.55,B,16,7
1427677305.95,1427677306.59,A,17,7
1427677305.95,1427677306.59,B,13,7
1427677305.99,1427677306.63,A,22,7
1427677305.99,1427677306.63,B,7,7
1427677306.03,1427677306.67,A,17,8
1427677306.03,1427677306.67,B,10,8
1427677306.07,1427677306.71,A,14,8
1427677306.07,1427677306.71,B,13,8
1427677306.11,1427677306.75,A,8,7
1427677306.11,1427677306.75,B,12,7
1427677306.15,1427677306.79,A,7,7
1427677306.15,1427677306.79,B,9,7
1427677306.19,1427677306.83,A,1,7
1427677306.19,1427677306.83,B,8,7
1427677306.23,1427677306.87,A,2,7
1427677306.23,1427677306.87,B,11,7
1427677306.27,1427677306.91,A,11,9
1427677306.27,1427677306.91,B,16,9
1427677306.31,1427677306.95,A,12,10
1427677306.31,1427677306.95,B,18,10
1427677306.35,1427677306.99,A,19,11
1427677306.35,1427677306.99,B,13,11
1427677306.39,1427677307.03,A,16,11
1427677306.39,1427677307.03,B,18,11
1427677306.43,1427677307.07,A,16,12
1427677306.43,1427677307.07,B,20,12
1427677306.47,1427677307.11,A,11,11
1427677306.47,1427677307.11,B,21,11
1427677306.51,1427677307.15,A,5,11
1427677306.51,1427677307.15,B,25,11
1427677306.55,1427677307.19,A,4,13
1427677306.55,1427677307.19,B,20,13
1427677306.59,1427677307.23,A,11,16
1427677306.59,1427677307.23,B,20,16
1427677306.63,1427677307.27,A,28,15
1427677306.63,1427677307.27,B,8,15
1427677306.67,1427677307.31,A,35,21
1427677306.67,1427677307.31,B,14,21
1427677306.71,1427677307.35,A,57,22
1427677306.71,1427677307.35,B,18,22
1427677306.75,1427677307.39,A,56,29
1427677306.75,1427677307.39,B,39,29
1427677306.79,1427677307.43,A,66,28
1427677306.79,1427677307.43,B,39,28
1427677306.83,1427677307.47,A,57,27
1427677306.83,1427677307.47,B,48,27
1427677306.87,1427677307.51,A,57,27
1427677306.87,1427677307.51,B,45,27
1427677306.91,1427677307.55,A,37,30
1427677306.91,1427677307.55,B,34,30
1427677306.95,1427677307.59,A,26,33
1427677306.95,1427677307.59,B,43,33
1427677306.99,1427677307.63,A,13,31
1427677306.99,1427677307.63,B,26,31
1427677307.03,1427677307.67,A,48,43
1427677307.03,1427677307.67,B,46,43
1427677307.07,1427677307.71,A,76,47
1427677307.07,1427677307.71,B,44,47
1427677307.11,1427677307.75,A,89,48
1427677307.11,1427677307.75,B,51,48
1427677307.15,1427677307.79,A,119,53
1427677307.15,1427677307.79,B,39,53
1427677307.19,1427677307.83,A,115,52
1427677307.19,1427677307.83,B,48,52
1427677307.23,1427677307.87,A,131,53
1427677307.23,1427677307.87,B,35,53
1427677307.27,1427677307.91,A,106,61
1427677307.27,1427677307.91,B,48,61
1427677307.31,1427677307.95,A,78,64
1427677307.31,1427677307.95,B,79,64
1427677307.35,1427677307.99,A,20,64
1427677307.35,1427677307.99,B,71,64
1427677307.39,1427677308.03,A,51,76
1427677307.39,1427677308.03,B,114,76
1427677307.43,1427677308.07,A,110,80
1427677307.43,1427677308.07,B,112,80
1427677307.47,1427677308.11,A,145,92
1427677307.47,1427677308.11,B,147,92
1427677307.51,1427677308.15,A,221,91
1427677307.51,1427677308.15,B,99,91
1427677307.55,1427677308.19,A,223,95
1427677307.55,1427677308.19,B,96,95
1427677307.59,1427677308.23,A,251,92
1427677307.59,1427677308.23,B,65,92
1427677307.63,1427677308.27,A,228,91
1427677307.63,1427677308.27,B,62,91
1427677307.67,1427677308.31,A,207,95
1427677307.67,1427677308.31,B,63,95
1427677307.71,1427677308.35,A,163,85
1427677307.71,1427677308.35,B,26,85
1427677307.75,1427677308.39,A,171,90
1427677307.75,1427677308.39,B,42,90
1427677307.79,1427677308.43,A,139,90
1427677307.79,1427677308.43,B,66,90
1427677307.83,1427677308.47,A,171,100
1427677307.83,1427677308.47,B,92,100
1427677307.87,1427677308.51,A,236,96
1427677307.87,1427677308.51,B,80,96
1427677307.91,1427677308.55,A,243,93
1427677307.91,1427677308.55,B,90,93
1427677307.95,1427677308.59,A,272,93
1427677307.95,1427677308.59,B,79,93
1427677307.99,1427677308.63,A,271,91
1427677307.99,1427677308.63,B,74,91
1427677308.03,1427677308.67,A,238,98
1427677308.03,1427677308.67,B,94,98
1427677308.07,1427677308.71,A,185,90
1427677308.07,1427677308.71,B,74,90
1427677308.11,1427677308.75,A,187,93
1427677308.11,1427677308.75,B,119,93
1427677308.15,1427677308.79,A,148,76
1427677308.15,1427677308.79,B,79,76
1427677308.19,1427677308.83,A,181,80
1427677308.19,1427677308.83,B,60,80
1427677308.23,1427677308.87,A,242,71
1427677308.23,1427677308.87,B,58,71
1427677308.27,1427677308.91,A,254,72
1427677308.27,1427677308.91,B,74,72
1427677308.31,1427677308.95,A,284,69
1427677308.31,1427677308.95,B,71,69
1427677308.35,1427677308.99,A,287,69
1427677308.35,1427677308.99,B,66,69
1427677308.39,1427677309.03,A,278,70
1427677308.39,1427677309.03,B,70,70
1427677308.43,1427677309.07,A,239,65
1427677308.43,1427677309.07,B,50,65
1427677308.47,1427677309.11,A,227,67
1427677308.47,1427677309.11,B,62,67
1427677308.51,1427677309.15,A,170,51
1427677308.51,1427677309.15,B,73,51
1427677308.55,1427677309.19,A,161,49
1427677308.55,1427677309.19,B,66,49
1427677308.59,1427677309.23,A,152,42
1427677308.59,1427677309.23,B,39,42
1427677308.63,1427677309.27,A,135,36
1427677308.63,1427677309.27,B,24,36
1427677308.67,1427677309.31,A,150,37
1427677308.67,1427677309.31,B,36,37
1427677308.71,1427677309.35,A,148,36
1427677308.71,1427677309.35,B,27,36
1427677308.75,1427677309.39,A,138,35
1427677308.75,1427677309.39,B,22,35
1427677308.79,1427677309.43,A,137,34
1427677308.79,1427677309.43,B,25,34
1427677308.83,1427677309.47,A,136,34
1427677308.83,1427677309.47,B,23,34
1427677308.87,1427677309.51,A,95,25
1427677308.87,1427677309.51,B,23,25
1427677308.91,1427677309.55,A,93,24
1427677308.91,1427677309.55,B,33,24
1427677308.95,1427677309.59,A,75,20
1427677308.95,1427677309.59,B,29,20
1427677308.99,1427677309.63,A,63,17
1427677308.99,1427677309.63,B,18,17
1427677309.03,1427677309.67,A,73,15
1427677309.03,1427677309.67,B,10,15
1427677309.07,1427677309.71,A,70,14
1427677309.07,1427677309.71,B,7,14
1427677309.11,1427677309.75,A,70,14
1427677309.11,1427677309.75,B,7,14
1427677309.15,1427677309.79,A,68,15
1427677309.15,1427677309.79,B,8,15
1427677309.19,1427677309.83,A,61,14
1427677309.19,1427677309.83,B,16,14
1427677309.23,1427677309.87,A,50,13
1427677309.23,1427677309.87,B,8,13
1427677309.27,1427677309.91,A,48,14
1427677309.27,1427677309.91,B,7,14
1427677309.31,1427677309.95,A,33,10
1427677309.31,1427677309.95,B,13,10
1427677309.35,1427677309.99,A,28,9
1427677309.35,1427677309.99,B,10,9
1427677309.39,1427677310.03,A,28,11
1427677309.39,1427677310.03,B,10,11
1427677309.43,1427677310.07,A,22,7
1427677309.43,1427677310.07,B,3,7
1427677309.47,1427677310.11,A,26,7
1427677309.47,1427677310.11,B,6,7
1427677309.51,1427677310.15,A,27,7
1427677309.51,1427677310.15,B,4,7
1427677309.55,1427677310.19,A,25,7
1427677309.55,1427677310.19,B,6,7
1427677309.59,1427677310.23,A,21,7
1427677309.59,1427677310.23,B,6,7
1427677309.63,1427677310.27,A,20,8
1427677309.63,1427677310.27,B,9,8
1427677309.67,1427677310.31,A,16,7
1427677309.67,1427677310.31,B,9,7
1427677309.71,1427677310.35,A,17,7
1427677309.71,1427677310.35,B,9,7
1427677309.75,1427677310.39,A,19,6
1427677309.75,1427677310.39,B,6,6
1427677309.79,1427677310.43,A,19,6
1427677309.79,1427677310.43,B,6,6
1427677309.83,1427677310.47,A,19,6
1427677309.83,1427677310.47,B,6,6
1427677309.87,1427677310.51,A,19,6
1427677309.87,1427677310.51,B,6,6
1427677309.91,1427677310.55,A,17,6
1427677309.91,1427677310.55,B,6,6
1427677309.95,1427677310.59,A,16,6
1427677309.95,1427677310.59,B,7,6
1427677309.99,1427677310.63,A,16,6
1427677309.99,1427677310.63,B,8,6
1427677310.03,1427677310.67,A,13,6
1427677310.03,1427677310.67,B,6,6
1427677310.07,1427677310.71,A,13,6
1427677310.07,1427677310.71,B,6,6
1427677310.11,1427677310.75,A,12,6
1427677310.11,1427677310.75,B,10,6
1427677310.15,1427677310.79,A,11,6
1427677310.15,1427677310.79,B,9,6
1427677310.19,1427677310.83,A,15,6
1427677310.19,1427677310.83,B,6,6
1427677310.23,1427677310.87,A,16,6
1427677310.23,1427677310.87,B,5,6
1427677310.27,1427677310.91,A,14,6
1427677310.27,1427677310.91,B,7,6
1427677310.31,1427677310.95,A,12,5
1427677310.31,1427677310.95,B,9,5
1427677310.35,1427677310.99,A,10,5
1427677310.35,1427677310.99,B,13,5
1427677310.39,1427677311.03,A,11,5
1427677310.39,1427677311.03,B,14,5
1427677310.43,1427677311.07,A,12,5
1427677310.43,1427677311.07,B,15,5
1427677310.47,1427677311.11,A,13,5
1427677310.47,1427677311.11,B,15,5
1427677310.51,1427677311.15,A,14,5
1427677310.51,1427677311.15,B,14,5
1427677310.55,1427677311.19,A,14,5
1427677310.55,1427677311.19,B,14,5
1427677310.59,1427677311.23,A,15,6
1427677310.59,1427677311.23,B,13,6
1427677310.63,1427677311.27,A,14,5
1427677310.63,1427677311.27,B,12,5
1427677310.67,1427677311.31,A,12,5
1427677310.67,1427677311.31,B,10,5
1427677310.71,1427677311.35,A,12,5
1427677310.71,1427677311.35,B,10,5
1427677310.75,1427677311.39,A,11,5
1427677310.75,1427677311.39,B,10,5
1427677310.79,1427677311.43,A,9,5
1427677310.79,1427677311.43,B,12,5
1427677310.83,1427677311.47,A,7,4
1427677310.83,1427677311.47,B,10,4
1427677310.87,1427677311.51,A,7,4
1427677310.87,1427677311.51,B,7,4
1427677310.91,1427677311.55,A,7,4
1427677310.91,1427677311.55,B,5,4
1427677310.95,1427677311.59,A,10,3
1427677310.95,1427677311.59,B,4,3
1427677310.99,1427677311.63,A,10,3
1427677310.99,1427677311.63,B,4,3
1427677311.03,1427677311.67,A,9,3
1427677311.03,1427677311.67,B,4,3
1427677311.07,1427677311.71,A,9,3
1427677311.07,1427677311.71,B,4,3
1427677311.11,1427677311.75,A,9,3
1427677311.11,1427677311.75,B,3,3
1427677311.15,1427677311.79,A,8,3
1427677311.15,1427677311.79,B,2,3
1427677311.19,1427677311.83,A,6,3
1427677311.19,1427677311.83,B,4,3
1427677311.23,1427677311.87,A,5,3
1427677311.23,1427677311.87,B,6,3
1427677311.27,1427677311.91,A,4,3
1427677311.27,1427677311.91,B,5,3
1427677311.31,1427677311.95,A,3,3
1427677311.31,1427677311.95,B,6,3
1427677311.35,1427677311.99,A,2,2
1427677311.35,1427677311.99,B,7,2
1427677311.39,1427677312.03,A,1,2
1427677311.39,1427677312.03,B,5,2
1427677311.43,1427677312.07,A,2,2
1427677311.43,1427677312.07,B,4,2
1427677311.47,1427677312.11,A,3,3
1427677311.47,1427677312.11,B,4,3
1427677311.51,1427677312.15,A,4,3
1427677311.51,1427677312.15,B,6,3
1427677311.55,1427677312.19,A,2,3
1427677311.55,1427677312.19,B,8,3
1427677311.59,1427677312.23,A,2,3
1427677311.59,1427677312.23,B,8,3
1427677311.63,1427677312.27,A,2,3
1427677311.63,1427677312.27,B,8,3
1427677311.67,1427677312.31,A,1,3
1427677311.67,1427677312.31,B,8,3
1427677311.71,1427677312.35,A,1,3
1427677311.71,1427677312.35,B,6,3
1427677311.75,1427677312.39,A,2,4
1427677311.75,1427677312.39,B,5,4
1427677311.79,1427677312.43,A,3,4
1427677311.79,1427677312.43,B,6,4
1427677311.83,1427677312.47,A,5,4
1427677311.83,1427677312.47,B,7,4
1427677311.87,1427677312.51,A,6,5
1427677311.87,1427677312.51,B,9,5
1427677311.91,1427677312.55,A,6,5
1427677311.91,1427677312.55,B,8,5
1427677311.95,1427677312.59,A,7,5
1427677311.95,1427677312.59,B,7,5
1427677311.99,1427677312.63,A,5,5
1427677311.99,1427677312.63,B,7,5
1427677312.03,1427677312.67,A,6,5
1427677312.03,1427677312.67,B,7,5
1427677312.07,1427677312.71,A,7,6
1427677312.07,1427677312.71,B,8,6
1427677312.11,1427677312.75,A,5,6
1427677312.11,1427677312.75,B,8,6
1427677312.15,1427677312.79,A,5,5
1427677312.15,1427677312.79,B,8,5
1427677312.19,1427677312.83,A,7,5
1427677312.19,1427677312.83,B,6,5
1427677312.23,1427677312.87,A,7,6
1427677312.23,1427677312.87,B,6,6
1427677312.27,1427677312.91,A,6,6
1427677312.27,1427677312.91,B,6,6
1427677312.31,1427677312.95,A,11,6
1427677312.31,1427677312.95,B,7,6
1427677312.35,1427677312.99,A,11,6
1427677312.35,1427677312.99,B,8,6
1427677312.39,1427677313.03,A,12,6
1427677312.39,1427677313.03,B,9,6
1427677312.43,1427677313.07,A,12,6
1427677312.43,1427677313.07,B,8,6
1427677312.47,1427677313.11,A,12,5
1427677312.47,1427677313.11,B,6,5
1427677312.51,1427677313.15,A,10,5
1427677312.51,1427677313.15,B,4,5
1427677312.55,1427677313.19,A,9,5
1427677312.55,1427677313.19,B,4,5
1427677312.59,1427677313.23,A,8,5
1427677312.59,1427677313.23,B,5,5
1427677312.63,1427677313.27,A,6,5
1427677312.63,1427677313.27,B,6,5
1427677312.67,1427677313.31,A,6,5
1427677312.67,1427677313.31,B,5,5
1427677312.71,1427677313.35,A,1,5
1427677312.71,1427677313.35,B,5,5
1427677312.75,1427677313.39,A,1,4
1427677312.75,1427677313.39,B,6,4
1427677312.79,1427677313.43,A,1,4
1427677312.79,1427677313.43,B,5,4
1427677312.83,1427677313.47,A,1,4
1427677312.83,1427677313.47,B,3,4
1427677312.87,1427677313.51,A,2,4
1427677312.87,1427677313.51,B,2,4
1427677312.91,1427677313.55,A,2,4
1427677312.91,1427677313.55,B,1,4
1427677312.95,1427677313.59,A,1,4
1427677312.95,1427677313.59,B,3,4
1427677312.99,1427677313.63,A,3,4
1427677312.99,1427677313.63,B,3,4
1427677313.03,1427677313.67,A,3,4
1427677313.03,1427677313.67,B,5,4
1427677313.07,1427677313.71,A,5,4
1427677313.07,1427677313.71,B,4,4
1427677313.11,1427677313.75,A,5,4
1427677313.11,1427677313.75,B,4,4
1427677313.15,1427677313.79,A,7,4
1427677313.15,1427677313.79,B,6,4
1427677313.19,1427677313.83,A,6,4
1427677313.19,1427677313.83,B,7,4
1427677313.23,1427677313.87,A,7,4
1427677313.23,1427677313.87,B,4,4
1427677313.27,1427677313.91,A,4,4
1427677313.27,1427677313.91,B,6,4
1427677313.31,1427677313.95,A,4,4
1427677313.31,1427677313.95,B,7,4
1427677313.35,1427677313.99,A,4,4
1427677313.35,1427677313.99,B,8,4
1427677313.39,1427677314.03,A,6,4
1427677313.39,1427677314.03,B,10,4
1427677313.43,1427677314.07,A,8,5
1427677313.43,1427677314.07,B,13,5
1427677313.47,1427677314.11,A,7,5
1427677313.47,1427677314.11,B,14,5
1427677313.51,1427677314.15,A,8,5
1427677313.51,1427677314.15,B,13,5
1427677313.55,1427677314.19,A,7,5
1427677313.55,1427677314.19,B,14,5
1427677313.59,1427677314.23,A,7,5
1427677313.59,1427677314.23,B,15,5
1427677313.63,1427677314.27,A,8,5
1427677313.63,1427677314.27,B,15,5
1427677313.67,1427677314.31,A,7,5
1427677313.67,1427677314.31,B,16,5
1427677313.71,1427677314.35,A,8,5
1427677313.71,1427677314.35,B,17,5
1427677313.75,1427677314.39,A,6,5
1427677313.75,1427677314.39,B,19,5
1427677313.79,1427677314.43,A,5,5
1427677313.79,1427677314.43,B,18,5
1427677313.83,1427677314.47,A,5,5
1427677313.83,1427677314.47,B,18,5
1427677313.87,1427677314.51,A,4,5
1427677313.87,1427677314.51,B,16,5
1427677313.91,1427677314.55,A,2,5
1427677313.91,1427677314.55,B,14,5
1427677313.95,1427677314.59,A,3,5
1427677313.95,1427677314.59,B,13,5
1427677313.99,1427677314.63,A,3,5
1427677313.99,1427677314.63,B,12,5
1427677314.03,1427677314.67,A,5,4
1427677314.03,1427677314.67,B,10,4
1427677314.07,1427677314.71,A,3,4
1427677314.07,1427677314.71,B,8,4
1427677314.11,1427677314.75,A,2,4
1427677314.11,1427677314.75,B,7,4
1427677314.15,1427677314.79,A,2,4
1427677314.15,1427677314.79,B,7,4
1427677314.19,1427677314.83,A,3,4
1427677314.19,1427677314.83,B,6,4
1427677314.23,1427677314.87,A,3,4
1427677314.23,1427677314.87,B,6,4
1427677314.27,1427677314.91,A,3,4
1427677314.27,1427677314.91,B,6,4
1427677314.31,1427677314.95,A,4,4
1427677314.31,1427677314.95,B,5,4
1427677314.35,1427677314.99,A,5,3
1427677314.35,1427677314.99,B,3,3
1427677314.39,1427677315.03,A,9,3
1427677314.39,1427677315.03,B,1,3
1427677314.43,1427677315.07,A,10,3
1427677314.43,1427677315.07,B,1,3
1427677314.47,1427677315.11,A,13,6
1427677314.47,1427677315.11,B,7,6
1427677314.51,1427677315.15,A,12,6
1427677314.51,1427677315.15,B,8,6
1427677314.55,1427677315.19,A,13,7
1427677314.55,1427677315.19,B,10,7
1427677314.59,1427677315.23,A,14,7
1427677314.59,1427677315.23,B,9,7
1427677314.63,1427677315.27,A,13,7
1427677314.63,1427677315.27,B,5,7
1427677314.67,1427677315.31,A,12,7
1427677314.67,1427677315.31,B,6,7
1427677314.71,1427677315.35,A,11,6
1427677314.71,1427677315.35,B,5,6
1427677314.75,1427677315.39,A,10,7
1427677314.75,1427677315.39,B,5,7
1427677314.79,1427677315.43,A,7,7
1427677314.79,1427677315.43,B,5,7
1427677314.83,1427677315.47,A,8,7
1427677314.83,1427677315.47,B,5,7
1427677314.87,1427677315.51,A,8,7
1427677314.87,1427677315.51,B,6,7
1427677314.91,1427677315.55,A,8,7
1427677314.91,1427677315.55,B,7,7
