#targetfile:$(projectRoot)/result/result/75cm/pocket/hasc-20150330-095955-mag-pca.csv-lowpass.csv
1427677237.92,1427677238.56,A,11,4
1427677237.96,1427677238.6,A,10,4
1427677238.0,1427677238.64,A,8,5
1427677238.04,1427677238.68,A,7,5
1427677238.08,1427677238.72,A,7,5
1427677238.12,1427677238.76,A,6,4
1427677238.16,1427677238.8,A,3,4
1427677238.2,1427677238.84,A,5,5
1427677238.2,1427677238.84,B,10,5
1427677238.24,1427677238.88,A,5,5
1427677238.24,1427677238.88,B,10,5
1427677238.28,1427677238.92,A,3,4
1427677238.28,1427677238.92,B,11,4
1427677238.32,1427677238.96,A,5,4
1427677238.32,1427677238.96,B,11,4
1427677238.36,1427677239.0,A,4,4
1427677238.36,1427677239.0,B,10,4
1427677238.4,1427677239.04,A,4,4
1427677238.4,1427677239.04,B,9,4
1427677238.44,1427677239.08,A,4,4
1427677238.44,1427677239.08,B,11,4
1427677238.48,1427677239.12,A,2,4
1427677238.48,1427677239.12,B,12,4
1427677238.52,1427677239.16,A,1,3
1427677238.52,1427677239.16,B,12,3
1427677238.56,1427677239.2,A,1,3
1427677238.56,1427677239.2,B,12,3
1427677238.6,1427677239.24,A,2,3
1427677238.6,1427677239.24,B,10,3
1427677238.64,1427677239.28,A,3,3
1427677238.64,1427677239.28,B,8,3
1427677238.68,1427677239.32,A,3,3
1427677238.68,1427677239.32,B,8,3
1427677238.72,1427677239.36,A,3,3
1427677238.72,1427677239.36,B,7,3
1427677238.76,1427677239.4,A,2,4
1427677238.76,1427677239.4,B,6,4
1427677238.8,1427677239.44,A,3,3
1427677238.8,1427677239.44,B,6,3
1427677238.84,1427677239.48,A,5,4
1427677238.84,1427677239.48,B,6,4
1427677238.88,1427677239.52,A,5,3
1427677238.88,1427677239.52,B,6,3
1427677238.92,1427677239.56,A,6,4
1427677238.92,1427677239.56,B,7,4
1427677238.96,1427677239.6,A,7,4
1427677238.96,1427677239.6,B,7,4
1427677239.0,1427677239.64,A,7,4
1427677239.0,1427677239.64,B,7,4
1427677239.04,1427677239.68,A,8,4
1427677239.04,1427677239.68,B,6,4
1427677239.08,1427677239.72,A,6,4
1427677239.08,1427677239.72,B,5,4
1427677239.12,1427677239.76,A,7,5
1427677239.12,1427677239.76,B,7,5
1427677239.16,1427677239.8,A,8,5
1427677239.16,1427677239.8,B,9,5
1427677239.2,1427677239.84,A,9,5
1427677239.2,1427677239.84,B,8,5
1427677239.24,1427677239.88,A,8,5
1427677239.24,1427677239.88,B,8,5
1427677239.28,1427677239.92,A,6,5
1427677239.28,1427677239.92,B,9,5
1427677239.32,1427677239.96,A,10,5
1427677239.32,1427677239.96,B,13,5
1427677239.36,1427677240.0,A,10,5
1427677239.36,1427677240.0,B,13,5
1427677239.4,1427677240.04,A,14,6
1427677239.4,1427677240.04,B,11,6
1427677239.44,1427677240.08,A,15,6
1427677239.44,1427677240.08,B,10,6
1427677239.48,1427677240.12,A,16,6
1427677239.48,1427677240.12,B,8,6
1427677239.52,1427677240.16,A,13,6
1427677239.52,1427677240.16,B,8,6
1427677239.56,1427677240.2,A,13,6
1427677239.56,1427677240.2,B,7,6
1427677239.6,1427677240.24,A,12,6
1427677239.6,1427677240.24,B,7,6
1427677239.64,1427677240.28,A,10,7
1427677239.64,1427677240.28,B,6,7
1427677239.68,1427677240.32,A,10,7
1427677239.68,1427677240.32,B,7,7
1427677239.72,1427677240.36,A,10,6
1427677239.72,1427677240.36,B,5,6
1427677239.76,1427677240.4,A,9,6
1427677239.76,1427677240.4,B,3,6
1427677239.8,1427677240.44,A,10,6
1427677239.8,1427677240.44,B,3,6
1427677239.84,1427677240.48,A,12,6
1427677239.84,1427677240.48,B,3,6
1427677239.88,1427677240.52,A,13,7
1427677239.88,1427677240.52,B,5,7
1427677239.92,1427677240.56,A,15,6
1427677239.92,1427677240.56,B,5,6
1427677239.96,1427677240.6,A,14,6
1427677239.96,1427677240.6,B,6,6
1427677240.0,1427677240.64,A,15,6
1427677240.0,1427677240.64,B,5,6
1427677240.04,1427677240.68,A,12,6
1427677240.04,1427677240.68,B,3,6
1427677240.08,1427677240.72,A,12,6
1427677240.08,1427677240.72,B,6,6
1427677240.12,1427677240.76,A,11,6
1427677240.12,1427677240.76,B,6,6
1427677240.16,1427677240.8,A,14,6
1427677240.16,1427677240.8,B,7,6
1427677240.2,1427677240.84,A,16,6
1427677240.2,1427677240.84,B,3,6
1427677240.24,1427677240.88,A,21,8
1427677240.24,1427677240.88,B,2,8
1427677240.28,1427677240.92,A,19,8
1427677240.28,1427677240.92,B,6,8
1427677240.32,1427677240.96,A,18,8
1427677240.32,1427677240.96,B,6,8
1427677240.36,1427677241.0,A,18,8
1427677240.36,1427677241.0,B,7,8
1427677240.4,1427677241.04,A,17,7
1427677240.4,1427677241.04,B,6,7
1427677240.44,1427677241.08,A,16,7
1427677240.44,1427677241.08,B,6,7
1427677240.48,1427677241.12,A,15,7
1427677240.48,1427677241.12,B,7,7
1427677240.52,1427677241.16,A,15,7
1427677240.52,1427677241.16,B,9,7
1427677240.56,1427677241.2,A,14,7
1427677240.56,1427677241.2,B,9,7
1427677240.6,1427677241.24,A,15,7
1427677240.6,1427677241.24,B,8,7
1427677240.64,1427677241.28,A,15,7
1427677240.64,1427677241.28,B,9,7
1427677240.68,1427677241.32,A,15,7
1427677240.68,1427677241.32,B,9,7
1427677240.72,1427677241.36,A,14,7
1427677240.72,1427677241.36,B,7,7
1427677240.76,1427677241.4,A,13,7
1427677240.76,1427677241.4,B,9,7
1427677240.8,1427677241.44,A,17,8
1427677240.8,1427677241.44,B,12,8
1427677240.84,1427677241.48,A,17,9
1427677240.84,1427677241.48,B,16,9
1427677240.88,1427677241.52,A,15,8
1427677240.88,1427677241.52,B,16,8
1427677240.92,1427677241.56,A,20,7
1427677240.92,1427677241.56,B,12,7
1427677240.96,1427677241.6,A,19,7
1427677240.96,1427677241.6,B,13,7
1427677241.0,1427677241.64,A,21,8
1427677241.0,1427677241.64,B,13,8
1427677241.04,1427677241.68,A,23,8
1427677241.04,1427677241.68,B,14,8
1427677241.08,1427677241.72,A,24,8
1427677241.08,1427677241.72,B,17,8
1427677241.12,1427677241.76,A,25,8
1427677241.12,1427677241.76,B,18,8
1427677241.16,1427677241.8,A,25,8
1427677241.16,1427677241.8,B,16,8
1427677241.2,1427677241.84,A,27,9
1427677241.2,1427677241.84,B,15,9
1427677241.24,1427677241.88,A,28,8
1427677241.24,1427677241.88,B,15,8
1427677241.28,1427677241.92,A,28,9
1427677241.28,1427677241.92,B,17,9
1427677241.32,1427677241.96,A,31,8
1427677241.32,1427677241.96,B,16,8
1427677241.36,1427677242.0,A,33,9
1427677241.36,1427677242.0,B,14,9
1427677241.4,1427677242.04,A,34,9
1427677241.4,1427677242.04,B,13,9
1427677241.44,1427677242.08,A,33,9
1427677241.44,1427677242.08,B,11,9
1427677241.48,1427677242.12,A,31,7
1427677241.48,1427677242.12,B,9,7
1427677241.52,1427677242.16,A,26,7
1427677241.52,1427677242.16,B,5,7
1427677241.56,1427677242.2,A,32,8
1427677241.56,1427677242.2,B,2,8
1427677241.6,1427677242.24,A,33,8
1427677241.6,1427677242.24,B,3,8
1427677241.64,1427677242.28,A,34,8
1427677241.64,1427677242.28,B,3,8
1427677241.68,1427677242.32,A,39,9
1427677241.68,1427677242.32,B,5,9
1427677241.72,1427677242.36,A,39,9
1427677241.72,1427677242.36,B,4,9
1427677241.76,1427677242.4,A,44,8
1427677241.76,1427677242.4,B,2,8
1427677241.8,1427677242.44,A,49,10
1427677241.8,1427677242.44,B,6,10
1427677241.84,1427677242.48,A,51,10
1427677241.84,1427677242.48,B,9,10
1427677241.88,1427677242.52,A,67,15
1427677241.88,1427677242.52,B,16,15
1427677241.92,1427677242.56,A,69,14
1427677241.92,1427677242.56,B,12,14
1427677241.96,1427677242.6,A,86,22
1427677241.96,1427677242.6,B,21,22
1427677242.0,1427677242.64,A,94,21
1427677242.0,1427677242.64,B,17,21
1427677242.04,1427677242.68,A,99,23
1427677242.04,1427677242.68,B,18,23
1427677242.08,1427677242.72,A,107,23
1427677242.08,1427677242.72,B,11,23
1427677242.12,1427677242.76,A,107,23
1427677242.12,1427677242.76,B,13,23
1427677242.16,1427677242.8,A,118,25
1427677242.16,1427677242.8,B,21,25
1427677242.2,1427677242.84,A,133,26
1427677242.2,1427677242.84,B,26,26
1427677242.24,1427677242.88,A,138,27
1427677242.24,1427677242.88,B,25,27
1427677242.28,1427677242.92,A,177,34
1427677242.28,1427677242.92,B,31,34
1427677242.32,1427677242.96,A,183,41
1427677242.32,1427677242.96,B,38,41
1427677242.36,1427677243.0,A,203,44
1427677242.36,1427677243.0,B,34,44
1427677242.4,1427677243.04,A,228,47
1427677242.4,1427677243.04,B,12,47
1427677242.44,1427677243.08,A,228,52
1427677242.44,1427677243.08,B,26,52
1427677242.48,1427677243.12,A,243,52
1427677242.48,1427677243.12,B,26,52
1427677242.52,1427677243.16,A,238,51
1427677242.52,1427677243.16,B,27,51
1427677242.56,1427677243.2,A,245,50
1427677242.56,1427677243.2,B,22,50
1427677242.6,1427677243.24,A,261,53
1427677242.6,1427677243.24,B,33,53
1427677242.64,1427677243.28,A,271,57
1427677242.64,1427677243.28,B,41,57
1427677242.68,1427677243.32,A,323,71
1427677242.68,1427677243.32,B,86,71
1427677242.72,1427677243.36,A,340,71
1427677242.72,1427677243.36,B,88,71
1427677242.76,1427677243.4,A,365,84
1427677242.76,1427677243.4,B,104,84
1427677242.8,1427677243.44,A,367,83
1427677242.8,1427677243.44,B,104,83
1427677242.84,1427677243.48,A,349,83
1427677242.84,1427677243.48,B,88,83
1427677242.88,1427677243.52,A,343,85
1427677242.88,1427677243.52,B,80,85
1427677242.92,1427677243.56,A,310,81
1427677242.92,1427677243.56,B,48,81
1427677242.96,1427677243.6,A,300,74
1427677242.96,1427677243.6,B,29,74
1427677243.0,1427677243.64,A,321,78
1427677243.0,1427677243.64,B,46,78
1427677243.04,1427677243.68,A,324,78
1427677243.04,1427677243.68,B,45,78
1427677243.08,1427677243.72,A,348,85
1427677243.08,1427677243.72,B,40,85
1427677243.12,1427677243.76,A,340,93
1427677243.12,1427677243.76,B,44,93
1427677243.16,1427677243.8,A,336,89
1427677243.16,1427677243.8,B,53,89
1427677243.2,1427677243.84,A,309,89
1427677243.2,1427677243.84,B,74,89
1427677243.24,1427677243.88,A,277,84
1427677243.24,1427677243.88,B,59,84
1427677243.28,1427677243.92,A,274,84
1427677243.28,1427677243.92,B,50,84
1427677243.32,1427677243.96,A,218,76
1427677243.32,1427677243.96,B,39,76
1427677243.36,1427677244.0,A,216,76
1427677243.36,1427677244.0,B,35,76
1427677243.4,1427677244.04,A,175,77
1427677243.4,1427677244.04,B,39,77
1427677243.44,1427677244.08,A,167,75
1427677243.44,1427677244.08,B,39,75
1427677243.48,1427677244.12,A,165,74
1427677243.48,1427677244.12,B,42,74
1427677243.52,1427677244.16,A,162,74
1427677243.52,1427677244.16,B,41,74
1427677243.56,1427677244.2,A,161,74
1427677243.56,1427677244.2,B,60,74
1427677243.6,1427677244.24,A,181,76
1427677243.6,1427677244.24,B,70,76
1427677243.64,1427677244.28,A,140,74
1427677243.64,1427677244.28,B,114,74
1427677243.68,1427677244.32,A,148,69
1427677243.68,1427677244.32,B,104,69
1427677243.72,1427677244.36,A,92,64
1427677243.72,1427677244.36,B,110,64
1427677243.76,1427677244.4,A,79,50
1427677243.76,1427677244.4,B,96,50
1427677243.8,1427677244.44,A,35,42
1427677243.8,1427677244.44,B,77,42
1427677243.84,1427677244.48,A,41,39
1427677243.84,1427677244.48,B,71,39
1427677243.88,1427677244.52,A,44,36
1427677243.88,1427677244.52,B,63,36
1427677243.92,1427677244.56,A,64,38
1427677243.92,1427677244.56,B,54,38
1427677243.96,1427677244.6,A,62,36
1427677243.96,1427677244.6,B,50,36
1427677244.0,1427677244.64,A,64,32
1427677244.0,1427677244.64,B,43,32
1427677244.04,1427677244.68,A,47,30
1427677244.04,1427677244.68,B,42,30
1427677244.08,1427677244.72,A,43,23
1427677244.08,1427677244.72,B,30,23
1427677244.12,1427677244.76,A,24,17
1427677244.12,1427677244.76,B,11,17
1427677244.16,1427677244.8,A,17,13
1427677244.16,1427677244.8,B,10,13
1427677244.2,1427677244.84,A,13,12
1427677244.2,1427677244.84,B,15,12
1427677244.24,1427677244.88,A,19,11
1427677244.24,1427677244.88,B,19,11
1427677244.28,1427677244.92,A,20,11
1427677244.28,1427677244.92,B,21,11
1427677244.32,1427677244.96,A,24,12
1427677244.32,1427677244.96,B,17,12
1427677244.36,1427677245.0,A,23,12
1427677244.36,1427677245.0,B,12,12
1427677244.4,1427677245.04,A,25,11
1427677244.4,1427677245.04,B,10,11
1427677244.44,1427677245.08,A,16,10
1427677244.44,1427677245.08,B,14,10
1427677244.48,1427677245.12,A,16,11
1427677244.48,1427677245.12,B,16,11
1427677244.52,1427677245.16,A,7,9
1427677244.52,1427677245.16,B,18,9
1427677244.56,1427677245.2,A,8,10
1427677244.56,1427677245.2,B,19,10
1427677244.6,1427677245.24,A,8,9
1427677244.6,1427677245.24,B,15,9
1427677244.64,1427677245.28,A,12,9
1427677244.64,1427677245.28,B,12,9
1427677244.68,1427677245.32,A,11,9
1427677244.68,1427677245.32,B,12,9
1427677244.72,1427677245.36,A,10,7
1427677244.72,1427677245.36,B,16,7
1427677244.76,1427677245.4,A,7,7
1427677244.76,1427677245.4,B,18,7
1427677244.8,1427677245.44,A,7,7
1427677244.8,1427677245.44,B,16,7
1427677244.84,1427677245.48,A,3,6
1427677244.84,1427677245.48,B,14,6
1427677244.88,1427677245.52,A,2,5
1427677244.88,1427677245.52,B,12,5
1427677244.92,1427677245.56,A,1,4
1427677244.92,1427677245.56,B,11,4
1427677244.96,1427677245.6,A,4,4
1427677244.96,1427677245.6,B,7,4
1427677245.0,1427677245.64,A,5,4
1427677245.0,1427677245.64,B,7,4
1427677245.04,1427677245.68,A,6,4
1427677245.04,1427677245.68,B,8,4
1427677245.08,1427677245.72,A,8,4
1427677245.08,1427677245.72,B,9,4
1427677245.12,1427677245.76,A,9,5
1427677245.12,1427677245.76,B,10,5
1427677245.16,1427677245.8,A,10,4
1427677245.16,1427677245.8,B,9,4
1427677245.2,1427677245.84,A,10,5
1427677245.2,1427677245.84,B,10,5
1427677245.24,1427677245.88,A,10,5
1427677245.24,1427677245.88,B,11,5
1427677245.28,1427677245.92,A,15,6
1427677245.28,1427677245.92,B,15,6
1427677245.32,1427677245.96,A,16,5
1427677245.32,1427677245.96,B,16,5
1427677245.36,1427677246.0,A,19,5
1427677245.36,1427677246.0,B,15,5
1427677245.4,1427677246.04,A,18,5
1427677245.4,1427677246.04,B,16,5
1427677245.44,1427677246.08,A,18,5
1427677245.44,1427677246.08,B,14,5
1427677245.48,1427677246.12,A,16,5
1427677245.48,1427677246.12,B,12,5
1427677245.52,1427677246.16,A,15,5
1427677245.52,1427677246.16,B,11,5
1427677245.56,1427677246.2,A,14,4
1427677245.56,1427677246.2,B,9,4
1427677245.6,1427677246.24,A,15,4
1427677245.6,1427677246.24,B,8,4
1427677245.64,1427677246.28,A,15,4
1427677245.64,1427677246.28,B,8,4
1427677245.68,1427677246.32,A,16,4
1427677245.68,1427677246.32,B,8,4
1427677245.72,1427677246.36,A,14,4
1427677245.72,1427677246.36,B,5,4
1427677245.76,1427677246.4,A,13,4
1427677245.76,1427677246.4,B,4,4
1427677245.8,1427677246.44,A,14,4
1427677245.8,1427677246.44,B,4,4
1427677245.84,1427677246.48,A,14,4
1427677245.84,1427677246.48,B,4,4
1427677245.88,1427677246.52,A,14,4
1427677245.88,1427677246.52,B,4,4
1427677245.92,1427677246.56,A,11,4
1427677245.92,1427677246.56,B,4,4
1427677245.96,1427677246.6,A,12,4
1427677245.96,1427677246.6,B,7,4
1427677246.0,1427677246.64,A,11,4
1427677246.0,1427677246.64,B,6,4
1427677246.04,1427677246.68,A,12,4
1427677246.04,1427677246.68,B,5,4
1427677246.08,1427677246.72,A,13,4
1427677246.08,1427677246.72,B,5,4
1427677246.12,1427677246.76,A,13,4
1427677246.12,1427677246.76,B,5,4
1427677246.16,1427677246.8,A,11,4
1427677246.16,1427677246.8,B,5,4
1427677246.2,1427677246.84,A,9,4
1427677246.2,1427677246.84,B,6,4
1427677246.24,1427677246.88,A,7,4
1427677246.24,1427677246.88,B,5,4
1427677246.28,1427677246.92,A,8,4
1427677246.28,1427677246.92,B,5,4
1427677246.32,1427677246.96,A,7,4
1427677246.32,1427677246.96,B,3,4
1427677246.36,1427677247.0,A,10,4
1427677246.36,1427677247.0,B,1,4
1427677246.4,1427677247.04,A,11,4
1427677246.4,1427677247.04,B,2,4
1427677246.44,1427677247.08,A,11,4
1427677246.44,1427677247.08,B,2,4
1427677246.48,1427677247.12,A,11,4
1427677246.48,1427677247.12,B,3,4
1427677246.52,1427677247.16,A,12,4
1427677246.52,1427677247.16,B,1,4
1427677246.56,1427677247.2,A,12,4
1427677246.56,1427677247.2,B,2,4
1427677246.6,1427677247.24,A,11,4
1427677246.6,1427677247.24,B,4,4
1427677246.64,1427677247.28,A,10,3
1427677246.64,1427677247.28,B,5,3
1427677246.68,1427677247.32,A,10,3
1427677246.68,1427677247.32,B,6,3
1427677246.72,1427677247.36,A,11,3
1427677246.72,1427677247.36,B,6,3
1427677246.76,1427677247.4,A,12,3
1427677246.76,1427677247.4,B,6,3
1427677246.8,1427677247.44,A,12,4
1427677246.8,1427677247.44,B,4,4
1427677246.84,1427677247.48,A,15,4
1427677246.84,1427677247.48,B,5,4
1427677246.88,1427677247.52,A,12,5
1427677246.88,1427677247.52,B,8,5
1427677246.92,1427677247.56,A,13,5
1427677246.92,1427677247.56,B,6,5
1427677246.96,1427677247.6,A,9,5
1427677246.96,1427677247.6,B,6,5
1427677247.0,1427677247.64,A,8,5
1427677247.0,1427677247.64,B,4,5
1427677247.04,1427677247.68,A,5,4
1427677247.04,1427677247.68,B,3,4
1427677247.08,1427677247.72,A,4,4
1427677247.08,1427677247.72,B,3,4
1427677247.12,1427677247.76,A,4,4
1427677247.12,1427677247.76,B,2,4
1427677247.16,1427677247.8,A,6,5
1427677247.16,1427677247.8,B,2,5
1427677247.2,1427677247.84,A,6,5
1427677247.2,1427677247.84,B,3,5
1427677247.24,1427677247.88,A,10,6
1427677247.24,1427677247.88,B,4,6
1427677247.28,1427677247.92,A,9,7
1427677247.28,1427677247.92,B,5,7
1427677247.32,1427677247.96,A,12,7
1427677247.32,1427677247.96,B,9,7
1427677247.36,1427677248.0,A,10,7
1427677247.36,1427677248.0,B,11,7
1427677247.4,1427677248.04,A,10,7
1427677247.4,1427677248.04,B,11,7
1427677247.44,1427677248.08,A,7,7
1427677247.44,1427677248.08,B,10,7
1427677247.48,1427677248.12,A,5,6
1427677247.48,1427677248.12,B,8,6
1427677247.52,1427677248.16,A,1,6
1427677247.52,1427677248.16,B,9,6
1427677247.56,1427677248.2,A,1,6
1427677247.56,1427677248.2,B,9,6
1427677247.6,1427677248.24,A,5,6
1427677247.6,1427677248.24,B,7,6
1427677247.64,1427677248.28,A,6,6
1427677247.64,1427677248.28,B,5,6
1427677247.68,1427677248.32,A,8,6
1427677247.68,1427677248.32,B,5,6
1427677247.72,1427677248.36,A,9,6
1427677247.72,1427677248.36,B,5,6
1427677247.76,1427677248.4,A,9,6
1427677247.76,1427677248.4,B,5,6
1427677247.8,1427677248.44,A,7,6
1427677247.8,1427677248.44,B,7,6
1427677247.84,1427677248.48,A,7,6
1427677247.84,1427677248.48,B,7,6
1427677247.88,1427677248.52,A,5,5
1427677247.88,1427677248.52,B,5,5
1427677247.92,1427677248.56,A,6,5
1427677247.92,1427677248.56,B,5,5
1427677247.96,1427677248.6,A,12,4
1427677247.96,1427677248.6,B,5,4
1427677248.0,1427677248.64,A,12,4
1427677248.0,1427677248.64,B,6,4
1427677248.04,1427677248.68,A,14,4
1427677248.04,1427677248.68,B,5,4
1427677248.08,1427677248.72,A,13,4
1427677248.08,1427677248.72,B,4,4
1427677248.12,1427677248.76,A,11,4
1427677248.12,1427677248.76,B,6,4
1427677248.16,1427677248.8,A,10,3
1427677248.16,1427677248.8,B,5,3
1427677248.2,1427677248.84,A,9,3
1427677248.2,1427677248.84,B,3,3
1427677248.24,1427677248.88,A,8,3
1427677248.24,1427677248.88,B,3,3
1427677248.28,1427677248.92,A,8,3
1427677248.28,1427677248.92,B,3,3
1427677248.32,1427677248.96,A,8,3
1427677248.32,1427677248.96,B,4,3
1427677248.36,1427677249.0,A,6,3
1427677248.36,1427677249.0,B,5,3
1427677248.4,1427677249.04,A,6,3
1427677248.4,1427677249.04,B,5,3
1427677248.44,1427677249.08,A,5,3
1427677248.44,1427677249.08,B,3,3
1427677248.48,1427677249.12,A,4,2
1427677248.48,1427677249.12,B,3,2
1427677248.52,1427677249.16,A,3,4
1427677248.52,1427677249.16,B,5,4
1427677248.56,1427677249.2,A,4,4
1427677248.56,1427677249.2,B,6,4
1427677248.6,1427677249.24,A,5,5
1427677248.6,1427677249.24,B,7,5
1427677248.64,1427677249.28,A,5,5
1427677248.64,1427677249.28,B,7,5
1427677248.68,1427677249.32,A,6,5
1427677248.68,1427677249.32,B,6,5
1427677248.72,1427677249.36,A,8,5
1427677248.72,1427677249.36,B,7,5
1427677248.76,1427677249.4,A,8,5
1427677248.76,1427677249.4,B,8,5
1427677248.8,1427677249.44,A,8,5
1427677248.8,1427677249.44,B,8,5
1427677248.84,1427677249.48,A,12,5
1427677248.84,1427677249.48,B,12,5
1427677248.88,1427677249.52,A,14,6
1427677248.88,1427677249.52,B,15,6
1427677248.92,1427677249.56,A,13,6
1427677248.92,1427677249.56,B,15,6
1427677248.96,1427677249.6,A,15,6
1427677248.96,1427677249.6,B,13,6
1427677249.0,1427677249.64,A,17,7
1427677249.0,1427677249.64,B,13,7
1427677249.04,1427677249.68,A,17,7
1427677249.04,1427677249.68,B,13,7
1427677249.08,1427677249.72,A,18,7
1427677249.08,1427677249.72,B,12,7
1427677249.12,1427677249.76,A,19,7
1427677249.12,1427677249.76,B,11,7
