#targetfile:$(projectRoot)/result/result/75cm/pocket/hasc-20150330-100304-mag-pca.csv-lowpass.csv
1427677404.53,1427677405.17,B,11,5
1427677404.57,1427677405.21,B,11,5
1427677404.61,1427677405.25,B,9,5
1427677404.65,1427677405.29,B,6,3
1427677404.69,1427677405.33,B,5,4
1427677404.73,1427677405.37,B,5,4
1427677404.77,1427677405.41,B,4,4
1427677404.81,1427677405.45,B,5,4
1427677404.85,1427677405.49,B,5,4
1427677404.89,1427677405.53,B,7,4
1427677404.93,1427677405.57,B,9,4
1427677404.97,1427677405.61,B,10,4
1427677405.01,1427677405.65,B,10,4
1427677405.05,1427677405.69,B,9,3
1427677405.09,1427677405.73,B,9,3
1427677405.13,1427677405.77,B,8,4
1427677405.17,1427677405.81,B,6,4
1427677405.21,1427677405.85,B,6,4
1427677405.25,1427677405.89,B,5,4
1427677405.29,1427677405.93,B,5,4
1427677405.33,1427677405.97,B,6,4
1427677405.37,1427677406.01,B,7,4
1427677405.41,1427677406.05,B,9,4
1427677405.45,1427677406.09,B,9,4
1427677405.49,1427677406.13,B,10,5
1427677405.53,1427677406.17,B,11,4
1427677405.57,1427677406.21,B,11,4
1427677405.61,1427677406.25,B,9,4
1427677405.65,1427677406.29,B,12,4
1427677405.69,1427677406.33,B,12,5
1427677405.73,1427677406.37,B,13,4
1427677405.77,1427677406.41,B,15,4
1427677405.81,1427677406.45,B,14,4
1427677405.85,1427677406.49,B,13,4
1427677405.89,1427677406.53,B,13,4
1427677405.93,1427677406.57,B,13,4
1427677405.97,1427677406.61,B,12,4
1427677406.01,1427677406.65,B,12,4
1427677406.05,1427677406.69,B,11,4
1427677406.09,1427677406.73,B,9,4
1427677406.13,1427677406.77,B,7,3
1427677406.17,1427677406.81,B,7,4
1427677406.21,1427677406.85,B,8,3
1427677406.25,1427677406.89,B,7,3
1427677406.29,1427677406.93,B,7,3
1427677406.33,1427677406.97,B,8,3
1427677406.37,1427677407.01,B,9,3
1427677406.41,1427677407.05,B,9,3
1427677406.45,1427677407.09,B,9,3
1427677406.49,1427677407.13,B,7,4
1427677406.53,1427677407.17,B,7,4
1427677406.57,1427677407.21,B,7,4
1427677406.61,1427677407.25,B,9,5
1427677406.65,1427677407.29,A,16,5
1427677406.65,1427677407.29,B,9,5
1427677406.69,1427677407.33,A,16,5
1427677406.69,1427677407.33,B,9,5
1427677406.73,1427677407.37,A,18,5
1427677406.73,1427677407.37,B,8,5
1427677406.77,1427677407.41,A,17,5
1427677406.77,1427677407.41,B,5,5
1427677406.81,1427677407.45,A,13,5
1427677406.81,1427677407.45,B,4,5
1427677406.85,1427677407.49,A,12,5
1427677406.85,1427677407.49,B,6,5
1427677406.89,1427677407.53,A,12,6
1427677406.89,1427677407.53,B,8,6
1427677406.93,1427677407.57,A,11,6
1427677406.93,1427677407.57,B,7,6
1427677406.97,1427677407.61,A,12,6
1427677406.97,1427677407.61,B,7,6
1427677407.01,1427677407.65,A,11,6
1427677407.01,1427677407.65,B,8,6
1427677407.05,1427677407.69,A,9,5
1427677407.05,1427677407.69,B,8,5
1427677407.09,1427677407.73,A,8,6
1427677407.09,1427677407.73,B,9,6
1427677407.13,1427677407.77,A,6,6
1427677407.13,1427677407.77,B,10,6
1427677407.17,1427677407.81,A,1,5
1427677407.17,1427677407.81,B,14,5
1427677407.21,1427677407.85,A,1,5
1427677407.21,1427677407.85,B,13,5
1427677407.25,1427677407.89,A,5,5
1427677407.25,1427677407.89,B,8,5
1427677407.29,1427677407.93,A,6,5
1427677407.29,1427677407.93,B,9,5
1427677407.33,1427677407.97,A,8,5
1427677407.33,1427677407.97,B,11,5
1427677407.37,1427677408.01,A,9,5
1427677407.37,1427677408.01,B,10,5
1427677407.41,1427677408.05,A,10,6
1427677407.41,1427677408.05,B,7,6
1427677407.45,1427677408.09,A,8,6
1427677407.45,1427677408.09,B,6,6
1427677407.49,1427677408.13,A,6,5
1427677407.49,1427677408.13,B,3,5
1427677407.53,1427677408.17,A,4,4
1427677407.53,1427677408.17,B,4,4
1427677407.57,1427677408.21,A,4,4
1427677407.57,1427677408.21,B,4,4
1427677407.61,1427677408.25,A,7,4
1427677407.61,1427677408.25,B,5,4
1427677407.65,1427677408.29,A,7,4
1427677407.65,1427677408.29,B,4,4
1427677407.69,1427677408.33,A,9,4
1427677407.69,1427677408.33,B,2,4
1427677407.73,1427677408.37,A,8,4
1427677407.73,1427677408.37,B,1,4
1427677407.77,1427677408.41,A,7,4
1427677407.77,1427677408.41,B,2,4
1427677407.81,1427677408.45,A,3,4
1427677407.81,1427677408.45,B,3,4
1427677407.85,1427677408.49,A,4,4
1427677407.85,1427677408.49,B,4,4
1427677407.89,1427677408.53,A,4,4
1427677407.89,1427677408.53,B,2,4
1427677407.93,1427677408.57,A,5,4
1427677407.93,1427677408.57,B,3,4
1427677407.97,1427677408.61,A,10,4
1427677407.97,1427677408.61,B,4,4
1427677408.01,1427677408.65,A,11,4
1427677408.01,1427677408.65,B,3,4
1427677408.05,1427677408.69,A,12,4
1427677408.05,1427677408.69,B,2,4
1427677408.09,1427677408.73,A,14,4
1427677408.09,1427677408.73,B,3,4
1427677408.13,1427677408.77,A,15,4
1427677408.13,1427677408.77,B,3,4
1427677408.17,1427677408.81,A,16,4
1427677408.17,1427677408.81,B,2,4
1427677408.21,1427677408.85,A,16,4
1427677408.21,1427677408.85,B,2,4
1427677408.25,1427677408.89,A,17,4
1427677408.25,1427677408.89,B,2,4
1427677408.29,1427677408.93,A,17,4
1427677408.29,1427677408.93,B,2,4
1427677408.33,1427677408.97,A,19,3
1427677408.33,1427677408.97,B,6,3
1427677408.37,1427677409.01,A,21,4
1427677408.37,1427677409.01,B,9,4
1427677408.41,1427677409.05,A,23,4
1427677408.41,1427677409.05,B,8,4
1427677408.45,1427677409.09,A,23,5
1427677408.45,1427677409.09,B,10,5
1427677408.49,1427677409.13,A,22,5
1427677408.49,1427677409.13,B,10,5
1427677408.53,1427677409.17,A,20,5
1427677408.53,1427677409.17,B,9,5
1427677408.57,1427677409.21,A,19,5
1427677408.57,1427677409.21,B,9,5
1427677408.61,1427677409.25,A,19,5
1427677408.61,1427677409.25,B,9,5
1427677408.65,1427677409.29,A,19,5
1427677408.65,1427677409.29,B,9,5
1427677408.69,1427677409.33,A,24,6
1427677408.69,1427677409.33,B,7,6
1427677408.73,1427677409.37,A,24,7
1427677408.73,1427677409.37,B,8,7
1427677408.77,1427677409.41,A,25,7
1427677408.77,1427677409.41,B,9,7
1427677408.81,1427677409.45,A,26,7
1427677408.81,1427677409.45,B,8,7
1427677408.85,1427677409.49,A,27,8
1427677408.85,1427677409.49,B,9,8
1427677408.89,1427677409.53,A,31,8
1427677408.89,1427677409.53,B,12,8
1427677408.93,1427677409.57,A,37,9
1427677408.93,1427677409.57,B,9,9
1427677408.97,1427677409.61,A,37,9
1427677408.97,1427677409.61,B,10,9
1427677409.01,1427677409.65,A,51,14
1427677409.01,1427677409.65,B,15,14
1427677409.05,1427677409.69,A,53,14
1427677409.05,1427677409.69,B,20,14
1427677409.09,1427677409.73,A,63,17
1427677409.09,1427677409.73,B,15,17
1427677409.13,1427677409.77,A,83,20
1427677409.13,1427677409.77,B,16,20
1427677409.17,1427677409.81,A,87,25
1427677409.17,1427677409.81,B,30,25
1427677409.21,1427677409.85,A,108,25
1427677409.21,1427677409.85,B,25,25
1427677409.25,1427677409.89,A,109,25
1427677409.25,1427677409.89,B,24,25
1427677409.29,1427677409.93,A,120,25
1427677409.29,1427677409.93,B,9,25
1427677409.33,1427677409.97,A,131,25
1427677409.33,1427677409.97,B,18,25
1427677409.37,1427677410.01,A,133,25
1427677409.37,1427677410.01,B,14,25
1427677409.41,1427677410.05,A,157,32
1427677409.41,1427677410.05,B,33,32
1427677409.45,1427677410.09,A,182,31
1427677409.45,1427677410.09,B,23,31
1427677409.49,1427677410.13,A,192,39
1427677409.49,1427677410.13,B,35,39
1427677409.53,1427677410.17,A,243,43
1427677409.53,1427677410.17,B,27,43
1427677409.57,1427677410.21,A,248,52
1427677409.57,1427677410.21,B,37,52
1427677409.61,1427677410.25,A,285,52
1427677409.61,1427677410.25,B,43,52
1427677409.65,1427677410.29,A,288,52
1427677409.65,1427677410.29,B,43,52
1427677409.69,1427677410.33,A,291,53
1427677409.69,1427677410.33,B,38,53
1427677409.73,1427677410.37,A,296,51
1427677409.73,1427677410.37,B,30,51
1427677409.77,1427677410.41,A,293,50
1427677409.77,1427677410.41,B,26,50
1427677409.81,1427677410.45,A,288,50
1427677409.81,1427677410.45,B,20,50
1427677409.85,1427677410.49,A,322,59
1427677409.85,1427677410.49,B,42,59
1427677409.89,1427677410.53,A,336,68
1427677409.89,1427677410.53,B,46,68
1427677409.93,1427677410.57,A,400,82
1427677409.93,1427677410.57,B,80,82
1427677409.97,1427677410.61,A,386,90
1427677409.97,1427677410.61,B,116,90
1427677410.01,1427677410.65,A,413,89
1427677410.01,1427677410.65,B,115,89
1427677410.05,1427677410.69,A,379,93
1427677410.05,1427677410.69,B,126,93
1427677410.09,1427677410.73,A,367,96
1427677410.09,1427677410.73,B,86,96
1427677410.13,1427677410.77,A,328,97
1427677410.13,1427677410.77,B,83,97
1427677410.17,1427677410.81,A,285,94
1427677410.17,1427677410.81,B,66,94
1427677410.21,1427677410.85,A,265,88
1427677410.21,1427677410.85,B,73,88
1427677410.25,1427677410.89,A,261,87
1427677410.25,1427677410.89,B,69,87
1427677410.29,1427677410.93,A,255,89
1427677410.29,1427677410.93,B,81,89
1427677410.33,1427677410.97,A,252,89
1427677410.33,1427677410.97,B,84,89
1427677410.37,1427677411.01,A,264,96
1427677410.37,1427677411.01,B,75,96
1427677410.41,1427677411.05,A,270,103
1427677410.41,1427677411.05,B,110,103
1427677410.45,1427677411.09,A,260,104
1427677410.45,1427677411.09,B,127,104
1427677410.49,1427677411.13,A,223,102
1427677410.49,1427677411.13,B,145,102
1427677410.53,1427677411.17,A,213,95
1427677410.53,1427677411.17,B,121,95
1427677410.57,1427677411.21,A,142,86
1427677410.57,1427677411.21,B,102,86
1427677410.61,1427677411.25,A,107,78
1427677410.61,1427677411.25,B,122,78
1427677410.65,1427677411.29,A,57,72
1427677410.65,1427677411.29,B,100,72
1427677410.69,1427677411.33,A,77,69
1427677410.69,1427677411.33,B,123,69
1427677410.73,1427677411.37,A,86,66
1427677410.73,1427677411.37,B,116,66
1427677410.77,1427677411.41,A,125,70
1427677410.77,1427677411.41,B,104,70
1427677410.81,1427677411.45,A,122,67
1427677410.81,1427677411.45,B,83,67
1427677410.85,1427677411.49,A,146,64
1427677410.85,1427677411.49,B,51,64
1427677410.89,1427677411.53,A,106,54
1427677410.89,1427677411.53,B,62,54
1427677410.93,1427677411.57,A,103,53
1427677410.93,1427677411.57,B,66,53
1427677410.97,1427677411.61,A,77,55
1427677410.97,1427677411.61,B,70,55
1427677411.01,1427677411.65,A,64,43
1427677411.01,1427677411.65,B,48,43
1427677411.05,1427677411.69,A,16,35
1427677411.05,1427677411.69,B,29,35
1427677411.09,1427677411.73,A,23,36
1427677411.09,1427677411.73,B,36,36
1427677411.13,1427677411.77,A,50,31
1427677411.13,1427677411.77,B,43,31
1427677411.17,1427677411.81,A,56,32
1427677411.17,1427677411.81,B,58,32
1427677411.21,1427677411.85,A,67,31
1427677411.21,1427677411.85,B,51,31
1427677411.25,1427677411.89,A,66,30
1427677411.25,1427677411.89,B,47,30
1427677411.29,1427677411.93,A,60,30
1427677411.29,1427677411.93,B,46,30
1427677411.33,1427677411.97,A,48,25
1427677411.33,1427677411.97,B,26,25
1427677411.37,1427677412.01,A,32,25
1427677411.37,1427677412.01,B,27,25
1427677411.41,1427677412.05,A,13,17
1427677411.41,1427677412.05,B,18,17
1427677411.45,1427677412.09,A,9,17
1427677411.45,1427677412.09,B,22,17
1427677411.49,1427677412.13,A,15,13
1427677411.49,1427677412.13,B,21,13
1427677411.53,1427677412.17,A,23,13
1427677411.53,1427677412.17,B,26,13
1427677411.57,1427677412.21,A,28,13
1427677411.57,1427677412.21,B,22,13
1427677411.61,1427677412.25,A,31,12
1427677411.61,1427677412.25,B,19,12
1427677411.65,1427677412.29,A,29,12
1427677411.65,1427677412.29,B,17,12
1427677411.69,1427677412.33,A,26,10
1427677411.69,1427677412.33,B,17,10
1427677411.73,1427677412.37,A,20,9
1427677411.73,1427677412.37,B,18,9
1427677411.77,1427677412.41,A,14,7
1427677411.77,1427677412.41,B,11,7
1427677411.81,1427677412.45,A,10,6
1427677411.81,1427677412.45,B,11,6
1427677411.85,1427677412.49,A,10,6
1427677411.85,1427677412.49,B,12,6
1427677411.89,1427677412.53,A,15,5
1427677411.89,1427677412.53,B,14,5
1427677411.93,1427677412.57,A,16,6
1427677411.93,1427677412.57,B,13,6
1427677411.97,1427677412.61,A,19,6
1427677411.97,1427677412.61,B,11,6
1427677412.01,1427677412.65,A,19,6
1427677412.01,1427677412.65,B,10,6
1427677412.05,1427677412.69,A,19,6
1427677412.05,1427677412.69,B,6,6
1427677412.09,1427677412.73,A,14,5
1427677412.09,1427677412.73,B,4,5
1427677412.13,1427677412.77,A,14,5
1427677412.13,1427677412.77,B,4,5
1427677412.17,1427677412.81,A,11,4
1427677412.17,1427677412.81,B,1,4
1427677412.21,1427677412.85,A,10,4
1427677412.21,1427677412.85,B,2,4
1427677412.25,1427677412.89,A,10,4
1427677412.25,1427677412.89,B,3,4
1427677412.29,1427677412.93,A,10,4
1427677412.29,1427677412.93,B,4,4
1427677412.33,1427677412.97,A,9,4
1427677412.33,1427677412.97,B,4,4
1427677412.37,1427677413.01,A,9,4
1427677412.37,1427677413.01,B,4,4
1427677412.41,1427677413.05,A,10,4
1427677412.41,1427677413.05,B,4,4
1427677412.45,1427677413.09,A,9,4
1427677412.45,1427677413.09,B,3,4
1427677412.49,1427677413.13,A,12,4
1427677412.49,1427677413.13,B,6,4
1427677412.53,1427677413.17,A,9,5
1427677412.53,1427677413.17,B,10,5
1427677412.57,1427677413.21,A,10,5
1427677412.57,1427677413.21,B,9,5
1427677412.61,1427677413.25,A,9,5
1427677412.61,1427677413.25,B,6,5
1427677412.65,1427677413.29,A,10,5
1427677412.65,1427677413.29,B,7,5
1427677412.69,1427677413.33,A,8,5
1427677412.69,1427677413.33,B,9,5
1427677412.73,1427677413.37,A,7,6
1427677412.73,1427677413.37,B,11,6
1427677412.77,1427677413.41,A,5,6
1427677412.77,1427677413.41,B,11,6
1427677412.81,1427677413.45,A,7,6
1427677412.81,1427677413.45,B,12,6
1427677412.85,1427677413.49,A,8,6
1427677412.85,1427677413.49,B,13,6
1427677412.89,1427677413.53,A,10,6
1427677412.89,1427677413.53,B,12,6
1427677412.93,1427677413.57,A,11,6
1427677412.93,1427677413.57,B,12,6
1427677412.97,1427677413.61,A,12,6
1427677412.97,1427677413.61,B,12,6
1427677413.01,1427677413.65,A,11,6
1427677413.01,1427677413.65,B,14,6
1427677413.05,1427677413.69,A,11,6
1427677413.05,1427677413.69,B,14,6
1427677413.09,1427677413.73,A,10,6
1427677413.09,1427677413.73,B,14,6
1427677413.13,1427677413.77,A,8,6
1427677413.13,1427677413.77,B,10,6
1427677413.17,1427677413.81,A,7,5
1427677413.17,1427677413.81,B,9,5
1427677413.21,1427677413.85,A,4,5
1427677413.21,1427677413.85,B,12,5
1427677413.25,1427677413.89,A,4,5
1427677413.25,1427677413.89,B,12,5
1427677413.29,1427677413.93,A,1,4
1427677413.29,1427677413.93,B,10,4
1427677413.33,1427677413.97,A,1,4
1427677413.33,1427677413.97,B,9,4
1427677413.37,1427677414.01,A,1,4
1427677413.37,1427677414.01,B,7,4
1427677413.41,1427677414.05,A,5,4
1427677413.41,1427677414.05,B,4,4
1427677413.45,1427677414.09,A,5,3
1427677413.45,1427677414.09,B,8,3
1427677413.49,1427677414.13,A,7,3
1427677413.49,1427677414.13,B,8,3
1427677413.53,1427677414.17,A,6,3
1427677413.53,1427677414.17,B,8,3
1427677413.57,1427677414.21,A,9,3
1427677413.57,1427677414.21,B,6,3
1427677413.61,1427677414.25,A,9,3
1427677413.61,1427677414.25,B,5,3
1427677413.65,1427677414.29,A,9,3
1427677413.65,1427677414.29,B,5,3
1427677413.69,1427677414.33,A,10,3
1427677413.69,1427677414.33,B,6,3
1427677413.73,1427677414.37,A,10,3
1427677413.73,1427677414.37,B,7,3
1427677413.77,1427677414.41,A,10,3
1427677413.77,1427677414.41,B,7,3
1427677413.81,1427677414.45,A,9,3
1427677413.81,1427677414.45,B,6,3
1427677413.85,1427677414.49,A,9,3
1427677413.85,1427677414.49,B,5,3
1427677413.89,1427677414.53,A,6,3
1427677413.89,1427677414.53,B,3,3
1427677413.93,1427677414.57,A,8,4
1427677413.93,1427677414.57,B,7,4
1427677413.97,1427677414.61,A,10,6
1427677413.97,1427677414.61,B,10,6
1427677414.01,1427677414.65,A,13,5
1427677414.01,1427677414.65,B,11,5
1427677414.05,1427677414.69,A,13,5
1427677414.05,1427677414.69,B,11,5
1427677414.09,1427677414.73,A,15,5
1427677414.09,1427677414.73,B,11,5
1427677414.13,1427677414.77,A,15,6
1427677414.13,1427677414.77,B,11,6
1427677414.17,1427677414.81,A,16,6
1427677414.17,1427677414.81,B,13,6
1427677414.21,1427677414.85,A,14,6
1427677414.21,1427677414.85,B,15,6
1427677414.25,1427677414.89,A,14,6
1427677414.25,1427677414.89,B,15,6
1427677414.29,1427677414.93,A,12,6
1427677414.29,1427677414.93,B,14,6
1427677414.33,1427677414.97,A,11,6
1427677414.33,1427677414.97,B,13,6
1427677414.37,1427677415.01,A,10,6
1427677414.37,1427677415.01,B,15,6
1427677414.41,1427677415.05,A,11,6
1427677414.41,1427677415.05,B,16,6
1427677414.45,1427677415.09,A,10,6
1427677414.45,1427677415.09,B,15,6
1427677414.49,1427677415.13,A,10,6
1427677414.49,1427677415.13,B,14,6
1427677414.53,1427677415.17,A,11,6
1427677414.53,1427677415.17,B,13,6
1427677414.57,1427677415.21,A,11,6
1427677414.57,1427677415.21,B,10,6
1427677414.61,1427677415.25,A,7,5
1427677414.61,1427677415.25,B,6,5
1427677414.65,1427677415.29,A,5,5
1427677414.65,1427677415.29,B,7,5
1427677414.69,1427677415.33,A,5,5
1427677414.69,1427677415.33,B,8,5
1427677414.73,1427677415.37,A,4,4
1427677414.73,1427677415.37,B,7,4
1427677414.77,1427677415.41,A,3,3
1427677414.77,1427677415.41,B,5,3
1427677414.81,1427677415.45,A,3,3
1427677414.81,1427677415.45,B,5,3
1427677414.85,1427677415.49,A,3,3
1427677414.85,1427677415.49,B,5,3
1427677414.89,1427677415.53,A,4,3
1427677414.89,1427677415.53,B,6,3
1427677414.93,1427677415.57,A,5,3
1427677414.93,1427677415.57,B,4,3
1427677414.97,1427677415.61,A,4,3
1427677414.97,1427677415.61,B,6,3
1427677415.01,1427677415.65,A,3,3
1427677415.01,1427677415.65,B,4,3
1427677415.05,1427677415.69,A,4,2
1427677415.05,1427677415.69,B,5,2
1427677415.09,1427677415.73,A,6,5
1427677415.09,1427677415.73,B,7,5
1427677415.13,1427677415.77,A,9,6
1427677415.13,1427677415.77,B,8,6
1427677415.17,1427677415.81,A,5,7
1427677415.17,1427677415.81,B,12,7
1427677415.21,1427677415.85,A,5,7
1427677415.21,1427677415.85,B,12,7
1427677415.25,1427677415.89,A,1,8
1427677415.25,1427677415.89,B,13,8
1427677415.29,1427677415.93,A,2,8
1427677415.29,1427677415.93,B,13,8
1427677415.33,1427677415.97,A,1,8
1427677415.33,1427677415.97,B,14,8
1427677415.37,1427677416.01,A,4,8
1427677415.37,1427677416.01,B,14,8
1427677415.41,1427677416.05,A,4,8
1427677415.41,1427677416.05,B,14,8
1427677415.45,1427677416.09,A,6,8
1427677415.45,1427677416.09,B,13,8
1427677415.49,1427677416.13,A,5,8
1427677415.49,1427677416.13,B,13,8
1427677415.53,1427677416.17,A,4,8
1427677415.53,1427677416.17,B,15,8
1427677415.57,1427677416.21,A,4,8
1427677415.57,1427677416.21,B,15,8
1427677415.61,1427677416.25,A,4,7
1427677415.61,1427677416.25,B,18,7
1427677415.65,1427677416.29,A,3,8
1427677415.65,1427677416.29,B,20,8
1427677415.69,1427677416.33,A,4,8
1427677415.69,1427677416.33,B,21,8
1427677415.73,1427677416.37,A,9,7
1427677415.73,1427677416.37,B,16,7
