#targetfile:$(projectRoot)/result/result/75cm/pocket/hasc-20150330-100114-mag-pca.csv-lowpass.csv
1427677280.41,1427677281.05,A,17,5
1427677280.41,1427677281.05,B,14,5
1427677280.45,1427677281.09,A,17,5
1427677280.45,1427677281.09,B,14,5
1427677280.49,1427677281.13,A,15,5
1427677280.49,1427677281.13,B,14,5
1427677280.53,1427677281.17,A,14,6
1427677280.53,1427677281.17,B,15,6
1427677280.57,1427677281.21,A,8,5
1427677280.57,1427677281.21,B,11,5
1427677280.61,1427677281.25,A,8,5
1427677280.61,1427677281.25,B,9,5
1427677280.65,1427677281.29,A,6,4
1427677280.65,1427677281.29,B,7,4
1427677280.69,1427677281.33,A,6,4
1427677280.69,1427677281.33,B,7,4
1427677280.73,1427677281.37,A,5,4
1427677280.73,1427677281.37,B,7,4
1427677280.77,1427677281.41,A,5,4
1427677280.77,1427677281.41,B,7,4
1427677280.81,1427677281.45,A,3,4
1427677280.81,1427677281.45,B,6,4
1427677280.85,1427677281.49,A,2,4
1427677280.85,1427677281.49,B,6,4
1427677280.89,1427677281.53,A,0,4
1427677280.89,1427677281.53,B,8,4
1427677280.93,1427677281.57,A,1,4
1427677280.93,1427677281.57,B,8,4
1427677280.97,1427677281.61,A,2,4
1427677280.97,1427677281.61,B,9,4
1427677281.01,1427677281.65,A,4,3
1427677281.01,1427677281.65,B,7,3
1427677281.05,1427677281.69,A,5,3
1427677281.05,1427677281.69,B,6,3
1427677281.09,1427677281.73,A,8,4
1427677281.09,1427677281.73,B,6,4
1427677281.13,1427677281.77,A,6,4
1427677281.13,1427677281.77,B,5,4
1427677281.17,1427677281.81,A,8,4
1427677281.17,1427677281.81,B,5,4
1427677281.21,1427677281.85,A,8,4
1427677281.21,1427677281.85,B,5,4
1427677281.25,1427677281.89,A,8,4
1427677281.25,1427677281.89,B,6,4
1427677281.29,1427677281.93,A,11,5
1427677281.29,1427677281.93,B,5,5
1427677281.33,1427677281.97,A,10,5
1427677281.33,1427677281.97,B,5,5
1427677281.37,1427677282.01,A,11,5
1427677281.37,1427677282.01,B,6,5
1427677281.41,1427677282.05,A,11,5
1427677281.41,1427677282.05,B,5,5
1427677281.45,1427677282.09,A,12,5
1427677281.45,1427677282.09,B,3,5
1427677281.49,1427677282.13,A,13,5
1427677281.49,1427677282.13,B,3,5
1427677281.53,1427677282.17,A,12,5
1427677281.53,1427677282.17,B,3,5
1427677281.57,1427677282.21,A,12,5
1427677281.57,1427677282.21,B,3,5
1427677281.61,1427677282.25,A,11,5
1427677281.61,1427677282.25,B,5,5
1427677281.65,1427677282.29,A,11,5
1427677281.65,1427677282.29,B,5,5
1427677281.69,1427677282.33,A,10,5
1427677281.69,1427677282.33,B,5,5
1427677281.73,1427677282.37,A,10,4
1427677281.73,1427677282.37,B,4,4
1427677281.77,1427677282.41,A,11,5
1427677281.77,1427677282.41,B,6,5
1427677281.81,1427677282.45,A,12,5
1427677281.81,1427677282.45,B,6,5
1427677281.85,1427677282.49,A,11,5
1427677281.85,1427677282.49,B,7,5
1427677281.89,1427677282.53,A,11,5
1427677281.89,1427677282.53,B,7,5
1427677281.93,1427677282.57,A,9,4
1427677281.93,1427677282.57,B,5,4
1427677281.97,1427677282.61,A,7,4
1427677281.97,1427677282.61,B,6,4
1427677282.01,1427677282.65,A,4,4
1427677282.01,1427677282.65,B,3,4
1427677282.05,1427677282.69,A,4,3
1427677282.05,1427677282.69,B,2,3
1427677282.09,1427677282.73,A,4,3
1427677282.09,1427677282.73,B,1,3
1427677282.13,1427677282.77,A,3,4
1427677282.13,1427677282.77,B,3,4
1427677282.17,1427677282.81,A,5,5
1427677282.17,1427677282.81,B,5,5
1427677282.21,1427677282.85,A,5,5
1427677282.21,1427677282.85,B,4,5
1427677282.25,1427677282.89,A,4,5
1427677282.25,1427677282.89,B,4,5
1427677282.29,1427677282.93,A,6,5
1427677282.29,1427677282.93,B,6,5
1427677282.33,1427677282.97,A,7,5
1427677282.33,1427677282.97,B,7,5
1427677282.37,1427677283.01,A,8,5
1427677282.37,1427677283.01,B,7,5
1427677282.41,1427677283.05,A,8,5
1427677282.41,1427677283.05,B,6,5
1427677282.45,1427677283.09,A,7,6
1427677282.45,1427677283.09,B,9,6
1427677282.49,1427677283.13,A,12,7
1427677282.49,1427677283.13,B,12,7
1427677282.53,1427677283.17,A,14,7
1427677282.53,1427677283.17,B,12,7
1427677282.57,1427677283.21,A,17,7
1427677282.57,1427677283.21,B,18,7
1427677282.61,1427677283.25,A,16,7
1427677282.61,1427677283.25,B,19,7
1427677282.65,1427677283.29,A,16,7
1427677282.65,1427677283.29,B,21,7
1427677282.69,1427677283.33,A,16,7
1427677282.69,1427677283.33,B,20,7
1427677282.73,1427677283.37,A,16,7
1427677282.73,1427677283.37,B,20,7
1427677282.77,1427677283.41,A,16,7
1427677282.77,1427677283.41,B,19,7
1427677282.81,1427677283.45,A,17,7
1427677282.81,1427677283.45,B,17,7
1427677282.85,1427677283.49,A,18,7
1427677282.85,1427677283.49,B,14,7
1427677282.89,1427677283.53,A,23,7
1427677282.89,1427677283.53,B,15,7
1427677282.93,1427677283.57,A,22,7
1427677282.93,1427677283.57,B,16,7
1427677282.97,1427677283.61,A,23,6
1427677282.97,1427677283.61,B,13,6
1427677283.01,1427677283.65,A,24,6
1427677283.01,1427677283.65,B,13,6
1427677283.05,1427677283.69,A,23,6
1427677283.05,1427677283.69,B,12,6
1427677283.09,1427677283.73,A,28,6
1427677283.09,1427677283.73,B,12,6
1427677283.13,1427677283.77,A,27,5
1427677283.13,1427677283.77,B,12,5
1427677283.17,1427677283.81,A,26,6
1427677283.17,1427677283.81,B,12,6
1427677283.21,1427677283.85,A,24,5
1427677283.21,1427677283.85,B,11,5
1427677283.25,1427677283.89,A,26,6
1427677283.25,1427677283.89,B,7,6
1427677283.29,1427677283.93,A,26,6
1427677283.29,1427677283.93,B,7,6
1427677283.33,1427677283.97,A,31,6
1427677283.33,1427677283.97,B,9,6
1427677283.37,1427677284.01,A,32,7
1427677283.37,1427677284.01,B,8,7
1427677283.41,1427677284.05,A,35,7
1427677283.41,1427677284.05,B,7,7
1427677283.45,1427677284.09,A,38,7
1427677283.45,1427677284.09,B,4,7
1427677283.49,1427677284.13,A,39,7
1427677283.49,1427677284.13,B,7,7
1427677283.53,1427677284.17,A,39,7
1427677283.53,1427677284.17,B,9,7
1427677283.57,1427677284.21,A,40,7
1427677283.57,1427677284.21,B,8,7
1427677283.61,1427677284.25,A,40,7
1427677283.61,1427677284.25,B,7,7
1427677283.65,1427677284.29,A,41,7
1427677283.65,1427677284.29,B,8,7
1427677283.69,1427677284.33,A,42,8
1427677283.69,1427677284.33,B,8,8
1427677283.73,1427677284.37,A,40,8
1427677283.73,1427677284.37,B,4,8
1427677283.77,1427677284.41,A,60,16
1427677283.77,1427677284.41,B,20,16
1427677283.81,1427677284.45,A,62,17
1427677283.81,1427677284.45,B,26,17
1427677283.85,1427677284.49,A,79,21
1427677283.85,1427677284.49,B,27,21
1427677283.89,1427677284.53,A,80,20
1427677283.89,1427677284.53,B,28,20
1427677283.93,1427677284.57,A,86,21
1427677283.93,1427677284.57,B,22,21
1427677283.97,1427677284.61,A,94,22
1427677283.97,1427677284.61,B,18,22
1427677284.01,1427677284.65,A,96,22
1427677284.01,1427677284.65,B,21,22
1427677284.05,1427677284.69,A,99,22
1427677284.05,1427677284.69,B,23,22
1427677284.09,1427677284.73,A,121,28
1427677284.09,1427677284.73,B,34,28
1427677284.13,1427677284.77,A,127,31
1427677284.13,1427677284.77,B,42,31
1427677284.17,1427677284.81,A,159,34
1427677284.17,1427677284.81,B,43,34
1427677284.21,1427677284.85,A,189,40
1427677284.21,1427677284.85,B,25,40
1427677284.25,1427677284.89,A,214,54
1427677284.25,1427677284.89,B,64,54
1427677284.29,1427677284.93,A,255,55
1427677284.29,1427677284.93,B,60,55
1427677284.33,1427677284.97,A,254,60
1427677284.33,1427677284.97,B,74,60
1427677284.37,1427677285.01,A,289,56
1427677284.37,1427677285.01,B,41,56
1427677284.41,1427677285.05,A,285,55
1427677284.41,1427677285.05,B,33,55
1427677284.45,1427677285.09,A,286,55
1427677284.45,1427677285.09,B,30,55
1427677284.49,1427677285.13,A,311,62
1427677284.49,1427677285.13,B,42,62
1427677284.53,1427677285.17,A,332,65
1427677284.53,1427677285.17,B,37,65
1427677284.57,1427677285.21,A,370,76
1427677284.57,1427677285.21,B,78,76
1427677284.61,1427677285.25,A,435,77
1427677284.61,1427677285.25,B,49,77
1427677284.65,1427677285.29,A,449,92
1427677284.65,1427677285.29,B,64,92
1427677284.69,1427677285.33,A,496,88
1427677284.69,1427677285.33,B,52,88
1427677284.73,1427677285.37,A,504,89
1427677284.73,1427677285.37,B,45,89
1427677284.77,1427677285.41,A,533,108
1427677284.77,1427677285.41,B,72,108
1427677284.81,1427677285.45,A,492,111
1427677284.81,1427677285.45,B,110,111
1427677284.85,1427677285.49,A,479,113
1427677284.85,1427677285.49,B,112,113
1427677284.89,1427677285.53,A,425,119
1427677284.89,1427677285.53,B,123,119
1427677284.93,1427677285.57,A,428,118
1427677284.93,1427677285.57,B,140,118
1427677284.97,1427677285.61,A,426,117
1427677284.97,1427677285.61,B,137,117
1427677285.01,1427677285.65,A,435,121
1427677285.01,1427677285.65,B,124,121
1427677285.05,1427677285.69,A,433,129
1427677285.05,1427677285.69,B,141,129
1427677285.09,1427677285.73,A,451,133
1427677285.09,1427677285.73,B,129,133
1427677285.13,1427677285.77,A,372,137
1427677285.13,1427677285.77,B,171,137
1427677285.17,1427677285.81,A,360,127
1427677285.17,1427677285.81,B,164,127
1427677285.21,1427677285.85,A,262,120
1427677285.21,1427677285.85,B,171,120
1427677285.25,1427677285.89,A,214,112
1427677285.25,1427677285.89,B,124,112
1427677285.29,1427677285.93,A,168,103
1427677285.29,1427677285.93,B,109,103
1427677285.33,1427677285.97,A,136,100
1427677285.33,1427677285.97,B,136,100
1427677285.37,1427677286.01,A,133,91
1427677285.37,1427677286.01,B,118,91
1427677285.41,1427677286.05,A,103,81
1427677285.41,1427677286.05,B,81,81
1427677285.45,1427677286.09,A,122,84
1427677285.45,1427677286.09,B,65,84
1427677285.49,1427677286.13,A,129,87
1427677285.49,1427677286.13,B,65,87
1427677285.53,1427677286.17,A,142,86
1427677285.53,1427677286.17,B,82,86
1427677285.57,1427677286.21,A,130,77
1427677285.57,1427677286.21,B,128,77
1427677285.61,1427677286.25,A,112,72
1427677285.61,1427677286.25,B,147,72
1427677285.65,1427677286.29,A,98,68
1427677285.65,1427677286.29,B,121,68
1427677285.69,1427677286.33,A,76,62
1427677285.69,1427677286.33,B,108,62
1427677285.73,1427677286.37,A,33,48
1427677285.73,1427677286.37,B,66,48
1427677285.77,1427677286.41,A,31,48
1427677285.77,1427677286.41,B,58,48
1427677285.81,1427677286.45,A,41,41
1427677285.81,1427677286.45,B,46,41
1427677285.85,1427677286.49,A,82,37
1427677285.85,1427677286.49,B,40,37
1427677285.89,1427677286.53,A,79,39
1427677285.89,1427677286.53,B,40,39
1427677285.93,1427677286.57,A,95,35
1427677285.93,1427677286.57,B,36,35
1427677285.97,1427677286.61,A,74,33
1427677285.97,1427677286.61,B,55,33
1427677286.01,1427677286.65,A,76,31
1427677286.01,1427677286.65,B,48,31
1427677286.05,1427677286.69,A,46,28
1427677286.05,1427677286.69,B,52,28
1427677286.09,1427677286.73,A,43,27
1427677286.09,1427677286.73,B,40,27
1427677286.13,1427677286.77,A,13,19
1427677286.13,1427677286.77,B,32,19
1427677286.17,1427677286.81,A,16,19
1427677286.17,1427677286.81,B,32,19
1427677286.21,1427677286.85,A,26,14
1427677286.21,1427677286.85,B,20,14
1427677286.25,1427677286.89,A,33,13
1427677286.25,1427677286.89,B,14,13
1427677286.29,1427677286.93,A,34,12
1427677286.29,1427677286.93,B,14,12
1427677286.33,1427677286.97,A,35,12
1427677286.33,1427677286.97,B,12,12
1427677286.37,1427677287.01,A,32,12
1427677286.37,1427677287.01,B,15,12
1427677286.41,1427677287.05,A,28,10
1427677286.41,1427677287.05,B,17,10
1427677286.45,1427677287.09,A,24,10
1427677286.45,1427677287.09,B,17,10
1427677286.49,1427677287.13,A,15,6
1427677286.49,1427677287.13,B,9,6
1427677286.53,1427677287.17,A,11,6
1427677286.53,1427677287.17,B,10,6
1427677286.57,1427677287.21,A,11,6
1427677286.57,1427677287.21,B,11,6
1427677286.61,1427677287.25,A,9,6
1427677286.61,1427677287.25,B,11,6
1427677286.65,1427677287.29,A,8,6
1427677286.65,1427677287.29,B,11,6
1427677286.69,1427677287.33,A,8,5
1427677286.69,1427677287.33,B,11,5
1427677286.73,1427677287.37,A,8,5
1427677286.73,1427677287.37,B,9,5
1427677286.77,1427677287.41,A,9,5
1427677286.77,1427677287.41,B,9,5
1427677286.81,1427677287.45,A,7,5
1427677286.81,1427677287.45,B,6,5
1427677286.85,1427677287.49,A,6,5
1427677286.85,1427677287.49,B,6,5
1427677286.89,1427677287.53,A,4,5
1427677286.89,1427677287.53,B,9,5
1427677286.93,1427677287.57,A,3,4
1427677286.93,1427677287.57,B,10,4
1427677286.97,1427677287.61,A,0,4
1427677286.97,1427677287.61,B,12,4
1427677287.01,1427677287.65,A,1,5
1427677287.01,1427677287.65,B,12,5
1427677287.05,1427677287.69,A,1,5
1427677287.05,1427677287.69,B,12,5
1427677287.09,1427677287.73,A,1,5
1427677287.09,1427677287.73,B,11,5
1427677287.13,1427677287.77,A,2,5
1427677287.13,1427677287.77,B,12,5
1427677287.17,1427677287.81,A,1,5
1427677287.17,1427677287.81,B,12,5
1427677287.21,1427677287.85,A,5,4
1427677287.21,1427677287.85,B,9,4
1427677287.25,1427677287.89,A,3,4
1427677287.25,1427677287.89,B,9,4
1427677287.29,1427677287.93,A,6,4
1427677287.29,1427677287.93,B,7,4
1427677287.33,1427677287.97,A,6,4
1427677287.33,1427677287.97,B,5,4
1427677287.37,1427677288.01,A,7,4
1427677287.37,1427677288.01,B,5,4
1427677287.41,1427677288.05,A,7,4
1427677287.41,1427677288.05,B,6,4
1427677287.45,1427677288.09,A,8,4
1427677287.45,1427677288.09,B,7,4
1427677287.49,1427677288.13,A,8,4
1427677287.49,1427677288.13,B,7,4
1427677287.53,1427677288.17,A,8,4
1427677287.53,1427677288.17,B,5,4
1427677287.57,1427677288.21,A,9,4
1427677287.57,1427677288.21,B,4,4
1427677287.61,1427677288.25,A,7,5
1427677287.61,1427677288.25,B,4,5
1427677287.65,1427677288.29,A,6,4
1427677287.65,1427677288.29,B,6,4
1427677287.69,1427677288.33,A,6,4
1427677287.69,1427677288.33,B,6,4
1427677287.73,1427677288.37,A,6,4
1427677287.73,1427677288.37,B,7,4
1427677287.77,1427677288.41,A,9,4
1427677287.77,1427677288.41,B,4,4
1427677287.81,1427677288.45,A,8,3
1427677287.81,1427677288.45,B,4,3
1427677287.85,1427677288.49,A,9,3
1427677287.85,1427677288.49,B,5,3
1427677287.89,1427677288.53,A,7,3
1427677287.89,1427677288.53,B,7,3
1427677287.93,1427677288.57,A,7,3
1427677287.93,1427677288.57,B,8,3
1427677287.97,1427677288.61,A,9,4
1427677287.97,1427677288.61,B,9,4
1427677288.01,1427677288.65,A,9,4
1427677288.01,1427677288.65,B,10,4
1427677288.05,1427677288.69,A,8,4
1427677288.05,1427677288.69,B,10,4
1427677288.09,1427677288.73,A,7,4
1427677288.09,1427677288.73,B,11,4
1427677288.13,1427677288.77,A,7,4
1427677288.13,1427677288.77,B,12,4
1427677288.17,1427677288.81,A,7,4
1427677288.17,1427677288.81,B,13,4
1427677288.21,1427677288.85,A,9,4
1427677288.21,1427677288.85,B,13,4
1427677288.25,1427677288.89,A,9,4
1427677288.25,1427677288.89,B,13,4
1427677288.29,1427677288.93,A,11,5
1427677288.29,1427677288.93,B,11,5
1427677288.33,1427677288.97,A,14,5
1427677288.33,1427677288.97,B,10,5
1427677288.37,1427677289.01,A,16,7
1427677288.37,1427677289.01,B,11,7
1427677288.41,1427677289.05,A,13,7
1427677288.41,1427677289.05,B,13,7
1427677288.45,1427677289.09,A,12,7
1427677288.45,1427677289.09,B,13,7
1427677288.49,1427677289.13,A,11,7
1427677288.49,1427677289.13,B,12,7
1427677288.53,1427677289.17,A,13,7
1427677288.53,1427677289.17,B,12,7
1427677288.57,1427677289.21,A,14,7
1427677288.57,1427677289.21,B,12,7
1427677288.61,1427677289.25,A,11,6
1427677288.61,1427677289.25,B,13,6
1427677288.65,1427677289.29,A,10,6
1427677288.65,1427677289.29,B,13,6
1427677288.69,1427677289.33,A,11,6
1427677288.69,1427677289.33,B,14,6
1427677288.73,1427677289.37,A,13,6
1427677288.73,1427677289.37,B,13,6
1427677288.77,1427677289.41,A,14,6
1427677288.77,1427677289.41,B,14,6
1427677288.81,1427677289.45,A,14,7
1427677288.81,1427677289.45,B,15,7
1427677288.85,1427677289.49,A,11,6
1427677288.85,1427677289.49,B,20,6
1427677288.89,1427677289.53,A,8,5
1427677288.89,1427677289.53,B,23,5
1427677288.93,1427677289.57,A,7,5
1427677288.93,1427677289.57,B,21,5
1427677288.97,1427677289.61,A,6,5
1427677288.97,1427677289.61,B,19,5
1427677289.01,1427677289.65,A,1,4
1427677289.01,1427677289.65,B,13,4
1427677289.05,1427677289.69,A,5,5
1427677289.05,1427677289.69,B,9,5
1427677289.09,1427677289.73,A,6,4
1427677289.09,1427677289.73,B,9,4
1427677289.13,1427677289.77,A,6,4
1427677289.13,1427677289.77,B,8,4
1427677289.17,1427677289.81,A,6,4
1427677289.17,1427677289.81,B,8,4
1427677289.21,1427677289.85,A,6,4
1427677289.21,1427677289.85,B,8,4
1427677289.25,1427677289.89,A,8,5
1427677289.25,1427677289.89,B,7,5
1427677289.29,1427677289.93,A,8,5
1427677289.29,1427677289.93,B,8,5
1427677289.33,1427677289.97,A,7,5
1427677289.33,1427677289.97,B,9,5
1427677289.37,1427677290.01,A,6,5
1427677289.37,1427677290.01,B,9,5
1427677289.41,1427677290.05,A,7,5
1427677289.41,1427677290.05,B,9,5
1427677289.45,1427677290.09,A,7,5
1427677289.45,1427677290.09,B,8,5
1427677289.49,1427677290.13,A,9,5
1427677289.49,1427677290.13,B,7,5
1427677289.53,1427677290.17,A,8,5
1427677289.53,1427677290.17,B,6,5
1427677289.57,1427677290.21,A,8,5
1427677289.57,1427677290.21,B,5,5
1427677289.61,1427677290.25,A,8,5
1427677289.61,1427677290.25,B,5,5
1427677289.65,1427677290.29,A,8,5
1427677289.65,1427677290.29,B,5,5
1427677289.69,1427677290.33,A,5,5
1427677289.69,1427677290.33,B,5,5
1427677289.73,1427677290.37,A,6,5
1427677289.73,1427677290.37,B,5,5
1427677289.77,1427677290.41,A,6,5
1427677289.77,1427677290.41,B,5,5
1427677289.81,1427677290.45,A,8,5
1427677289.81,1427677290.45,B,6,5
1427677289.85,1427677290.49,A,7,5
1427677289.85,1427677290.49,B,7,5
1427677289.89,1427677290.53,A,6,4
1427677289.89,1427677290.53,B,9,4
1427677289.93,1427677290.57,A,4,4
1427677289.93,1427677290.57,B,11,4
1427677289.97,1427677290.61,A,3,4
1427677289.97,1427677290.61,B,11,4
1427677290.01,1427677290.65,A,0,4
1427677290.01,1427677290.65,B,7,4
1427677290.05,1427677290.69,A,3,4
1427677290.05,1427677290.69,B,5,4
1427677290.09,1427677290.73,A,5,5
1427677290.09,1427677290.73,B,7,5
1427677290.13,1427677290.77,A,5,7
1427677290.13,1427677290.77,B,8,7
1427677290.17,1427677290.81,A,5,8
1427677290.17,1427677290.81,B,9,8
1427677290.21,1427677290.85,A,2,8
1427677290.21,1427677290.85,B,15,8
1427677290.25,1427677290.89,A,3,10
1427677290.25,1427677290.89,B,22,10
1427677290.29,1427677290.93,A,7,11
1427677290.29,1427677290.93,B,27,11
1427677290.33,1427677290.97,A,8,11
1427677290.33,1427677290.97,B,26,11
1427677290.37,1427677291.01,A,9,12
1427677290.37,1427677291.01,B,25,12
1427677290.41,1427677291.05,A,10,12
1427677290.41,1427677291.05,B,26,12
1427677290.45,1427677291.09,A,11,12
1427677290.45,1427677291.09,B,27,12
1427677290.49,1427677291.13,A,13,12
1427677290.49,1427677291.13,B,27,12
1427677290.53,1427677291.17,A,15,12
1427677290.53,1427677291.17,B,26,12
1427677290.57,1427677291.21,A,17,12
1427677290.57,1427677291.21,B,29,12
1427677290.61,1427677291.25,A,18,12
1427677290.61,1427677291.25,B,30,12
