#targetfile:$(projectRoot)/result/result/50cm/pocket/hasc-20150330-105012-mag-pca.csv-lowpass.csv
1427680218.95,1427680219.59,B,10,3
1427680218.99,1427680219.63,B,12,4
1427680219.03,1427680219.67,B,12,4
1427680219.07,1427680219.71,B,12,4
1427680219.11,1427680219.75,B,12,4
1427680219.15,1427680219.79,B,10,4
1427680219.19,1427680219.83,B,7,4
1427680219.23,1427680219.87,B,9,5
1427680219.27,1427680219.91,B,11,5
1427680219.31,1427680219.95,B,12,5
1427680219.35,1427680219.99,B,14,5
1427680219.39,1427680220.03,B,15,5
1427680219.43,1427680220.07,B,13,5
1427680219.47,1427680220.11,B,15,5
1427680219.51,1427680220.15,B,16,5
1427680219.55,1427680220.19,B,15,5
1427680219.59,1427680220.23,B,13,5
1427680219.63,1427680220.27,B,11,5
1427680219.67,1427680220.31,B,11,5
1427680219.71,1427680220.35,B,12,5
1427680219.75,1427680220.39,B,13,5
1427680219.79,1427680220.43,B,10,6
1427680219.83,1427680220.47,B,9,7
1427680219.87,1427680220.51,B,9,6
1427680219.91,1427680220.55,B,8,6
1427680219.95,1427680220.59,B,10,6
1427680219.99,1427680220.63,B,12,5
1427680220.03,1427680220.67,B,11,6
1427680220.07,1427680220.71,B,9,6
1427680220.11,1427680220.75,B,9,6
1427680220.15,1427680220.79,B,7,7
1427680220.19,1427680220.83,B,7,7
1427680220.23,1427680220.87,B,7,7
1427680220.27,1427680220.91,B,6,7
1427680220.31,1427680220.95,A,15,6
1427680220.31,1427680220.95,B,6,6
1427680220.35,1427680220.99,A,14,6
1427680220.35,1427680220.99,B,6,6
1427680220.39,1427680221.03,A,14,6
1427680220.39,1427680221.03,B,6,6
1427680220.43,1427680221.07,A,10,4
1427680220.43,1427680221.07,B,6,4
1427680220.47,1427680221.11,A,10,5
1427680220.47,1427680221.11,B,7,5
1427680220.51,1427680221.15,A,11,5
1427680220.51,1427680221.15,B,10,5
1427680220.55,1427680221.19,A,9,5
1427680220.55,1427680221.19,B,7,5
1427680220.59,1427680221.23,A,12,5
1427680220.59,1427680221.23,B,6,5
1427680220.63,1427680221.27,A,13,5
1427680220.63,1427680221.27,B,4,5
1427680220.67,1427680221.31,A,14,6
1427680220.67,1427680221.31,B,4,6
1427680220.71,1427680221.35,A,16,6
1427680220.71,1427680221.35,B,6,6
1427680220.75,1427680221.39,A,16,6
1427680220.75,1427680221.39,B,6,6
1427680220.79,1427680221.43,A,14,6
1427680220.79,1427680221.43,B,7,6
1427680220.83,1427680221.47,A,13,6
1427680220.83,1427680221.47,B,9,6
1427680220.87,1427680221.51,A,12,6
1427680220.87,1427680221.51,B,10,6
1427680220.91,1427680221.55,A,5,6
1427680220.91,1427680221.55,B,7,6
1427680220.95,1427680221.59,A,6,7
1427680220.95,1427680221.59,B,8,7
1427680220.99,1427680221.63,A,9,7
1427680220.99,1427680221.63,B,9,7
1427680221.03,1427680221.67,A,10,7
1427680221.03,1427680221.67,B,8,7
1427680221.07,1427680221.71,A,19,9
1427680221.07,1427680221.71,B,6,9
1427680221.11,1427680221.75,A,22,11
1427680221.11,1427680221.75,B,9,11
1427680221.15,1427680221.79,A,32,14
1427680221.15,1427680221.79,B,18,14
1427680221.19,1427680221.83,A,37,14
1427680221.19,1427680221.83,B,18,14
1427680221.23,1427680221.87,A,42,17
1427680221.23,1427680221.87,B,22,17
1427680221.27,1427680221.91,A,44,18
1427680221.27,1427680221.91,B,20,18
1427680221.31,1427680221.95,A,42,20
1427680221.31,1427680221.95,B,18,20
1427680221.35,1427680221.99,A,35,21
1427680221.35,1427680221.99,B,22,21
1427680221.39,1427680222.03,A,31,23
1427680221.39,1427680222.03,B,15,23
1427680221.43,1427680222.07,A,21,28
1427680221.43,1427680222.07,B,22,28
1427680221.47,1427680222.11,A,32,31
1427680221.47,1427680222.11,B,26,31
1427680221.51,1427680222.15,A,32,31
1427680221.51,1427680222.15,B,28,31
1427680221.55,1427680222.19,A,72,51
1427680221.55,1427680222.19,B,42,51
1427680221.59,1427680222.23,A,81,54
1427680221.59,1427680222.23,B,51,54
1427680221.63,1427680222.27,A,113,61
1427680221.63,1427680222.27,B,74,61
1427680221.67,1427680222.31,A,132,66
1427680221.67,1427680222.31,B,57,66
1427680221.71,1427680222.35,A,155,74
1427680221.71,1427680222.35,B,51,74
1427680221.75,1427680222.39,A,151,78
1427680221.75,1427680222.39,B,54,78
1427680221.79,1427680222.43,A,149,79
1427680221.79,1427680222.43,B,47,79
1427680221.83,1427680222.47,A,130,83
1427680221.83,1427680222.47,B,55,83
1427680221.87,1427680222.51,A,106,84
1427680221.87,1427680222.51,B,39,84
1427680221.91,1427680222.55,A,58,92
1427680221.91,1427680222.55,B,80,92
1427680221.95,1427680222.59,A,5,89
1427680221.95,1427680222.59,B,56,89
1427680221.99,1427680222.63,A,69,107
1427680221.99,1427680222.63,B,96,107
1427680222.03,1427680222.67,A,172,122
1427680222.03,1427680222.67,B,68,122
1427680222.07,1427680222.71,A,186,140
1427680222.07,1427680222.71,B,125,140
1427680222.11,1427680222.75,A,300,152
1427680222.11,1427680222.75,B,79,152
1427680222.15,1427680222.79,A,315,146
1427680222.15,1427680222.79,B,64,146
1427680222.19,1427680222.83,A,359,145
1427680222.19,1427680222.83,B,45,145
1427680222.23,1427680222.87,A,384,146
1427680222.23,1427680222.87,B,37,146
1427680222.27,1427680222.91,A,381,152
1427680222.27,1427680222.91,B,56,152
1427680222.31,1427680222.95,A,377,152
1427680222.31,1427680222.95,B,51,152
1427680222.35,1427680222.99,A,446,155
1427680222.35,1427680222.99,B,92,155
1427680222.39,1427680223.03,A,448,154
1427680222.39,1427680223.03,B,46,154
1427680222.43,1427680223.07,A,504,162
1427680222.43,1427680223.07,B,62,162
1427680222.47,1427680223.11,A,548,157
1427680222.47,1427680223.11,B,57,157
1427680222.51,1427680223.15,A,536,160
1427680222.51,1427680223.15,B,65,160
1427680222.55,1427680223.19,A,507,163
1427680222.55,1427680223.19,B,90,163
1427680222.59,1427680223.23,A,500,162
1427680222.59,1427680223.23,B,81,162
1427680222.63,1427680223.27,A,421,175
1427680222.63,1427680223.27,B,97,175
1427680222.67,1427680223.31,A,307,134
1427680222.67,1427680223.31,B,55,134
1427680222.71,1427680223.35,A,325,152
1427680222.71,1427680223.35,B,140,152
1427680222.75,1427680223.39,A,248,121
1427680222.75,1427680223.39,B,109,121
1427680222.79,1427680223.43,A,252,120
1427680222.79,1427680223.43,B,110,120
1427680222.83,1427680223.47,A,349,105
1427680222.83,1427680223.47,B,100,105
1427680222.87,1427680223.51,A,351,87
1427680222.87,1427680223.51,B,67,87
1427680222.91,1427680223.55,A,380,87
1427680222.91,1427680223.55,B,79,87
1427680222.95,1427680223.59,A,405,85
1427680222.95,1427680223.59,B,59,85
1427680222.99,1427680223.63,A,394,84
1427680222.99,1427680223.63,B,74,84
1427680223.03,1427680223.67,A,345,81
1427680223.03,1427680223.67,B,37,81
1427680223.07,1427680223.71,A,338,77
1427680223.07,1427680223.71,B,34,77
1427680223.11,1427680223.75,A,305,76
1427680223.11,1427680223.75,B,77,76
1427680223.15,1427680223.79,A,240,61
1427680223.15,1427680223.79,B,26,61
1427680223.19,1427680223.83,A,232,57
1427680223.19,1427680223.83,B,40,57
1427680223.23,1427680223.87,A,185,48
1427680223.23,1427680223.87,B,54,48
1427680223.27,1427680223.91,A,156,33
1427680223.27,1427680223.91,B,36,33
1427680223.31,1427680223.95,A,162,32
1427680223.31,1427680223.95,B,29,32
1427680223.35,1427680223.99,A,145,24
1427680223.35,1427680223.99,B,17,24
1427680223.39,1427680224.03,A,140,24
1427680223.39,1427680224.03,B,21,24
1427680223.43,1427680224.07,A,139,24
1427680223.43,1427680224.07,B,19,24
1427680223.47,1427680224.11,A,125,24
1427680223.47,1427680224.11,B,17,24
1427680223.51,1427680224.15,A,111,22
1427680223.51,1427680224.15,B,23,22
1427680223.55,1427680224.19,A,108,22
1427680223.55,1427680224.19,B,27,22
1427680223.59,1427680224.23,A,82,20
1427680223.59,1427680224.23,B,18,20
1427680223.63,1427680224.27,A,74,17
1427680223.63,1427680224.27,B,19,17
1427680223.67,1427680224.31,A,64,16
1427680223.67,1427680224.31,B,28,16
1427680223.71,1427680224.35,A,49,13
1427680223.71,1427680224.35,B,15,13
1427680223.75,1427680224.39,A,47,10
1427680223.75,1427680224.39,B,11,10
1427680223.79,1427680224.43,A,39,9
1427680223.79,1427680224.43,B,11,9
1427680223.83,1427680224.47,A,39,9
1427680223.83,1427680224.47,B,13,9
1427680223.87,1427680224.51,A,40,9
1427680223.87,1427680224.51,B,14,9
1427680223.91,1427680224.55,A,36,9
1427680223.91,1427680224.55,B,11,9
1427680223.95,1427680224.59,A,29,8
1427680223.95,1427680224.59,B,16,8
1427680223.99,1427680224.63,A,29,9
1427680223.99,1427680224.63,B,18,9
1427680224.03,1427680224.67,A,22,8
1427680224.03,1427680224.67,B,19,8
1427680224.07,1427680224.71,A,18,7
1427680224.07,1427680224.71,B,16,7
1427680224.11,1427680224.75,A,17,7
1427680224.11,1427680224.75,B,10,7
1427680224.15,1427680224.79,A,15,7
1427680224.15,1427680224.79,B,10,7
1427680224.19,1427680224.83,A,15,7
1427680224.19,1427680224.83,B,11,7
1427680224.23,1427680224.87,A,15,6
1427680224.23,1427680224.87,B,14,6
1427680224.27,1427680224.91,A,14,7
1427680224.27,1427680224.91,B,14,7
1427680224.31,1427680224.95,A,16,7
1427680224.31,1427680224.95,B,14,7
1427680224.35,1427680224.99,A,16,7
1427680224.35,1427680224.99,B,13,7
1427680224.39,1427680225.03,A,15,7
1427680224.39,1427680225.03,B,14,7
1427680224.43,1427680225.07,A,13,7
1427680224.43,1427680225.07,B,14,7
1427680224.47,1427680225.11,A,11,6
1427680224.47,1427680225.11,B,14,6
1427680224.51,1427680225.15,A,11,6
1427680224.51,1427680225.15,B,12,6
1427680224.55,1427680225.19,A,14,5
1427680224.55,1427680225.19,B,11,5
1427680224.59,1427680225.23,A,14,5
1427680224.59,1427680225.23,B,11,5
1427680224.63,1427680225.27,A,12,5
1427680224.63,1427680225.27,B,12,5
1427680224.67,1427680225.31,A,12,5
1427680224.67,1427680225.31,B,10,5
1427680224.71,1427680225.35,A,10,4
1427680224.71,1427680225.35,B,9,4
1427680224.75,1427680225.39,A,9,4
1427680224.75,1427680225.39,B,9,4
1427680224.79,1427680225.43,A,9,4
1427680224.79,1427680225.43,B,8,4
1427680224.83,1427680225.47,A,7,4
1427680224.83,1427680225.47,B,10,4
1427680224.87,1427680225.51,A,7,4
1427680224.87,1427680225.51,B,10,4
1427680224.91,1427680225.55,A,6,4
1427680224.91,1427680225.55,B,9,4
1427680224.95,1427680225.59,A,5,4
1427680224.95,1427680225.59,B,9,4
1427680224.99,1427680225.63,A,7,4
1427680224.99,1427680225.63,B,8,4
1427680225.03,1427680225.67,A,7,3
1427680225.03,1427680225.67,B,8,3
1427680225.07,1427680225.71,A,7,3
1427680225.07,1427680225.71,B,7,3
1427680225.11,1427680225.75,A,5,4
1427680225.11,1427680225.75,B,6,4
1427680225.15,1427680225.79,A,4,5
1427680225.15,1427680225.79,B,7,5
1427680225.19,1427680225.83,A,5,5
1427680225.19,1427680225.83,B,7,5
1427680225.23,1427680225.87,A,5,5
1427680225.23,1427680225.87,B,6,5
1427680225.27,1427680225.91,A,6,5
1427680225.27,1427680225.91,B,5,5
1427680225.31,1427680225.95,A,8,5
1427680225.31,1427680225.95,B,5,5
1427680225.35,1427680225.99,A,8,5
1427680225.35,1427680225.99,B,5,5
1427680225.39,1427680226.03,A,10,5
1427680225.39,1427680226.03,B,6,5
1427680225.43,1427680226.07,A,11,5
1427680225.43,1427680226.07,B,5,5
1427680225.47,1427680226.11,A,13,6
1427680225.47,1427680226.11,B,6,6
1427680225.51,1427680226.15,A,13,6
1427680225.51,1427680226.15,B,6,6
1427680225.55,1427680226.19,A,12,6
1427680225.55,1427680226.19,B,8,6
1427680225.59,1427680226.23,A,9,6
1427680225.59,1427680226.23,B,10,6
1427680225.63,1427680226.27,A,9,6
1427680225.63,1427680226.27,B,10,6
1427680225.67,1427680226.31,A,9,6
1427680225.67,1427680226.31,B,10,6
1427680225.71,1427680226.35,A,9,6
1427680225.71,1427680226.35,B,10,6
1427680225.75,1427680226.39,A,12,6
1427680225.75,1427680226.39,B,8,6
1427680225.79,1427680226.43,A,12,6
1427680225.79,1427680226.43,B,7,6
1427680225.83,1427680226.47,A,13,6
1427680225.83,1427680226.47,B,8,6
1427680225.87,1427680226.51,A,13,6
1427680225.87,1427680226.51,B,7,6
1427680225.91,1427680226.55,A,15,6
1427680225.91,1427680226.55,B,9,6
1427680225.95,1427680226.59,A,11,6
1427680225.95,1427680226.59,B,12,6
1427680225.99,1427680226.63,A,11,6
1427680225.99,1427680226.63,B,12,6
1427680226.03,1427680226.67,A,6,6
1427680226.03,1427680226.67,B,14,6
1427680226.07,1427680226.71,A,5,6
1427680226.07,1427680226.71,B,14,6
1427680226.11,1427680226.75,A,5,6
1427680226.11,1427680226.75,B,12,6
1427680226.15,1427680226.79,A,5,5
1427680226.15,1427680226.79,B,9,5
1427680226.19,1427680226.83,A,7,5
1427680226.19,1427680226.83,B,7,5
1427680226.23,1427680226.87,A,8,5
1427680226.23,1427680226.87,B,8,5
1427680226.27,1427680226.91,A,8,5
1427680226.27,1427680226.91,B,9,5
1427680226.31,1427680226.95,A,7,5
1427680226.31,1427680226.95,B,8,5
1427680226.35,1427680226.99,A,7,5
1427680226.35,1427680226.99,B,7,5
1427680226.39,1427680227.03,A,6,5
1427680226.39,1427680227.03,B,8,5
1427680226.43,1427680227.07,A,4,4
1427680226.43,1427680227.07,B,7,4
1427680226.47,1427680227.11,A,5,4
1427680226.47,1427680227.11,B,9,4
1427680226.51,1427680227.15,A,4,4
1427680226.51,1427680227.15,B,5,4
1427680226.55,1427680227.19,A,7,4
1427680226.55,1427680227.19,B,6,4
1427680226.59,1427680227.23,A,10,4
1427680226.59,1427680227.23,B,4,4
1427680226.63,1427680227.27,A,10,4
1427680226.63,1427680227.27,B,2,4
1427680226.67,1427680227.31,A,10,4
1427680226.67,1427680227.31,B,3,4
1427680226.71,1427680227.35,A,10,4
1427680226.71,1427680227.35,B,2,4
1427680226.75,1427680227.39,A,11,4
1427680226.75,1427680227.39,B,3,4
1427680226.79,1427680227.43,A,13,4
1427680226.79,1427680227.43,B,2,4
1427680226.83,1427680227.47,A,12,4
1427680226.83,1427680227.47,B,3,4
1427680226.87,1427680227.51,A,11,4
1427680226.87,1427680227.51,B,4,4
1427680226.91,1427680227.55,A,10,4
1427680226.91,1427680227.55,B,4,4
1427680226.95,1427680227.59,A,9,4
1427680226.95,1427680227.59,B,7,4
1427680226.99,1427680227.63,A,9,5
1427680226.99,1427680227.63,B,7,5
1427680227.03,1427680227.67,A,10,5
1427680227.03,1427680227.67,B,8,5
1427680227.07,1427680227.71,A,10,5
1427680227.07,1427680227.71,B,9,5
1427680227.11,1427680227.75,A,12,5
1427680227.11,1427680227.75,B,7,5
1427680227.15,1427680227.79,A,13,5
1427680227.15,1427680227.79,B,5,5
1427680227.19,1427680227.83,A,14,5
1427680227.19,1427680227.83,B,5,5
1427680227.23,1427680227.87,A,13,5
1427680227.23,1427680227.87,B,5,5
1427680227.27,1427680227.91,A,13,5
1427680227.27,1427680227.91,B,5,5
1427680227.31,1427680227.95,A,14,5
1427680227.31,1427680227.95,B,5,5
1427680227.35,1427680227.99,A,14,5
1427680227.35,1427680227.99,B,5,5
1427680227.39,1427680228.03,A,15,5
1427680227.39,1427680228.03,B,4,5
1427680227.43,1427680228.07,A,12,5
1427680227.43,1427680228.07,B,7,5
1427680227.47,1427680228.11,A,12,5
1427680227.47,1427680228.11,B,10,5
1427680227.51,1427680228.15,A,15,6
1427680227.51,1427680228.15,B,12,6
1427680227.55,1427680228.19,A,18,6
1427680227.55,1427680228.19,B,11,6
1427680227.59,1427680228.23,A,20,6
1427680227.59,1427680228.23,B,8,6
1427680227.63,1427680228.27,A,23,6
1427680227.63,1427680228.27,B,7,6
1427680227.67,1427680228.31,A,22,6
1427680227.67,1427680228.31,B,9,6
1427680227.71,1427680228.35,A,20,7
1427680227.71,1427680228.35,B,11,7
1427680227.75,1427680228.39,A,23,7
1427680227.75,1427680228.39,B,13,7
1427680227.79,1427680228.43,A,23,7
1427680227.79,1427680228.43,B,13,7
1427680227.83,1427680228.47,A,25,7
1427680227.83,1427680228.47,B,15,7
1427680227.87,1427680228.51,A,24,7
1427680227.87,1427680228.51,B,17,7
1427680227.91,1427680228.55,A,25,7
1427680227.91,1427680228.55,B,15,7
1427680227.95,1427680228.59,A,24,7
1427680227.95,1427680228.59,B,13,7
1427680227.99,1427680228.63,A,24,7
1427680227.99,1427680228.63,B,13,7
1427680228.03,1427680228.67,A,23,7
1427680228.03,1427680228.67,B,12,7
1427680228.07,1427680228.71,A,25,7
1427680228.07,1427680228.71,B,13,7
