#targetfile:$(projectRoot)/result/result/50cm/pocket/hasc-20150330-105143-mag-pca.csv-lowpass.csv
1427680348.68,1427680349.32,B,18,6
1427680348.72,1427680349.36,B,15,6
1427680348.76,1427680349.4,B,14,6
1427680348.8,1427680349.44,A,22,6
1427680348.8,1427680349.44,B,10,6
1427680348.84,1427680349.48,A,22,5
1427680348.84,1427680349.48,B,7,5
1427680348.88,1427680349.52,A,21,5
1427680348.88,1427680349.52,B,6,5
1427680348.92,1427680349.56,A,21,5
1427680348.92,1427680349.56,B,4,5
1427680348.96,1427680349.6,A,21,5
1427680348.96,1427680349.6,B,4,5
1427680349.0,1427680349.64,A,21,5
1427680349.0,1427680349.64,B,5,5
1427680349.04,1427680349.68,A,23,5
1427680349.04,1427680349.68,B,8,5
1427680349.08,1427680349.72,A,22,5
1427680349.08,1427680349.72,B,5,5
1427680349.12,1427680349.76,A,26,6
1427680349.12,1427680349.76,B,4,6
1427680349.16,1427680349.8,A,31,6
1427680349.16,1427680349.8,B,7,6
1427680349.2,1427680349.84,A,32,7
1427680349.2,1427680349.84,B,10,7
1427680349.24,1427680349.88,A,33,7
1427680349.24,1427680349.88,B,10,7
1427680349.28,1427680349.92,A,33,7
1427680349.28,1427680349.92,B,9,7
1427680349.32,1427680349.96,A,29,7
1427680349.32,1427680349.96,B,10,7
1427680349.36,1427680350.0,A,27,7
1427680349.36,1427680350.0,B,10,7
1427680349.4,1427680350.04,A,28,8
1427680349.4,1427680350.04,B,12,8
1427680349.44,1427680350.08,A,28,9
1427680349.44,1427680350.08,B,11,9
1427680349.48,1427680350.12,A,35,9
1427680349.48,1427680350.12,B,9,9
1427680349.52,1427680350.16,A,36,9
1427680349.52,1427680350.16,B,7,9
1427680349.56,1427680350.2,A,35,9
1427680349.56,1427680350.2,B,8,9
1427680349.6,1427680350.24,A,37,9
1427680349.6,1427680350.24,B,9,9
1427680349.64,1427680350.28,A,35,11
1427680349.64,1427680350.28,B,7,11
1427680349.68,1427680350.32,A,29,9
1427680349.68,1427680350.32,B,3,9
1427680349.72,1427680350.36,A,44,15
1427680349.72,1427680350.36,B,15,15
1427680349.76,1427680350.4,A,50,18
1427680349.76,1427680350.4,B,12,18
1427680349.8,1427680350.44,A,64,26
1427680349.8,1427680350.44,B,26,26
1427680349.84,1427680350.48,A,98,29
1427680349.84,1427680350.48,B,35,29
1427680349.88,1427680350.52,A,102,27
1427680349.88,1427680350.52,B,29,27
1427680349.92,1427680350.56,A,132,32
1427680349.92,1427680350.56,B,18,32
1427680349.96,1427680350.6,A,155,32
1427680349.96,1427680350.6,B,20,32
1427680350.0,1427680350.64,A,160,34
1427680350.0,1427680350.64,B,25,34
1427680350.04,1427680350.68,A,183,42
1427680350.04,1427680350.68,B,24,42
1427680350.08,1427680350.72,A,209,46
1427680350.08,1427680350.72,B,40,46
1427680350.12,1427680350.76,A,196,47
1427680350.12,1427680350.76,B,21,47
1427680350.16,1427680350.8,A,372,131
1427680350.16,1427680350.8,B,170,131
1427680350.2,1427680350.84,A,384,135
1427680350.2,1427680350.84,B,215,135
1427680350.24,1427680350.88,A,484,149
1427680350.24,1427680350.88,B,268,149
1427680350.28,1427680350.92,A,470,150
1427680350.28,1427680350.92,B,286,150
1427680350.32,1427680350.96,A,481,152
1427680350.32,1427680350.96,B,257,152
1427680350.36,1427680351.0,A,491,152
1427680350.36,1427680351.0,B,259,152
1427680350.4,1427680351.04,A,513,159
1427680350.4,1427680351.04,B,281,159
1427680350.44,1427680351.08,A,514,162
1427680350.44,1427680351.08,B,268,162
1427680350.48,1427680351.12,A,676,184
1427680350.48,1427680351.12,B,236,184
1427680350.52,1427680351.16,A,715,191
1427680350.52,1427680351.16,B,286,191
1427680350.56,1427680351.2,A,861,200
1427680350.56,1427680351.2,B,290,200
1427680350.6,1427680351.24,A,841,207
1427680350.6,1427680351.24,B,268,207
1427680350.64,1427680351.28,A,874,212
1427680350.64,1427680351.28,B,173,212
1427680350.68,1427680351.32,A,816,211
1427680350.68,1427680351.32,B,152,211
1427680350.72,1427680351.36,A,777,217
1427680350.72,1427680351.36,B,206,217
1427680350.76,1427680351.4,A,730,233
1427680350.76,1427680351.4,B,246,233
1427680350.8,1427680351.44,A,598,215
1427680350.8,1427680351.44,B,206,215
1427680350.84,1427680351.48,A,563,232
1427680350.84,1427680351.48,B,215,232
1427680350.88,1427680351.52,A,496,209
1427680350.88,1427680351.52,B,131,209
1427680350.92,1427680351.56,A,596,206
1427680350.92,1427680351.56,B,204,206
1427680350.96,1427680351.6,A,604,207
1427680350.96,1427680351.6,B,211,207
1427680351.0,1427680351.64,A,628,216
1427680351.0,1427680351.64,B,223,216
1427680351.04,1427680351.68,A,590,224
1427680351.04,1427680351.68,B,249,224
1427680351.08,1427680351.72,A,585,226
1427680351.08,1427680351.72,B,238,226
1427680351.12,1427680351.76,A,390,222
1427680351.12,1427680351.76,B,187,222
1427680351.16,1427680351.8,A,341,209
1427680351.16,1427680351.8,B,172,209
1427680351.2,1427680351.84,A,113,156
1427680351.2,1427680351.84,B,152,156
1427680351.24,1427680351.88,A,129,157
1427680351.24,1427680351.88,B,176,157
1427680351.28,1427680351.92,A,209,128
1427680351.28,1427680351.92,B,161,128
1427680351.32,1427680351.96,A,239,136
1427680351.32,1427680351.96,B,195,136
1427680351.36,1427680352.0,A,291,128
1427680351.36,1427680352.0,B,167,128
1427680351.4,1427680352.04,A,299,129
1427680351.4,1427680352.04,B,152,129
1427680351.44,1427680352.08,A,262,131
1427680351.44,1427680352.08,B,164,131
1427680351.48,1427680352.12,A,211,106
1427680351.48,1427680352.12,B,114,106
1427680351.52,1427680352.16,A,145,109
1427680351.52,1427680352.16,B,133,109
1427680351.56,1427680352.2,A,74,67
1427680351.56,1427680352.2,B,73,67
1427680351.6,1427680352.24,A,28,64
1427680351.6,1427680352.24,B,90,64
1427680351.64,1427680352.28,A,36,47
1427680351.64,1427680352.28,B,54,47
1427680351.68,1427680352.32,A,61,44
1427680351.68,1427680352.32,B,57,44
1427680351.72,1427680352.36,A,79,44
1427680351.72,1427680352.36,B,42,44
1427680351.76,1427680352.4,A,90,39
1427680351.76,1427680352.4,B,28,39
1427680351.8,1427680352.44,A,73,38
1427680351.8,1427680352.44,B,39,38
1427680351.84,1427680352.48,A,65,35
1427680351.84,1427680352.48,B,34,35
1427680351.88,1427680352.52,A,40,29
1427680351.88,1427680352.52,B,40,29
1427680351.92,1427680352.56,A,26,23
1427680351.92,1427680352.56,B,29,23
1427680351.96,1427680352.6,A,10,17
1427680351.96,1427680352.6,B,37,17
1427680352.0,1427680352.64,A,9,18
1427680352.0,1427680352.64,B,31,18
1427680352.04,1427680352.68,A,26,16
1427680352.04,1427680352.68,B,22,16
1427680352.08,1427680352.72,A,29,14
1427680352.08,1427680352.72,B,19,14
1427680352.12,1427680352.76,A,38,12
1427680352.12,1427680352.76,B,8,12
1427680352.16,1427680352.8,A,31,12
1427680352.16,1427680352.8,B,5,12
1427680352.2,1427680352.84,A,31,11
1427680352.2,1427680352.84,B,5,11
1427680352.24,1427680352.88,A,19,11
1427680352.24,1427680352.88,B,15,11
1427680352.28,1427680352.92,A,17,10
1427680352.28,1427680352.92,B,13,10
1427680352.32,1427680352.96,A,5,8
1427680352.32,1427680352.96,B,17,8
1427680352.36,1427680353.0,A,0,7
1427680352.36,1427680353.0,B,13,7
1427680352.4,1427680353.04,A,6,7
1427680352.4,1427680353.04,B,11,7
1427680352.44,1427680353.08,A,9,7
1427680352.44,1427680353.08,B,8,7
1427680352.48,1427680353.12,A,10,6
1427680352.48,1427680353.12,B,6,6
1427680352.52,1427680353.16,A,11,6
1427680352.52,1427680353.16,B,6,6
1427680352.56,1427680353.2,A,11,6
1427680352.56,1427680353.2,B,8,6
1427680352.6,1427680353.24,A,8,7
1427680352.6,1427680353.24,B,11,7
1427680352.64,1427680353.28,A,6,6
1427680352.64,1427680353.28,B,14,6
1427680352.68,1427680353.32,A,4,6
1427680352.68,1427680353.32,B,15,6
1427680352.72,1427680353.36,A,4,6
1427680352.72,1427680353.36,B,11,6
1427680352.76,1427680353.4,A,2,6
1427680352.76,1427680353.4,B,10,6
1427680352.8,1427680353.44,A,4,6
1427680352.8,1427680353.44,B,9,6
1427680352.84,1427680353.48,A,3,6
1427680352.84,1427680353.48,B,9,6
1427680352.88,1427680353.52,A,1,6
1427680352.88,1427680353.52,B,10,6
1427680352.92,1427680353.56,A,3,6
1427680352.92,1427680353.56,B,10,6
1427680352.96,1427680353.6,A,6,6
1427680352.96,1427680353.6,B,7,6
1427680353.0,1427680353.64,A,7,6
1427680353.0,1427680353.64,B,7,6
1427680353.04,1427680353.68,A,10,6
1427680353.04,1427680353.68,B,10,6
1427680353.08,1427680353.72,A,12,6
1427680353.08,1427680353.72,B,9,6
1427680353.12,1427680353.76,A,13,6
1427680353.12,1427680353.76,B,8,6
1427680353.16,1427680353.8,A,18,5
1427680353.16,1427680353.8,B,7,5
1427680353.2,1427680353.84,A,18,5
1427680353.2,1427680353.84,B,8,5
1427680353.24,1427680353.88,A,18,4
1427680353.24,1427680353.88,B,10,4
1427680353.28,1427680353.92,A,16,5
1427680353.28,1427680353.92,B,12,5
1427680353.32,1427680353.96,A,16,5
1427680353.32,1427680353.96,B,12,5
1427680353.36,1427680354.0,A,12,4
1427680353.36,1427680354.0,B,9,4
1427680353.4,1427680354.04,A,14,4
1427680353.4,1427680354.04,B,6,4
1427680353.44,1427680354.08,A,14,5
1427680353.44,1427680354.08,B,5,5
1427680353.48,1427680354.12,A,15,5
1427680353.48,1427680354.12,B,4,5
1427680353.52,1427680354.16,A,14,5
1427680353.52,1427680354.16,B,4,5
1427680353.56,1427680354.2,A,13,4
1427680353.56,1427680354.2,B,6,4
1427680353.6,1427680354.24,A,12,4
1427680353.6,1427680354.24,B,5,4
1427680353.64,1427680354.28,A,12,5
1427680353.64,1427680354.28,B,6,5
1427680353.68,1427680354.32,A,8,5
1427680353.68,1427680354.32,B,8,5
1427680353.72,1427680354.36,A,6,6
1427680353.72,1427680354.36,B,10,6
1427680353.76,1427680354.4,A,4,6
1427680353.76,1427680354.4,B,12,6
1427680353.8,1427680354.44,A,1,6
1427680353.8,1427680354.44,B,12,6
1427680353.84,1427680354.48,A,3,6
1427680353.84,1427680354.48,B,12,6
1427680353.88,1427680354.52,A,3,6
1427680353.88,1427680354.52,B,13,6
1427680353.92,1427680354.56,A,3,6
1427680353.92,1427680354.56,B,12,6
1427680353.96,1427680354.6,A,1,5
1427680353.96,1427680354.6,B,13,5
1427680354.0,1427680354.64,A,3,6
1427680354.0,1427680354.64,B,12,6
1427680354.04,1427680354.68,A,4,6
1427680354.04,1427680354.68,B,8,6
1427680354.08,1427680354.72,A,5,6
1427680354.08,1427680354.72,B,9,6
1427680354.12,1427680354.76,A,7,6
1427680354.12,1427680354.76,B,11,6
1427680354.16,1427680354.8,A,10,7
1427680354.16,1427680354.8,B,14,7
1427680354.2,1427680354.84,A,10,7
1427680354.2,1427680354.84,B,16,7
1427680354.24,1427680354.88,A,10,7
1427680354.24,1427680354.88,B,16,7
1427680354.28,1427680354.92,A,8,7
1427680354.28,1427680354.92,B,16,7
1427680354.32,1427680354.96,A,5,7
1427680354.32,1427680354.96,B,15,7
1427680354.36,1427680355.0,A,3,7
1427680354.36,1427680355.0,B,11,7
1427680354.4,1427680355.04,A,0,7
1427680354.4,1427680355.04,B,11,7
1427680354.44,1427680355.08,A,3,6
1427680354.44,1427680355.08,B,8,6
1427680354.48,1427680355.12,A,6,7
1427680354.48,1427680355.12,B,5,7
1427680354.52,1427680355.16,A,8,7
1427680354.52,1427680355.16,B,5,7
1427680354.56,1427680355.2,A,8,8
1427680354.56,1427680355.2,B,7,8
1427680354.6,1427680355.24,A,12,10
1427680354.6,1427680355.24,B,7,10
1427680354.64,1427680355.28,A,11,10
1427680354.64,1427680355.28,B,6,10
1427680354.68,1427680355.32,A,11,9
1427680354.68,1427680355.32,B,5,9
1427680354.72,1427680355.36,A,9,9
1427680354.72,1427680355.36,B,6,9
1427680354.76,1427680355.4,A,8,9
1427680354.76,1427680355.4,B,7,9
1427680354.8,1427680355.44,A,7,9
1427680354.8,1427680355.44,B,7,9
1427680354.84,1427680355.48,A,10,9
1427680354.84,1427680355.48,B,6,9
1427680354.88,1427680355.52,A,11,9
1427680354.88,1427680355.52,B,7,9
