#targetfile:$(projectRoot)/result/result/50cm/pocket/hasc-20150330-104932-mag-pca.csv-lowpass.csv
1427680201.01,1427680201.65,A,16,5
1427680201.05,1427680201.69,A,18,5
1427680201.09,1427680201.73,A,22,6
1427680201.13,1427680201.77,A,24,7
1427680201.17,1427680201.81,A,28,7
1427680201.21,1427680201.85,A,29,7
1427680201.25,1427680201.89,A,33,8
1427680201.29,1427680201.93,A,34,8
1427680201.33,1427680201.97,A,33,8
1427680201.37,1427680202.01,A,39,9
1427680201.41,1427680202.05,A,41,9
1427680201.45,1427680202.09,A,44,10
1427680201.49,1427680202.13,A,57,13
1427680201.53,1427680202.17,A,60,15
1427680201.57,1427680202.21,A,74,18
1427680201.61,1427680202.25,A,84,17
1427680201.65,1427680202.29,A,88,19
1427680201.69,1427680202.33,A,105,19
1427680201.73,1427680202.37,A,109,18
1427680201.77,1427680202.41,A,119,21
1427680201.81,1427680202.45,A,156,33
1427680201.81,1427680202.45,B,30,33
1427680201.85,1427680202.49,A,164,34
1427680201.85,1427680202.49,B,40,34
1427680201.89,1427680202.53,A,222,52
1427680201.89,1427680202.53,B,63,52
1427680201.93,1427680202.57,A,253,46
1427680201.93,1427680202.57,B,38,46
1427680201.97,1427680202.61,A,300,86
1427680201.97,1427680202.61,B,59,86
1427680202.01,1427680202.65,A,408,91
1427680202.01,1427680202.65,B,82,91
1427680202.05,1427680202.69,A,397,112
1427680202.05,1427680202.69,B,136,112
1427680202.09,1427680202.73,A,512,126
1427680202.09,1427680202.73,B,111,126
1427680202.13,1427680202.77,A,510,125
1427680202.13,1427680202.77,B,112,125
1427680202.17,1427680202.81,A,558,128
1427680202.17,1427680202.81,B,70,128
1427680202.21,1427680202.85,A,629,131
1427680202.21,1427680202.85,B,69,131
1427680202.25,1427680202.89,A,658,158
1427680202.25,1427680202.89,B,127,158
1427680202.29,1427680202.93,A,815,185
1427680202.29,1427680202.93,B,263,185
1427680202.33,1427680202.97,A,876,195
1427680202.33,1427680202.97,B,233,195
1427680202.37,1427680203.01,A,1028,268
1427680202.37,1427680203.01,B,307,268
1427680202.41,1427680203.05,A,1055,296
1427680202.41,1427680203.05,B,316,296
1427680202.45,1427680203.09,A,1059,305
1427680202.45,1427680203.09,B,320,305
1427680202.49,1427680203.13,A,1038,308
1427680202.49,1427680203.13,B,300,308
1427680202.53,1427680203.17,A,926,306
1427680202.53,1427680203.17,B,219,306
1427680202.57,1427680203.21,A,899,302
1427680202.57,1427680203.21,B,216,302
1427680202.61,1427680203.25,A,817,294
1427680202.61,1427680203.25,B,138,294
1427680202.65,1427680203.29,A,819,294
1427680202.65,1427680203.29,B,145,294
1427680202.69,1427680203.33,A,874,298
1427680202.69,1427680203.33,B,123,298
1427680202.73,1427680203.37,A,832,302
1427680202.73,1427680203.37,B,187,302
1427680202.77,1427680203.41,A,909,313
1427680202.77,1427680203.41,B,126,313
1427680202.81,1427680203.45,A,841,309
1427680202.81,1427680203.45,B,162,309
1427680202.85,1427680203.49,A,844,301
1427680202.85,1427680203.49,B,64,301
1427680202.89,1427680203.53,A,819,305
1427680202.89,1427680203.53,B,119,305
1427680202.93,1427680203.57,A,701,291
1427680202.93,1427680203.57,B,257,291
1427680202.97,1427680203.61,A,727,278
1427680202.97,1427680203.61,B,223,278
1427680203.01,1427680203.65,A,504,249
1427680203.01,1427680203.65,B,263,249
1427680203.05,1427680203.69,A,454,231
1427680203.05,1427680203.69,B,279,231
1427680203.09,1427680203.73,A,249,202
1427680203.09,1427680203.73,B,267,202
1427680203.13,1427680203.77,A,223,187
1427680203.13,1427680203.77,B,252,187
1427680203.17,1427680203.81,A,179,165
1427680203.17,1427680203.81,B,188,165
1427680203.21,1427680203.85,A,255,171
1427680203.21,1427680203.85,B,200,171
1427680203.25,1427680203.89,A,274,170
1427680203.25,1427680203.89,B,189,170
1427680203.29,1427680203.93,A,347,156
1427680203.29,1427680203.93,B,147,156
1427680203.33,1427680203.97,A,265,139
1427680203.33,1427680203.97,B,192,139
1427680203.37,1427680204.01,A,275,134
1427680203.37,1427680204.01,B,173,134
1427680203.41,1427680204.05,A,166,99
1427680203.41,1427680204.05,B,143,99
1427680203.45,1427680204.09,A,145,81
1427680203.45,1427680204.09,B,132,81
1427680203.49,1427680204.13,A,52,64
1427680203.49,1427680204.13,B,99,64
1427680203.53,1427680204.17,A,42,51
1427680203.53,1427680204.17,B,85,51
1427680203.57,1427680204.21,A,49,40
1427680203.57,1427680204.21,B,57,40
1427680203.61,1427680204.25,A,73,40
1427680203.61,1427680204.25,B,58,40
1427680203.65,1427680204.29,A,72,42
1427680203.65,1427680204.29,B,59,42
1427680203.69,1427680204.33,A,86,34
1427680203.69,1427680204.33,B,39,34
1427680203.73,1427680204.37,A,56,32
1427680203.73,1427680204.37,B,46,32
1427680203.77,1427680204.41,A,54,22
1427680203.77,1427680204.41,B,38,22
1427680203.81,1427680204.45,A,28,20
1427680203.81,1427680204.45,B,36,20
1427680203.85,1427680204.49,A,23,17
1427680203.85,1427680204.49,B,27,17
1427680203.89,1427680204.53,A,11,12
1427680203.89,1427680204.53,B,16,12
1427680203.93,1427680204.57,A,14,12
1427680203.93,1427680204.57,B,15,12
1427680203.97,1427680204.61,A,21,10
1427680203.97,1427680204.61,B,9,10
1427680204.01,1427680204.65,A,24,10
1427680204.01,1427680204.65,B,7,10
1427680204.05,1427680204.69,A,20,10
1427680204.05,1427680204.69,B,7,10
1427680204.09,1427680204.73,A,20,9
1427680204.09,1427680204.73,B,9,9
1427680204.13,1427680204.77,A,14,8
1427680204.13,1427680204.77,B,13,8
1427680204.17,1427680204.81,A,10,8
1427680204.17,1427680204.81,B,13,8
1427680204.21,1427680204.85,A,6,7
1427680204.21,1427680204.85,B,13,7
1427680204.25,1427680204.89,A,3,6
1427680204.25,1427680204.89,B,10,6
1427680204.29,1427680204.93,A,3,5
1427680204.29,1427680204.93,B,7,5
1427680204.33,1427680204.97,A,3,6
1427680204.33,1427680204.97,B,7,6
1427680204.37,1427680205.01,A,8,5
1427680204.37,1427680205.01,B,3,5
1427680204.41,1427680205.05,A,7,5
1427680204.41,1427680205.05,B,2,5
1427680204.45,1427680205.09,A,7,4
1427680204.45,1427680205.09,B,1,4
1427680204.49,1427680205.13,A,5,4
1427680204.49,1427680205.13,B,2,4
1427680204.53,1427680205.17,A,5,4
1427680204.53,1427680205.17,B,2,4
1427680204.57,1427680205.21,A,2,4
1427680204.57,1427680205.21,B,2,4
1427680204.61,1427680205.25,A,2,4
1427680204.61,1427680205.25,B,2,4
1427680204.65,1427680205.29,A,0,4
1427680204.65,1427680205.29,B,1,4
1427680204.69,1427680205.33,A,0,3
1427680204.69,1427680205.33,B,2,3
1427680204.73,1427680205.37,A,2,4
1427680204.73,1427680205.37,B,3,4
1427680204.77,1427680205.41,A,3,4
1427680204.77,1427680205.41,B,4,4
1427680204.81,1427680205.45,A,6,4
1427680204.81,1427680205.45,B,5,4
1427680204.85,1427680205.49,A,5,4
1427680204.85,1427680205.49,B,6,4
1427680204.89,1427680205.53,A,4,4
1427680204.89,1427680205.53,B,8,4
1427680204.93,1427680205.57,A,3,4
1427680204.93,1427680205.57,B,9,4
1427680204.97,1427680205.61,A,4,4
1427680204.97,1427680205.61,B,12,4
1427680205.01,1427680205.65,A,4,4
1427680205.01,1427680205.65,B,10,4
1427680205.05,1427680205.69,A,6,4
1427680205.05,1427680205.69,B,8,4
1427680205.09,1427680205.73,A,6,4
1427680205.09,1427680205.73,B,7,4
1427680205.13,1427680205.77,A,5,4
1427680205.13,1427680205.77,B,6,4
1427680205.17,1427680205.81,A,3,4
1427680205.17,1427680205.81,B,7,4
1427680205.21,1427680205.85,A,3,4
1427680205.21,1427680205.85,B,6,4
1427680205.25,1427680205.89,A,1,3
1427680205.25,1427680205.89,B,5,3
1427680205.29,1427680205.93,A,1,3
1427680205.29,1427680205.93,B,6,3
1427680205.33,1427680205.97,A,2,3
1427680205.33,1427680205.97,B,6,3
1427680205.37,1427680206.01,A,3,3
1427680205.37,1427680206.01,B,6,3
1427680205.41,1427680206.05,A,2,3
1427680205.41,1427680206.05,B,7,3
1427680205.45,1427680206.09,A,2,3
1427680205.45,1427680206.09,B,7,3
1427680205.49,1427680206.13,A,1,3
1427680205.49,1427680206.13,B,7,3
1427680205.53,1427680206.17,A,1,2
1427680205.53,1427680206.17,B,8,2
1427680205.57,1427680206.21,A,1,2
1427680205.57,1427680206.21,B,7,2
1427680205.61,1427680206.25,A,3,2
1427680205.61,1427680206.25,B,7,2
1427680205.65,1427680206.29,A,4,2
1427680205.65,1427680206.29,B,7,2
1427680205.69,1427680206.33,A,4,2
1427680205.69,1427680206.33,B,6,2
1427680205.73,1427680206.37,A,4,2
1427680205.73,1427680206.37,B,6,2
1427680205.77,1427680206.41,A,3,3
1427680205.77,1427680206.41,B,6,3
1427680205.81,1427680206.45,A,2,3
1427680205.81,1427680206.45,B,6,3
1427680205.85,1427680206.49,A,2,3
1427680205.85,1427680206.49,B,6,3
1427680205.89,1427680206.53,A,2,3
1427680205.89,1427680206.53,B,6,3
1427680205.93,1427680206.57,A,2,3
1427680205.93,1427680206.57,B,6,3
1427680205.97,1427680206.61,A,1,3
1427680205.97,1427680206.61,B,6,3
1427680206.01,1427680206.65,A,3,3
1427680206.01,1427680206.65,B,6,3
1427680206.05,1427680206.69,A,3,3
1427680206.05,1427680206.69,B,5,3
1427680206.09,1427680206.73,A,3,3
1427680206.09,1427680206.73,B,5,3
1427680206.13,1427680206.77,A,4,3
1427680206.13,1427680206.77,B,6,3
1427680206.17,1427680206.81,A,4,3
1427680206.17,1427680206.81,B,6,3
1427680206.21,1427680206.85,A,6,3
1427680206.21,1427680206.85,B,5,3
1427680206.25,1427680206.89,A,5,4
1427680206.25,1427680206.89,B,5,4
1427680206.29,1427680206.93,A,5,4
1427680206.29,1427680206.93,B,6,4
1427680206.33,1427680206.97,A,6,4
1427680206.33,1427680206.97,B,5,4
1427680206.37,1427680207.01,A,6,4
1427680206.37,1427680207.01,B,6,4
1427680206.41,1427680207.05,A,7,4
1427680206.41,1427680207.05,B,6,4
1427680206.45,1427680207.09,A,6,4
1427680206.45,1427680207.09,B,7,4
1427680206.49,1427680207.13,A,6,4
1427680206.49,1427680207.13,B,7,4
1427680206.53,1427680207.17,A,6,4
1427680206.53,1427680207.17,B,8,4
1427680206.57,1427680207.21,A,7,4
1427680206.57,1427680207.21,B,10,4
1427680206.61,1427680207.25,A,6,4
1427680206.61,1427680207.25,B,10,4
1427680206.65,1427680207.29,A,6,3
1427680206.65,1427680207.29,B,10,3
1427680206.69,1427680207.33,A,7,3
1427680206.69,1427680207.33,B,11,3
1427680206.73,1427680207.37,A,6,4
1427680206.73,1427680207.37,B,12,4
1427680206.77,1427680207.41,A,7,4
1427680206.77,1427680207.41,B,12,4
1427680206.81,1427680207.45,A,6,4
1427680206.81,1427680207.45,B,13,4
1427680206.85,1427680207.49,A,7,3
1427680206.85,1427680207.49,B,11,3
1427680206.89,1427680207.53,A,5,3
1427680206.89,1427680207.53,B,10,3
1427680206.93,1427680207.57,A,5,3
1427680206.93,1427680207.57,B,10,3
1427680206.97,1427680207.61,A,8,4
1427680206.97,1427680207.61,B,7,4
1427680207.01,1427680207.65,A,7,3
1427680207.01,1427680207.65,B,6,3
1427680207.05,1427680207.69,A,8,4
1427680207.05,1427680207.69,B,8,4
1427680207.09,1427680207.73,A,11,4
1427680207.09,1427680207.73,B,8,4
1427680207.13,1427680207.77,A,11,4
1427680207.13,1427680207.77,B,8,4
1427680207.17,1427680207.81,A,15,5
1427680207.17,1427680207.81,B,7,5
1427680207.21,1427680207.85,A,14,5
1427680207.21,1427680207.85,B,5,5
1427680207.25,1427680207.89,A,14,5
1427680207.25,1427680207.89,B,4,5
1427680207.29,1427680207.93,A,13,6
1427680207.29,1427680207.93,B,6,6
1427680207.33,1427680207.97,A,13,6
1427680207.33,1427680207.97,B,7,6
1427680207.37,1427680208.01,A,11,7
1427680207.37,1427680208.01,B,7,7
1427680207.41,1427680208.05,A,4,7
1427680207.41,1427680208.05,B,5,7
1427680207.45,1427680208.09,A,4,7
1427680207.45,1427680208.09,B,8,7
1427680207.49,1427680208.13,A,12,11
1427680207.49,1427680208.13,B,14,11
1427680207.53,1427680208.17,A,15,14
1427680207.53,1427680208.17,B,23,14
1427680207.57,1427680208.21,A,15,14
1427680207.57,1427680208.21,B,24,14
1427680207.61,1427680208.25,A,15,14
1427680207.61,1427680208.25,B,26,14
1427680207.65,1427680208.29,A,13,14
1427680207.65,1427680208.29,B,25,14
1427680207.69,1427680208.33,A,15,14
1427680207.69,1427680208.33,B,24,14
1427680207.73,1427680208.37,A,16,14
1427680207.73,1427680208.37,B,26,14
1427680207.77,1427680208.41,A,17,14
1427680207.77,1427680208.41,B,26,14
1427680207.81,1427680208.45,A,20,14
1427680207.81,1427680208.45,B,23,14
1427680207.85,1427680208.49,A,20,14
1427680207.85,1427680208.49,B,25,14
1427680207.89,1427680208.53,A,22,14
1427680207.89,1427680208.53,B,25,14
1427680207.93,1427680208.57,A,22,14
1427680207.93,1427680208.57,B,23,14
1427680207.97,1427680208.61,A,19,14
1427680207.97,1427680208.61,B,24,14
1427680208.01,1427680208.65,A,14,13
1427680208.01,1427680208.65,B,28,13
