#targetfile:$(projectRoot)/result/result/50cm/pocket/hasc-20150330-105239-mag-pca.csv-lowpass.csv
1427680364.77,1427680365.41,B,10,4
1427680364.81,1427680365.45,B,8,4
1427680364.85,1427680365.49,B,6,4
1427680364.89,1427680365.53,B,5,4
1427680364.93,1427680365.57,B,7,4
1427680364.97,1427680365.61,B,9,4
1427680365.01,1427680365.65,B,10,4
1427680365.05,1427680365.69,B,9,4
1427680365.09,1427680365.73,B,8,4
1427680365.13,1427680365.77,B,8,4
1427680365.17,1427680365.81,B,9,4
1427680365.21,1427680365.85,B,9,4
1427680365.25,1427680365.89,B,9,4
1427680365.29,1427680365.93,B,7,4
1427680365.33,1427680365.97,B,6,4
1427680365.37,1427680366.01,B,8,4
1427680365.41,1427680366.05,B,8,4
1427680365.45,1427680366.09,B,4,4
1427680365.49,1427680366.13,A,13,4
1427680365.49,1427680366.13,B,3,4
1427680365.53,1427680366.17,A,14,4
1427680365.53,1427680366.17,B,4,4
1427680365.57,1427680366.21,A,15,4
1427680365.57,1427680366.21,B,3,4
1427680365.61,1427680366.25,A,15,4
1427680365.61,1427680366.25,B,2,4
1427680365.65,1427680366.29,A,15,4
1427680365.65,1427680366.29,B,1,4
1427680365.69,1427680366.33,A,15,4
1427680365.69,1427680366.33,B,2,4
1427680365.73,1427680366.37,A,15,4
1427680365.73,1427680366.37,B,2,4
1427680365.77,1427680366.41,A,13,5
1427680365.77,1427680366.41,B,3,5
1427680365.81,1427680366.45,A,14,5
1427680365.81,1427680366.45,B,4,5
1427680365.85,1427680366.49,A,14,5
1427680365.85,1427680366.49,B,4,5
1427680365.89,1427680366.53,A,15,5
1427680365.89,1427680366.53,B,4,5
1427680365.93,1427680366.57,A,16,5
1427680365.93,1427680366.57,B,6,5
1427680365.97,1427680366.61,A,15,5
1427680365.97,1427680366.61,B,7,5
1427680366.01,1427680366.65,A,14,5
1427680366.01,1427680366.65,B,8,5
1427680366.05,1427680366.69,A,14,5
1427680366.05,1427680366.69,B,6,5
1427680366.09,1427680366.73,A,9,5
1427680366.09,1427680366.73,B,8,5
1427680366.13,1427680366.77,A,8,5
1427680366.13,1427680366.77,B,9,5
1427680366.17,1427680366.81,A,7,5
1427680366.17,1427680366.81,B,11,5
1427680366.21,1427680366.85,A,6,5
1427680366.21,1427680366.85,B,9,5
1427680366.25,1427680366.89,A,9,6
1427680366.25,1427680366.89,B,6,6
1427680366.29,1427680366.93,A,11,6
1427680366.29,1427680366.93,B,8,6
1427680366.33,1427680366.97,A,12,6
1427680366.33,1427680366.97,B,10,6
1427680366.37,1427680367.01,A,11,6
1427680366.37,1427680367.01,B,11,6
1427680366.41,1427680367.05,A,11,6
1427680366.41,1427680367.05,B,12,6
1427680366.45,1427680367.09,A,8,6
1427680366.45,1427680367.09,B,11,6
1427680366.49,1427680367.13,A,8,6
1427680366.49,1427680367.13,B,8,6
1427680366.53,1427680367.17,A,4,5
1427680366.53,1427680367.17,B,8,5
1427680366.57,1427680367.21,A,3,5
1427680366.57,1427680367.21,B,10,5
1427680366.61,1427680367.25,A,2,5
1427680366.61,1427680367.25,B,10,5
1427680366.65,1427680367.29,A,3,5
1427680366.65,1427680367.29,B,7,5
1427680366.69,1427680367.33,A,3,5
1427680366.69,1427680367.33,B,8,5
1427680366.73,1427680367.37,A,6,5
1427680366.73,1427680367.37,B,9,5
1427680366.77,1427680367.41,A,6,6
1427680366.77,1427680367.41,B,12,6
1427680366.81,1427680367.45,A,6,7
1427680366.81,1427680367.45,B,12,7
1427680366.85,1427680367.49,A,8,7
1427680366.85,1427680367.49,B,11,7
1427680366.89,1427680367.53,A,6,8
1427680366.89,1427680367.53,B,12,8
1427680366.93,1427680367.57,A,8,7
1427680366.93,1427680367.57,B,9,7
1427680366.97,1427680367.61,A,5,6
1427680366.97,1427680367.61,B,11,6
1427680367.01,1427680367.65,A,6,6
1427680367.01,1427680367.65,B,10,6
1427680367.05,1427680367.69,A,3,7
1427680367.05,1427680367.69,B,6,7
1427680367.09,1427680367.73,A,1,7
1427680367.09,1427680367.73,B,8,7
1427680367.13,1427680367.77,A,5,8
1427680367.13,1427680367.77,B,9,8
1427680367.17,1427680367.81,A,6,8
1427680367.17,1427680367.81,B,7,8
1427680367.21,1427680367.85,A,16,11
1427680367.21,1427680367.85,B,15,11
1427680367.25,1427680367.89,A,15,10
1427680367.25,1427680367.89,B,18,10
1427680367.29,1427680367.93,A,19,10
1427680367.29,1427680367.93,B,17,10
1427680367.33,1427680367.97,A,17,10
1427680367.33,1427680367.97,B,18,10
1427680367.37,1427680368.01,A,17,10
1427680367.37,1427680368.01,B,15,10
1427680367.41,1427680368.05,A,6,11
1427680367.41,1427680368.05,B,15,11
1427680367.45,1427680368.09,A,3,11
1427680367.45,1427680368.09,B,14,11
1427680367.49,1427680368.13,A,12,12
1427680367.49,1427680368.13,B,13,12
1427680367.53,1427680368.17,A,16,13
1427680367.53,1427680368.17,B,12,13
1427680367.57,1427680368.21,A,35,16
1427680367.57,1427680368.21,B,13,16
1427680367.61,1427680368.25,A,34,18
1427680367.61,1427680368.25,B,18,18
1427680367.65,1427680368.29,A,48,18
1427680367.65,1427680368.29,B,16,18
1427680367.69,1427680368.33,A,42,22
1427680367.69,1427680368.33,B,27,22
1427680367.73,1427680368.37,A,46,23
1427680367.73,1427680368.37,B,29,23
1427680367.77,1427680368.41,A,27,26
1427680367.77,1427680368.41,B,42,26
1427680367.81,1427680368.45,A,33,29
1427680367.81,1427680368.45,B,37,29
1427680367.85,1427680368.49,A,32,37
1427680367.85,1427680368.49,B,53,37
1427680367.89,1427680368.53,A,43,40
1427680367.89,1427680368.53,B,51,40
1427680367.93,1427680368.57,A,76,46
1427680367.93,1427680368.57,B,56,46
1427680367.97,1427680368.61,A,83,47
1427680367.97,1427680368.61,B,51,47
1427680368.01,1427680368.65,A,96,45
1427680368.01,1427680368.65,B,40,45
1427680368.05,1427680368.69,A,103,46
1427680368.05,1427680368.69,B,26,46
1427680368.09,1427680368.73,A,101,63
1427680368.09,1427680368.73,B,49,63
1427680368.13,1427680368.77,A,37,77
1427680368.13,1427680368.77,B,102,77
1427680368.17,1427680368.81,A,39,76
1427680368.17,1427680368.81,B,99,76
1427680368.21,1427680368.85,A,59,84
1427680368.21,1427680368.85,B,149,84
1427680368.25,1427680368.89,A,106,96
1427680368.25,1427680368.89,B,131,96
1427680368.29,1427680368.93,A,164,109
1427680368.29,1427680368.93,B,130,109
1427680368.33,1427680368.97,A,199,110
1427680368.33,1427680368.97,B,103,110
1427680368.37,1427680369.01,A,221,108
1427680368.37,1427680369.01,B,116,108
1427680368.41,1427680369.05,A,218,106
1427680368.41,1427680369.05,B,116,106
1427680368.45,1427680369.09,A,198,109
1427680368.45,1427680369.09,B,90,109
1427680368.49,1427680369.13,A,180,107
1427680368.49,1427680369.13,B,81,107
1427680368.53,1427680369.17,A,132,129
1427680368.53,1427680369.17,B,114,129
1427680368.57,1427680369.21,A,74,152
1427680368.57,1427680369.21,B,198,152
1427680368.61,1427680369.25,A,99,150
1427680368.61,1427680369.25,B,231,150
1427680368.65,1427680369.29,A,111,153
1427680368.65,1427680369.29,B,212,153
1427680368.69,1427680369.33,A,175,145
1427680368.69,1427680369.33,B,151,145
1427680368.73,1427680369.37,A,154,144
1427680368.73,1427680369.37,B,169,144
1427680368.77,1427680369.41,A,142,151
1427680368.77,1427680369.41,B,207,151
1427680368.81,1427680369.45,A,113,147
1427680368.81,1427680369.45,B,194,147
1427680368.85,1427680369.49,A,187,159
1427680368.85,1427680369.49,B,203,159
1427680368.89,1427680369.53,A,241,157
1427680368.89,1427680369.53,B,140,157
1427680368.93,1427680369.57,A,277,159
1427680368.93,1427680369.57,B,139,159
1427680368.97,1427680369.61,A,365,153
1427680368.97,1427680369.61,B,107,153
1427680369.01,1427680369.65,A,371,150
1427680369.01,1427680369.65,B,122,150
1427680369.05,1427680369.69,A,370,150
1427680369.05,1427680369.69,B,118,150
1427680369.09,1427680369.73,A,361,150
1427680369.09,1427680369.73,B,129,150
1427680369.13,1427680369.77,A,362,150
1427680369.13,1427680369.77,B,129,150
1427680369.17,1427680369.81,A,249,143
1427680369.17,1427680369.81,B,88,143
1427680369.21,1427680369.85,A,220,115
1427680369.21,1427680369.85,B,112,115
1427680369.25,1427680369.89,A,179,103
1427680369.25,1427680369.89,B,116,103
1427680369.29,1427680369.93,A,140,84
1427680369.29,1427680369.93,B,62,84
1427680369.33,1427680369.97,A,227,73
1427680369.33,1427680369.97,B,81,73
1427680369.37,1427680370.01,A,243,68
1427680369.37,1427680370.01,B,46,68
1427680369.41,1427680370.05,A,243,66
1427680369.41,1427680370.05,B,42,66
1427680369.45,1427680370.09,A,243,65
1427680369.45,1427680370.09,B,44,65
1427680369.49,1427680370.13,A,240,69
1427680369.49,1427680370.13,B,60,69
1427680369.53,1427680370.17,A,187,66
1427680369.53,1427680370.17,B,57,66
1427680369.57,1427680370.21,A,153,57
1427680369.57,1427680370.21,B,33,57
1427680369.61,1427680370.25,A,141,55
1427680369.61,1427680370.25,B,53,55
1427680369.65,1427680370.29,A,91,54
1427680369.65,1427680370.29,B,60,54
1427680369.69,1427680370.33,A,62,33
1427680369.69,1427680370.33,B,33,33
1427680369.73,1427680370.37,A,79,31
1427680369.73,1427680370.37,B,38,31
1427680369.77,1427680370.41,A,75,21
1427680369.77,1427680370.41,B,20,21
1427680369.81,1427680370.45,A,77,21
1427680369.81,1427680370.45,B,18,21
1427680369.85,1427680370.49,A,86,21
1427680369.85,1427680370.49,B,9,21
1427680369.89,1427680370.53,A,83,21
1427680369.89,1427680370.53,B,17,21
1427680369.93,1427680370.57,A,66,20
1427680369.93,1427680370.57,B,16,20
1427680369.97,1427680370.61,A,60,18
1427680369.97,1427680370.61,B,12,18
1427680370.01,1427680370.65,A,48,16
1427680370.01,1427680370.65,B,14,16
1427680370.05,1427680370.69,A,33,13
1427680370.05,1427680370.69,B,15,13
1427680370.09,1427680370.73,A,33,13
1427680370.09,1427680370.73,B,16,13
1427680370.13,1427680370.77,A,29,11
1427680370.13,1427680370.77,B,5,11
1427680370.17,1427680370.81,A,24,10
1427680370.17,1427680370.81,B,6,10
1427680370.21,1427680370.85,A,25,10
1427680370.21,1427680370.85,B,7,10
1427680370.25,1427680370.89,A,23,10
1427680370.25,1427680370.89,B,10,10
1427680370.29,1427680370.93,A,13,10
1427680370.29,1427680370.93,B,18,10
1427680370.33,1427680370.97,A,12,9
1427680370.33,1427680370.97,B,12,9
1427680370.37,1427680371.01,A,4,8
1427680370.37,1427680371.01,B,8,8
1427680370.41,1427680371.05,A,5,7
1427680370.41,1427680371.05,B,13,7
1427680370.45,1427680371.09,A,6,8
1427680370.45,1427680371.09,B,13,8
1427680370.49,1427680371.13,A,11,6
1427680370.49,1427680371.13,B,10,6
1427680370.53,1427680371.17,A,12,5
1427680370.53,1427680371.17,B,7,5
1427680370.57,1427680371.21,A,12,5
1427680370.57,1427680371.21,B,7,5
1427680370.61,1427680371.25,A,8,5
1427680370.61,1427680371.25,B,5,5
1427680370.65,1427680371.29,A,10,6
1427680370.65,1427680371.29,B,7,6
1427680370.69,1427680371.33,A,9,5
1427680370.69,1427680371.33,B,6,5
1427680370.73,1427680371.37,A,8,5
1427680370.73,1427680371.37,B,6,5
1427680370.77,1427680371.41,A,10,5
1427680370.77,1427680371.41,B,4,5
1427680370.81,1427680371.45,A,11,5
1427680370.81,1427680371.45,B,6,5
1427680370.85,1427680371.49,A,13,5
1427680370.85,1427680371.49,B,7,5
1427680370.89,1427680371.53,A,12,4
1427680370.89,1427680371.53,B,6,4
1427680370.93,1427680371.57,A,12,4
1427680370.93,1427680371.57,B,5,4
1427680370.97,1427680371.61,A,9,4
1427680370.97,1427680371.61,B,7,4
1427680371.01,1427680371.65,A,10,4
1427680371.01,1427680371.65,B,9,4
1427680371.05,1427680371.69,A,10,4
1427680371.05,1427680371.69,B,8,4
1427680371.09,1427680371.73,A,8,4
1427680371.09,1427680371.73,B,8,4
1427680371.13,1427680371.77,A,7,4
1427680371.13,1427680371.77,B,8,4
1427680371.17,1427680371.81,A,7,4
1427680371.17,1427680371.81,B,8,4
1427680371.21,1427680371.85,A,7,4
1427680371.21,1427680371.85,B,7,4
1427680371.25,1427680371.89,A,8,4
1427680371.25,1427680371.89,B,7,4
1427680371.29,1427680371.93,A,5,4
1427680371.29,1427680371.93,B,7,4
1427680371.33,1427680371.97,A,5,4
1427680371.33,1427680371.97,B,7,4
1427680371.37,1427680372.01,A,4,4
1427680371.37,1427680372.01,B,6,4
1427680371.41,1427680372.05,A,4,4
1427680371.41,1427680372.05,B,7,4
1427680371.45,1427680372.09,A,4,4
1427680371.45,1427680372.09,B,8,4
1427680371.49,1427680372.13,A,2,4
1427680371.49,1427680372.13,B,8,4
1427680371.53,1427680372.17,A,4,4
1427680371.53,1427680372.17,B,7,4
1427680371.57,1427680372.21,A,3,4
1427680371.57,1427680372.21,B,8,4
1427680371.61,1427680372.25,A,5,4
1427680371.61,1427680372.25,B,9,4
1427680371.65,1427680372.29,A,5,4
1427680371.65,1427680372.29,B,9,4
1427680371.69,1427680372.33,A,7,4
1427680371.69,1427680372.33,B,5,4
1427680371.73,1427680372.37,A,6,4
1427680371.73,1427680372.37,B,4,4
1427680371.77,1427680372.41,A,5,4
1427680371.77,1427680372.41,B,5,4
1427680371.81,1427680372.45,A,7,4
1427680371.81,1427680372.45,B,6,4
1427680371.85,1427680372.49,A,7,4
1427680371.85,1427680372.49,B,7,4
1427680371.89,1427680372.53,A,8,3
1427680371.89,1427680372.53,B,8,3
1427680371.93,1427680372.57,A,8,3
1427680371.93,1427680372.57,B,8,3
1427680371.97,1427680372.61,A,9,4
1427680371.97,1427680372.61,B,6,4
1427680372.01,1427680372.65,A,6,4
1427680372.01,1427680372.65,B,7,4
1427680372.05,1427680372.69,A,6,4
1427680372.05,1427680372.69,B,6,4
1427680372.09,1427680372.73,A,5,4
1427680372.09,1427680372.73,B,4,4
1427680372.13,1427680372.77,A,4,4
1427680372.13,1427680372.77,B,5,4
1427680372.17,1427680372.81,A,6,4
1427680372.17,1427680372.81,B,4,4
1427680372.21,1427680372.85,A,3,4
1427680372.21,1427680372.85,B,6,4
1427680372.25,1427680372.89,A,5,4
1427680372.25,1427680372.89,B,5,4
1427680372.29,1427680372.93,A,4,4
1427680372.29,1427680372.93,B,5,4
1427680372.33,1427680372.97,A,4,4
1427680372.33,1427680372.97,B,5,4
1427680372.37,1427680373.01,A,6,4
1427680372.37,1427680373.01,B,5,4
1427680372.41,1427680373.05,A,7,4
1427680372.41,1427680373.05,B,7,4
1427680372.45,1427680373.09,A,9,4
1427680372.45,1427680373.09,B,9,4
1427680372.49,1427680373.13,A,8,4
1427680372.49,1427680373.13,B,10,4
1427680372.53,1427680373.17,A,8,4
1427680372.53,1427680373.17,B,11,4
1427680372.57,1427680373.21,A,12,5
1427680372.57,1427680373.21,B,13,5
1427680372.61,1427680373.25,A,11,4
1427680372.61,1427680373.25,B,12,4
1427680372.65,1427680373.29,A,10,4
1427680372.65,1427680373.29,B,11,4
1427680372.69,1427680373.33,A,11,5
1427680372.69,1427680373.33,B,11,5
1427680372.73,1427680373.37,A,12,5
1427680372.73,1427680373.37,B,13,5
1427680372.77,1427680373.41,A,10,5
1427680372.77,1427680373.41,B,13,5
1427680372.81,1427680373.45,A,11,5
1427680372.81,1427680373.45,B,12,5
1427680372.85,1427680373.49,A,10,5
1427680372.85,1427680373.49,B,13,5
1427680372.89,1427680373.53,A,11,5
1427680372.89,1427680373.53,B,13,5
1427680372.93,1427680373.57,A,11,4
1427680372.93,1427680373.57,B,13,4
1427680372.97,1427680373.61,A,10,4
1427680372.97,1427680373.61,B,13,4
1427680373.01,1427680373.65,A,8,5
1427680373.01,1427680373.65,B,12,5
1427680373.05,1427680373.69,A,8,4
1427680373.05,1427680373.69,B,10,4
1427680373.09,1427680373.73,A,6,4
1427680373.09,1427680373.73,B,10,4
1427680373.13,1427680373.77,A,6,4
1427680373.13,1427680373.77,B,10,4
1427680373.17,1427680373.81,A,6,4
1427680373.17,1427680373.81,B,9,4
1427680373.21,1427680373.85,A,2,3
1427680373.21,1427680373.85,B,8,3
1427680373.25,1427680373.89,A,2,4
1427680373.25,1427680373.89,B,7,4
1427680373.29,1427680373.93,A,1,4
1427680373.29,1427680373.93,B,7,4
1427680373.33,1427680373.97,A,2,4
1427680373.33,1427680373.97,B,7,4
1427680373.37,1427680374.01,A,3,3
1427680373.37,1427680374.01,B,10,3
1427680373.41,1427680374.05,A,3,3
1427680373.41,1427680374.05,B,12,3
1427680373.45,1427680374.09,A,3,4
1427680373.45,1427680374.09,B,12,4
1427680373.49,1427680374.13,A,4,3
1427680373.49,1427680374.13,B,11,3
1427680373.53,1427680374.17,A,2,4
1427680373.53,1427680374.17,B,10,4
1427680373.57,1427680374.21,A,3,4
1427680373.57,1427680374.21,B,8,4
1427680373.61,1427680374.25,A,2,4
1427680373.61,1427680374.25,B,6,4
1427680373.65,1427680374.29,A,5,5
1427680373.65,1427680374.29,B,8,5
1427680373.69,1427680374.33,A,6,5
1427680373.69,1427680374.33,B,9,5
1427680373.73,1427680374.37,A,8,5
1427680373.73,1427680374.37,B,9,5
1427680373.77,1427680374.41,A,5,6
1427680373.77,1427680374.41,B,12,6
1427680373.81,1427680374.45,A,5,6
1427680373.81,1427680374.45,B,14,6
1427680373.85,1427680374.49,A,5,6
1427680373.85,1427680374.49,B,13,6
1427680373.89,1427680374.53,A,6,7
1427680373.89,1427680374.53,B,13,7
1427680373.93,1427680374.57,A,7,6
1427680373.93,1427680374.57,B,15,6
1427680373.97,1427680374.61,A,9,6
1427680373.97,1427680374.61,B,14,6
1427680374.01,1427680374.65,A,9,6
1427680374.01,1427680374.65,B,13,6
1427680374.05,1427680374.69,A,6,7
1427680374.05,1427680374.69,B,12,7
