#targetfile:$(projectRoot)/result/result/50cm/pocket/hasc-20150330-105050-mag-pca.csv-lowpass.csv
1427680257.69,1427680258.33,A,20,10
1427680257.69,1427680258.33,B,16,10
1427680257.73,1427680258.37,A,23,10
1427680257.73,1427680258.37,B,13,10
1427680257.77,1427680258.41,A,24,11
1427680257.77,1427680258.41,B,11,11
1427680257.81,1427680258.45,A,29,10
1427680257.81,1427680258.45,B,12,10
1427680257.85,1427680258.49,A,26,11
1427680257.85,1427680258.49,B,11,11
1427680257.89,1427680258.53,A,24,11
1427680257.89,1427680258.53,B,11,11
1427680257.93,1427680258.57,A,17,12
1427680257.93,1427680258.57,B,18,12
1427680257.97,1427680258.61,A,16,13
1427680257.97,1427680258.61,B,22,13
1427680258.01,1427680258.65,A,7,13
1427680258.01,1427680258.65,B,21,13
1427680258.05,1427680258.69,A,11,17
1427680258.05,1427680258.69,B,20,17
1427680258.09,1427680258.73,A,28,18
1427680258.09,1427680258.73,B,16,18
1427680258.13,1427680258.77,A,32,19
1427680258.13,1427680258.77,B,13,19
1427680258.17,1427680258.81,A,47,19
1427680258.17,1427680258.81,B,7,19
1427680258.21,1427680258.85,A,50,21
1427680258.21,1427680258.85,B,10,21
1427680258.25,1427680258.89,A,56,22
1427680258.25,1427680258.89,B,14,22
1427680258.29,1427680258.93,A,63,22
1427680258.29,1427680258.93,B,10,22
1427680258.33,1427680258.97,A,63,26
1427680258.33,1427680258.97,B,13,26
1427680258.37,1427680259.01,A,64,25
1427680258.37,1427680259.01,B,14,25
1427680258.41,1427680259.05,A,56,29
1427680258.41,1427680259.05,B,18,29
1427680258.45,1427680259.09,A,60,38
1427680258.45,1427680259.09,B,26,38
1427680258.49,1427680259.13,A,49,57
1427680258.49,1427680259.13,B,74,57
1427680258.53,1427680259.17,A,62,55
1427680258.53,1427680259.17,B,67,55
1427680258.57,1427680259.21,A,95,84
1427680258.57,1427680259.21,B,76,84
1427680258.61,1427680259.25,A,151,83
1427680258.61,1427680259.25,B,38,83
1427680258.65,1427680259.29,A,170,100
1427680258.65,1427680259.29,B,93,100
1427680258.69,1427680259.33,A,255,101
1427680258.69,1427680259.33,B,45,101
1427680258.73,1427680259.37,A,244,113
1427680258.73,1427680259.37,B,73,113
1427680258.77,1427680259.41,A,303,110
1427680258.77,1427680259.41,B,62,110
1427680258.81,1427680259.45,A,278,118
1427680258.81,1427680259.45,B,89,118
1427680258.85,1427680259.49,A,294,108
1427680258.85,1427680259.49,B,68,108
1427680258.89,1427680259.53,A,224,129
1427680258.89,1427680259.53,B,89,129
1427680258.93,1427680259.57,A,209,127
1427680258.93,1427680259.57,B,75,127
1427680258.97,1427680259.61,A,119,133
1427680258.97,1427680259.61,B,88,133
1427680259.01,1427680259.65,A,85,136
1427680259.01,1427680259.65,B,50,136
1427680259.05,1427680259.69,A,18,145
1427680259.05,1427680259.69,B,108,145
1427680259.09,1427680259.73,A,82,148
1427680259.09,1427680259.73,B,71,148
1427680259.13,1427680259.77,A,209,173
1427680259.13,1427680259.77,B,146,173
1427680259.17,1427680259.81,A,251,227
1427680259.17,1427680259.81,B,248,227
1427680259.21,1427680259.85,A,400,224
1427680259.21,1427680259.85,B,256,224
1427680259.25,1427680259.89,A,435,227
1427680259.25,1427680259.89,B,216,227
1427680259.29,1427680259.93,A,530,223
1427680259.29,1427680259.93,B,147,223
1427680259.33,1427680259.97,A,640,215
1427680259.33,1427680259.97,B,213,215
1427680259.37,1427680260.01,A,645,214
1427680259.37,1427680260.01,B,232,214
1427680259.41,1427680260.05,A,724,203
1427680259.41,1427680260.05,B,199,203
1427680259.45,1427680260.09,A,742,204
1427680259.45,1427680260.09,B,191,204
1427680259.49,1427680260.13,A,739,203
1427680259.49,1427680260.13,B,205,203
1427680259.53,1427680260.17,A,689,202
1427680259.53,1427680260.17,B,227,202
1427680259.57,1427680260.21,A,673,193
1427680259.57,1427680260.21,B,236,193
1427680259.61,1427680260.25,A,589,184
1427680259.61,1427680260.25,B,247,184
1427680259.65,1427680260.29,A,497,172
1427680259.65,1427680260.29,B,167,172
1427680259.69,1427680260.33,A,487,157
1427680259.69,1427680260.33,B,124,157
1427680259.73,1427680260.37,A,423,155
1427680259.73,1427680260.37,B,189,155
1427680259.77,1427680260.41,A,355,133
1427680259.77,1427680260.41,B,121,133
1427680259.81,1427680260.45,A,345,89
1427680259.81,1427680260.45,B,86,89
1427680259.85,1427680260.49,A,301,76
1427680259.85,1427680260.49,B,67,76
1427680259.89,1427680260.53,A,312,71
1427680259.89,1427680260.53,B,75,71
1427680259.93,1427680260.57,A,318,69
1427680259.93,1427680260.57,B,47,69
1427680259.97,1427680260.61,A,280,70
1427680259.97,1427680260.61,B,73,70
1427680260.01,1427680260.65,A,242,64
1427680260.01,1427680260.65,B,59,64
1427680260.05,1427680260.69,A,232,72
1427680260.05,1427680260.69,B,52,72
1427680260.09,1427680260.73,A,154,57
1427680260.09,1427680260.73,B,71,57
1427680260.13,1427680260.77,A,123,44
1427680260.13,1427680260.77,B,45,44
1427680260.17,1427680260.81,A,110,50
1427680260.17,1427680260.81,B,70,50
1427680260.21,1427680260.85,A,65,27
1427680260.21,1427680260.85,B,31,27
1427680260.25,1427680260.89,A,72,23
1427680260.25,1427680260.89,B,19,23
1427680260.29,1427680260.93,A,86,20
1427680260.29,1427680260.93,B,24,20
1427680260.33,1427680260.97,A,77,18
1427680260.33,1427680260.97,B,17,18
1427680260.37,1427680261.01,A,72,17
1427680260.37,1427680261.01,B,14,17
1427680260.41,1427680261.05,A,74,17
1427680260.41,1427680261.05,B,18,17
1427680260.45,1427680261.09,A,65,18
1427680260.45,1427680261.09,B,18,18
1427680260.49,1427680261.13,A,51,15
1427680260.49,1427680261.13,B,14,15
1427680260.53,1427680261.17,A,54,14
1427680260.53,1427680261.17,B,12,14
1427680260.57,1427680261.21,A,47,13
1427680260.57,1427680261.21,B,12,13
1427680260.61,1427680261.25,A,37,10
1427680260.61,1427680261.25,B,14,10
1427680260.65,1427680261.29,A,40,11
1427680260.65,1427680261.29,B,20,11
1427680260.69,1427680261.33,A,36,8
1427680260.69,1427680261.33,B,11,8
1427680260.73,1427680261.37,A,34,7
1427680260.73,1427680261.37,B,9,7
1427680260.77,1427680261.41,A,37,8
1427680260.77,1427680261.41,B,11,8
1427680260.81,1427680261.45,A,34,7
1427680260.81,1427680261.45,B,8,7
1427680260.85,1427680261.49,A,32,7
1427680260.85,1427680261.49,B,6,7
1427680260.89,1427680261.53,A,34,7
1427680260.89,1427680261.53,B,6,7
1427680260.93,1427680261.57,A,31,8
1427680260.93,1427680261.57,B,9,8
1427680260.97,1427680261.61,A,29,7
1427680260.97,1427680261.61,B,7,7
1427680261.01,1427680261.65,A,30,8
1427680261.01,1427680261.65,B,7,8
1427680261.05,1427680261.69,A,27,8
1427680261.05,1427680261.69,B,9,8
1427680261.09,1427680261.73,A,23,7
1427680261.09,1427680261.73,B,8,7
1427680261.13,1427680261.77,A,22,7
1427680261.13,1427680261.77,B,7,7
1427680261.17,1427680261.81,A,19,6
1427680261.17,1427680261.81,B,5,6
1427680261.21,1427680261.85,A,17,6
1427680261.21,1427680261.85,B,5,6
1427680261.25,1427680261.89,A,17,6
1427680261.25,1427680261.89,B,5,6
1427680261.29,1427680261.93,A,15,6
1427680261.29,1427680261.93,B,5,6
1427680261.33,1427680261.97,A,12,7
1427680261.33,1427680261.97,B,8,7
1427680261.37,1427680262.01,A,10,7
1427680261.37,1427680262.01,B,11,7
1427680261.41,1427680262.05,A,4,6
1427680261.41,1427680262.05,B,11,6
1427680261.45,1427680262.09,A,5,6
1427680261.45,1427680262.09,B,9,6
1427680261.49,1427680262.13,A,3,6
1427680261.49,1427680262.13,B,8,6
1427680261.53,1427680262.17,A,6,6
1427680261.53,1427680262.17,B,11,6
1427680261.57,1427680262.21,A,7,6
1427680261.57,1427680262.21,B,10,6
1427680261.61,1427680262.25,A,8,5
1427680261.61,1427680262.25,B,7,5
1427680261.65,1427680262.29,A,9,5
1427680261.65,1427680262.29,B,7,5
1427680261.69,1427680262.33,A,9,5
1427680261.69,1427680262.33,B,7,5
1427680261.73,1427680262.37,A,9,5
1427680261.73,1427680262.37,B,6,5
1427680261.77,1427680262.41,A,9,5
1427680261.77,1427680262.41,B,7,5
1427680261.81,1427680262.45,A,11,5
1427680261.81,1427680262.45,B,7,5
1427680261.85,1427680262.49,A,9,5
1427680261.85,1427680262.49,B,8,5
1427680261.89,1427680262.53,A,9,5
1427680261.89,1427680262.53,B,11,5
1427680261.93,1427680262.57,A,9,5
1427680261.93,1427680262.57,B,11,5
1427680261.97,1427680262.61,A,8,4
1427680261.97,1427680262.61,B,9,4
1427680262.01,1427680262.65,A,8,4
1427680262.01,1427680262.65,B,8,4
1427680262.05,1427680262.69,A,6,4
1427680262.05,1427680262.69,B,7,4
1427680262.09,1427680262.73,A,5,4
1427680262.09,1427680262.73,B,8,4
1427680262.13,1427680262.77,A,5,4
1427680262.13,1427680262.77,B,8,4
1427680262.17,1427680262.81,A,5,4
1427680262.17,1427680262.81,B,8,4
1427680262.21,1427680262.85,A,5,4
1427680262.21,1427680262.85,B,8,4
1427680262.25,1427680262.89,A,6,4
1427680262.25,1427680262.89,B,9,4
1427680262.29,1427680262.93,A,6,4
1427680262.29,1427680262.93,B,9,4
1427680262.33,1427680262.97,A,5,4
1427680262.33,1427680262.97,B,10,4
1427680262.37,1427680263.01,A,6,4
1427680262.37,1427680263.01,B,11,4
1427680262.41,1427680263.05,A,7,4
1427680262.41,1427680263.05,B,11,4
1427680262.45,1427680263.09,A,6,4
1427680262.45,1427680263.09,B,11,4
1427680262.49,1427680263.13,A,6,4
1427680262.49,1427680263.13,B,11,4
1427680262.53,1427680263.17,A,6,3
1427680262.53,1427680263.17,B,11,3
1427680262.57,1427680263.21,A,6,3
1427680262.57,1427680263.21,B,11,3
1427680262.61,1427680263.25,A,6,3
1427680262.61,1427680263.25,B,10,3
1427680262.65,1427680263.29,A,5,3
1427680262.65,1427680263.29,B,8,3
1427680262.69,1427680263.33,A,6,3
1427680262.69,1427680263.33,B,6,3
1427680262.73,1427680263.37,A,6,3
1427680262.73,1427680263.37,B,6,3
1427680262.77,1427680263.41,A,6,3
1427680262.77,1427680263.41,B,6,3
1427680262.81,1427680263.45,A,6,3
1427680262.81,1427680263.45,B,6,3
1427680262.85,1427680263.49,A,6,3
1427680262.85,1427680263.49,B,5,3
1427680262.89,1427680263.53,A,5,3
1427680262.89,1427680263.53,B,5,3
1427680262.93,1427680263.57,A,6,3
1427680262.93,1427680263.57,B,4,3
1427680262.97,1427680263.61,A,7,3
1427680262.97,1427680263.61,B,2,3
1427680263.01,1427680263.65,A,6,3
1427680263.01,1427680263.65,B,2,3
1427680263.05,1427680263.69,A,5,3
1427680263.05,1427680263.69,B,3,3
1427680263.09,1427680263.73,A,1,3
1427680263.09,1427680263.73,B,6,3
1427680263.13,1427680263.77,A,1,3
1427680263.13,1427680263.77,B,6,3
1427680263.17,1427680263.81,A,0,3
1427680263.17,1427680263.81,B,7,3
1427680263.21,1427680263.85,A,0,3
1427680263.21,1427680263.85,B,6,3
1427680263.25,1427680263.89,A,0,3
1427680263.25,1427680263.89,B,7,3
1427680263.29,1427680263.93,A,0,3
1427680263.29,1427680263.93,B,7,3
1427680263.33,1427680263.97,A,1,3
1427680263.33,1427680263.97,B,7,3
1427680263.37,1427680264.01,A,2,3
1427680263.37,1427680264.01,B,5,3
1427680263.41,1427680264.05,A,4,4
1427680263.41,1427680264.05,B,6,4
1427680263.45,1427680264.09,A,4,4
1427680263.45,1427680264.09,B,5,4
1427680263.49,1427680264.13,A,4,4
1427680263.49,1427680264.13,B,6,4
1427680263.53,1427680264.17,A,4,4
1427680263.53,1427680264.17,B,5,4
1427680263.57,1427680264.21,A,4,3
1427680263.57,1427680264.21,B,4,3
1427680263.61,1427680264.25,A,5,4
1427680263.61,1427680264.25,B,4,4
1427680263.65,1427680264.29,A,7,4
1427680263.65,1427680264.29,B,3,4
1427680263.69,1427680264.33,A,7,4
1427680263.69,1427680264.33,B,7,4
1427680263.73,1427680264.37,A,3,4
1427680263.73,1427680264.37,B,11,4
1427680263.77,1427680264.41,A,2,4
1427680263.77,1427680264.41,B,11,4
1427680263.81,1427680264.45,A,0,4
1427680263.81,1427680264.45,B,11,4
1427680263.85,1427680264.49,A,1,4
1427680263.85,1427680264.49,B,10,4
1427680263.89,1427680264.53,A,1,4
1427680263.89,1427680264.53,B,9,4
1427680263.93,1427680264.57,A,2,4
1427680263.93,1427680264.57,B,9,4
1427680263.97,1427680264.61,A,2,4
1427680263.97,1427680264.61,B,9,4
1427680264.01,1427680264.65,A,0,4
1427680264.01,1427680264.65,B,7,4
1427680264.05,1427680264.69,A,5,4
1427680264.05,1427680264.69,B,11,4
1427680264.09,1427680264.73,A,6,4
1427680264.09,1427680264.73,B,10,4
1427680264.13,1427680264.77,A,6,4
1427680264.13,1427680264.77,B,10,4
1427680264.17,1427680264.81,A,9,4
1427680264.17,1427680264.81,B,11,4
1427680264.21,1427680264.85,A,9,5
1427680264.21,1427680264.85,B,12,5
1427680264.25,1427680264.89,A,8,5
1427680264.25,1427680264.89,B,10,5
1427680264.29,1427680264.93,A,5,6
1427680264.29,1427680264.93,B,13,6
1427680264.33,1427680264.97,A,6,6
1427680264.33,1427680264.97,B,11,6
1427680264.37,1427680265.01,A,6,7
1427680264.37,1427680265.01,B,5,7
1427680264.41,1427680265.05,A,4,7
1427680264.41,1427680265.05,B,6,7
1427680264.45,1427680265.09,A,3,6
1427680264.45,1427680265.09,B,6,6
1427680264.49,1427680265.13,A,1,7
1427680264.49,1427680265.13,B,8,7
1427680264.53,1427680265.17,A,2,7
1427680264.53,1427680265.17,B,8,7
1427680264.57,1427680265.21,A,4,7
1427680264.57,1427680265.21,B,7,7
1427680264.61,1427680265.25,A,5,7
1427680264.61,1427680265.25,B,7,7
1427680264.65,1427680265.29,A,7,7
1427680264.65,1427680265.29,B,6,7
