#targetfile:$(projectRoot)/result/result/50cm/pocket/hasc-20150330-105032-mag-pca.csv-lowpass.csv
1427680238.54,1427680239.18,A,11,5
1427680238.54,1427680239.18,B,12,5
1427680238.58,1427680239.22,A,11,5
1427680238.58,1427680239.22,B,12,5
1427680238.62,1427680239.26,A,11,5
1427680238.62,1427680239.26,B,13,5
1427680238.66,1427680239.3,A,12,5
1427680238.66,1427680239.3,B,13,5
1427680238.7,1427680239.34,A,12,5
1427680238.7,1427680239.34,B,12,5
1427680238.74,1427680239.38,A,11,5
1427680238.74,1427680239.38,B,12,5
1427680238.78,1427680239.42,A,12,5
1427680238.78,1427680239.42,B,11,5
1427680238.82,1427680239.46,A,12,5
1427680238.82,1427680239.46,B,11,5
1427680238.86,1427680239.5,A,11,6
1427680238.86,1427680239.5,B,9,6
1427680238.9,1427680239.54,A,9,6
1427680238.9,1427680239.54,B,9,6
1427680238.94,1427680239.58,A,9,6
1427680238.94,1427680239.58,B,10,6
1427680238.98,1427680239.62,A,7,6
1427680238.98,1427680239.62,B,8,6
1427680239.02,1427680239.66,A,6,6
1427680239.02,1427680239.66,B,6,6
1427680239.06,1427680239.7,A,5,6
1427680239.06,1427680239.7,B,6,6
1427680239.1,1427680239.74,A,7,6
1427680239.1,1427680239.74,B,7,6
1427680239.14,1427680239.78,A,7,6
1427680239.14,1427680239.78,B,7,6
1427680239.18,1427680239.82,A,6,6
1427680239.18,1427680239.82,B,6,6
1427680239.22,1427680239.86,A,8,6
1427680239.22,1427680239.86,B,5,6
1427680239.26,1427680239.9,A,9,5
1427680239.26,1427680239.9,B,4,5
1427680239.3,1427680239.94,A,7,5
1427680239.3,1427680239.94,B,5,5
1427680239.34,1427680239.98,A,7,5
1427680239.34,1427680239.98,B,5,5
1427680239.38,1427680240.02,A,5,5
1427680239.38,1427680240.02,B,5,5
1427680239.42,1427680240.06,A,5,5
1427680239.42,1427680240.06,B,4,5
1427680239.46,1427680240.1,A,8,5
1427680239.46,1427680240.1,B,4,5
1427680239.5,1427680240.14,A,10,4
1427680239.5,1427680240.14,B,6,4
1427680239.54,1427680240.18,A,13,5
1427680239.54,1427680240.18,B,6,5
1427680239.58,1427680240.22,A,16,5
1427680239.58,1427680240.22,B,4,5
1427680239.62,1427680240.26,A,19,5
1427680239.62,1427680240.26,B,6,5
1427680239.66,1427680240.3,A,21,5
1427680239.66,1427680240.3,B,7,5
1427680239.7,1427680240.34,A,21,5
1427680239.7,1427680240.34,B,7,5
1427680239.74,1427680240.38,A,20,5
1427680239.74,1427680240.38,B,8,5
1427680239.78,1427680240.42,A,21,6
1427680239.78,1427680240.42,B,9,6
1427680239.82,1427680240.46,A,21,5
1427680239.82,1427680240.46,B,7,5
1427680239.86,1427680240.5,A,25,6
1427680239.86,1427680240.5,B,8,6
1427680239.9,1427680240.54,A,25,6
1427680239.9,1427680240.54,B,8,6
1427680239.94,1427680240.58,A,23,6
1427680239.94,1427680240.58,B,10,6
1427680239.98,1427680240.62,A,24,8
1427680239.98,1427680240.62,B,13,8
1427680240.02,1427680240.66,A,30,8
1427680240.02,1427680240.66,B,19,8
1427680240.06,1427680240.7,A,29,8
1427680240.06,1427680240.7,B,18,8
1427680240.1,1427680240.74,A,35,10
1427680240.1,1427680240.74,B,15,10
1427680240.14,1427680240.78,A,41,10
1427680240.14,1427680240.78,B,11,10
1427680240.18,1427680240.82,A,43,10
1427680240.18,1427680240.82,B,11,10
1427680240.22,1427680240.86,A,50,11
1427680240.22,1427680240.86,B,17,11
1427680240.26,1427680240.9,A,51,11
1427680240.26,1427680240.9,B,17,11
1427680240.3,1427680240.94,A,55,11
1427680240.3,1427680240.94,B,18,11
1427680240.34,1427680240.98,A,55,11
1427680240.34,1427680240.98,B,17,11
1427680240.38,1427680241.02,A,56,11
1427680240.38,1427680241.02,B,18,11
1427680240.42,1427680241.06,A,56,11
1427680240.42,1427680241.06,B,17,11
1427680240.46,1427680241.1,A,59,13
1427680240.46,1427680241.1,B,17,13
1427680240.5,1427680241.14,A,58,12
1427680240.5,1427680241.14,B,10,12
1427680240.54,1427680241.18,A,71,14
1427680240.54,1427680241.18,B,10,14
1427680240.58,1427680241.22,A,79,14
1427680240.58,1427680241.22,B,6,14
1427680240.62,1427680241.26,A,85,17
1427680240.62,1427680241.26,B,11,17
1427680240.66,1427680241.3,A,96,17
1427680240.66,1427680241.3,B,10,17
1427680240.7,1427680241.34,A,99,17
1427680240.7,1427680241.34,B,5,17
1427680240.74,1427680241.38,A,107,18
1427680240.74,1427680241.38,B,12,18
1427680240.78,1427680241.42,A,118,20
1427680240.78,1427680241.42,B,8,20
1427680240.82,1427680241.46,A,119,20
1427680240.82,1427680241.46,B,6,20
1427680240.86,1427680241.5,A,129,24
1427680240.86,1427680241.5,B,15,24
1427680240.9,1427680241.54,A,155,31
1427680240.9,1427680241.54,B,22,31
1427680240.94,1427680241.58,A,154,26
1427680240.94,1427680241.58,B,19,26
1427680240.98,1427680241.62,A,243,73
1427680240.98,1427680241.62,B,91,73
1427680241.02,1427680241.66,A,304,76
1427680241.02,1427680241.66,B,97,76
1427680241.06,1427680241.7,A,348,98
1427680241.06,1427680241.7,B,161,98
1427680241.1,1427680241.74,A,503,128
1427680241.1,1427680241.74,B,81,128
1427680241.14,1427680241.78,A,519,145
1427680241.14,1427680241.78,B,92,145
1427680241.18,1427680241.82,A,703,181
1427680241.18,1427680241.82,B,165,181
1427680241.22,1427680241.86,A,718,182
1427680241.22,1427680241.86,B,171,182
1427680241.26,1427680241.9,A,796,192
1427680241.26,1427680241.9,B,171,192
1427680241.3,1427680241.94,A,825,186
1427680241.3,1427680241.94,B,146,186
1427680241.34,1427680241.98,A,820,187
1427680241.34,1427680241.98,B,155,187
1427680241.38,1427680242.02,A,863,195
1427680241.38,1427680242.02,B,189,195
1427680241.42,1427680242.06,A,1019,233
1427680241.42,1427680242.06,B,319,233
1427680241.46,1427680242.1,A,1075,256
1427680241.46,1427680242.1,B,372,256
1427680241.5,1427680242.14,A,1400,291
1427680241.5,1427680242.14,B,374,291
1427680241.54,1427680242.18,A,1390,319
1427680241.54,1427680242.18,B,448,319
1427680241.58,1427680242.22,A,1588,323
1427680241.58,1427680242.22,B,353,323
1427680241.62,1427680242.26,A,1488,365
1427680241.62,1427680242.26,B,360,365
1427680241.66,1427680242.3,A,1529,337
1427680241.66,1427680242.3,B,193,337
1427680241.7,1427680242.34,A,1301,373
1427680241.7,1427680242.34,B,282,373
1427680241.74,1427680242.38,A,1193,353
1427680241.74,1427680242.38,B,156,353
1427680241.78,1427680242.42,A,1002,381
1427680241.78,1427680242.42,B,238,381
1427680241.82,1427680242.46,A,830,340
1427680241.82,1427680242.46,B,178,340
1427680241.86,1427680242.5,A,802,351
1427680241.86,1427680242.5,B,217,351
1427680241.9,1427680242.54,A,737,333
1427680241.9,1427680242.54,B,165,333
1427680241.94,1427680242.58,A,777,332
1427680241.94,1427680242.58,B,174,332
1427680241.98,1427680242.62,A,793,336
1427680241.98,1427680242.62,B,172,336
1427680242.02,1427680242.66,A,803,346
1427680242.02,1427680242.66,B,171,346
1427680242.06,1427680242.7,A,702,365
1427680242.06,1427680242.7,B,227,365
1427680242.1,1427680242.74,A,643,366
1427680242.1,1427680242.74,B,259,366
1427680242.14,1427680242.78,A,388,314
1427680242.14,1427680242.78,B,318,314
1427680242.18,1427680242.82,A,280,290
1427680242.18,1427680242.82,B,407,290
1427680242.22,1427680242.86,A,62,249
1427680242.22,1427680242.86,B,405,249
1427680242.26,1427680242.9,A,86,241
1427680242.26,1427680242.9,B,418,241
1427680242.3,1427680242.94,A,315,193
1427680242.3,1427680242.94,B,290,193
1427680242.34,1427680242.98,A,321,190
1427680242.34,1427680242.98,B,301,190
1427680242.38,1427680243.02,A,391,182
1427680242.38,1427680243.02,B,232,182
1427680242.42,1427680243.06,A,349,166
1427680242.42,1427680243.06,B,189,166
1427680242.46,1427680243.1,A,306,142
1427680242.46,1427680243.1,B,171,142
1427680242.5,1427680243.14,A,231,108
1427680242.5,1427680243.14,B,55,108
1427680242.54,1427680243.18,A,166,96
1427680242.54,1427680243.18,B,94,96
1427680242.58,1427680243.22,A,80,68
1427680242.58,1427680243.22,B,106,68
1427680242.62,1427680243.26,A,69,69
1427680242.62,1427680243.26,B,101,69
1427680242.66,1427680243.3,A,23,44
1427680242.66,1427680243.3,B,49,44
1427680242.7,1427680243.34,A,58,42
1427680242.7,1427680243.34,B,52,42
1427680242.74,1427680243.38,A,79,35
1427680242.74,1427680243.38,B,42,35
1427680242.78,1427680243.42,A,92,32
1427680242.78,1427680243.42,B,43,32
1427680242.82,1427680243.46,A,91,30
1427680242.82,1427680243.46,B,41,30
1427680242.86,1427680243.5,A,89,27
1427680242.86,1427680243.5,B,27,27
1427680242.9,1427680243.54,A,77,28
1427680242.9,1427680243.54,B,29,28
1427680242.94,1427680243.58,A,64,23
1427680242.94,1427680243.58,B,15,23
1427680242.98,1427680243.62,A,53,20
1427680242.98,1427680243.62,B,8,20
1427680243.02,1427680243.66,A,37,17
1427680243.02,1427680243.66,B,12,17
1427680243.06,1427680243.7,A,34,16
1427680243.06,1427680243.7,B,11,16
1427680243.1,1427680243.74,A,21,16
1427680243.1,1427680243.74,B,13,16
1427680243.14,1427680243.78,A,14,11
1427680243.14,1427680243.78,B,7,11
1427680243.18,1427680243.82,A,18,10
1427680243.18,1427680243.82,B,12,10
1427680243.22,1427680243.86,A,19,9
1427680243.22,1427680243.86,B,11,9
1427680243.26,1427680243.9,A,26,8
1427680243.26,1427680243.9,B,9,8
1427680243.3,1427680243.94,A,26,9
1427680243.3,1427680243.94,B,10,9
1427680243.34,1427680243.98,A,29,9
1427680243.34,1427680243.98,B,9,9
1427680243.38,1427680244.02,A,23,8
1427680243.38,1427680244.02,B,12,8
1427680243.42,1427680244.06,A,22,8
1427680243.42,1427680244.06,B,13,8
1427680243.46,1427680244.1,A,14,7
1427680243.46,1427680244.1,B,7,7
1427680243.5,1427680244.14,A,13,6
1427680243.5,1427680244.14,B,6,6
1427680243.54,1427680244.18,A,9,5
1427680243.54,1427680244.18,B,9,5
1427680243.58,1427680244.22,A,7,5
1427680243.58,1427680244.22,B,6,5
1427680243.62,1427680244.26,A,8,5
1427680243.62,1427680244.26,B,6,5
1427680243.66,1427680244.3,A,4,6
1427680243.66,1427680244.3,B,9,6
1427680243.7,1427680244.34,A,4,6
1427680243.7,1427680244.34,B,9,6
1427680243.74,1427680244.38,A,2,6
1427680243.74,1427680244.38,B,9,6
1427680243.78,1427680244.42,A,4,6
1427680243.78,1427680244.42,B,10,6
1427680243.82,1427680244.46,A,5,6
1427680243.82,1427680244.46,B,11,6
1427680243.86,1427680244.5,A,5,6
1427680243.86,1427680244.5,B,11,6
1427680243.9,1427680244.54,A,6,6
1427680243.9,1427680244.54,B,10,6
1427680243.94,1427680244.58,A,7,6
1427680243.94,1427680244.58,B,10,6
1427680243.98,1427680244.62,A,8,7
1427680243.98,1427680244.62,B,8,7
1427680244.02,1427680244.66,A,9,7
1427680244.02,1427680244.66,B,6,7
1427680244.06,1427680244.7,A,10,6
1427680244.06,1427680244.7,B,7,6
1427680244.1,1427680244.74,A,8,6
1427680244.1,1427680244.74,B,8,6
1427680244.14,1427680244.78,A,8,7
1427680244.14,1427680244.78,B,10,7
1427680244.18,1427680244.82,A,7,8
1427680244.18,1427680244.82,B,7,8
1427680244.22,1427680244.86,A,6,7
1427680244.22,1427680244.86,B,6,7
1427680244.26,1427680244.9,A,1,7
1427680244.26,1427680244.9,B,9,7
1427680244.3,1427680244.94,A,4,6
1427680244.3,1427680244.94,B,11,6
1427680244.34,1427680244.98,A,5,6
1427680244.34,1427680244.98,B,10,6
1427680244.38,1427680245.02,A,6,6
1427680244.38,1427680245.02,B,9,6
1427680244.42,1427680245.06,A,4,6
1427680244.42,1427680245.06,B,10,6
1427680244.46,1427680245.1,A,4,6
1427680244.46,1427680245.1,B,10,6
1427680244.5,1427680245.14,A,5,6
1427680244.5,1427680245.14,B,10,6
1427680244.54,1427680245.18,A,2,5
1427680244.54,1427680245.18,B,12,5
1427680244.58,1427680245.22,A,2,5
1427680244.58,1427680245.22,B,12,5
1427680244.62,1427680245.26,A,1,4
1427680244.62,1427680245.26,B,11,4
1427680244.66,1427680245.3,A,2,4
1427680244.66,1427680245.3,B,11,4
1427680244.7,1427680245.34,A,2,4
1427680244.7,1427680245.34,B,12,4
1427680244.74,1427680245.38,A,2,4
1427680244.74,1427680245.38,B,12,4
1427680244.78,1427680245.42,A,2,4
1427680244.78,1427680245.42,B,10,4
1427680244.82,1427680245.46,A,1,3
1427680244.82,1427680245.46,B,7,3
1427680244.86,1427680245.5,A,3,3
1427680244.86,1427680245.5,B,4,3
1427680244.9,1427680245.54,A,5,4
1427680244.9,1427680245.54,B,6,4
1427680244.94,1427680245.58,A,6,4
1427680244.94,1427680245.58,B,8,4
1427680244.98,1427680245.62,A,8,4
1427680244.98,1427680245.62,B,6,4
1427680245.02,1427680245.66,A,11,5
1427680245.02,1427680245.66,B,8,5
1427680245.06,1427680245.7,A,12,5
1427680245.06,1427680245.7,B,9,5
1427680245.1,1427680245.74,A,13,5
1427680245.1,1427680245.74,B,9,5
1427680245.14,1427680245.78,A,14,5
1427680245.14,1427680245.78,B,8,5
1427680245.18,1427680245.82,A,13,5
1427680245.18,1427680245.82,B,7,5
1427680245.22,1427680245.86,A,14,5
1427680245.22,1427680245.86,B,7,5
1427680245.26,1427680245.9,A,14,5
1427680245.26,1427680245.9,B,4,5
1427680245.3,1427680245.94,A,16,6
1427680245.3,1427680245.94,B,5,6
1427680245.34,1427680245.98,A,14,6
1427680245.34,1427680245.98,B,6,6
1427680245.38,1427680246.02,A,14,6
1427680245.38,1427680246.02,B,5,6
1427680245.42,1427680246.06,A,12,7
1427680245.42,1427680246.06,B,8,7
1427680245.46,1427680246.1,A,19,9
1427680245.46,1427680246.1,B,15,9
1427680245.5,1427680246.14,A,18,9
1427680245.5,1427680246.14,B,14,9
1427680245.54,1427680246.18,A,18,10
1427680245.54,1427680246.18,B,15,10
1427680245.58,1427680246.22,A,22,9
1427680245.58,1427680246.22,B,11,9
1427680245.62,1427680246.26,A,22,10
1427680245.62,1427680246.26,B,11,10
1427680245.66,1427680246.3,A,13,10
1427680245.66,1427680246.3,B,12,10
1427680245.7,1427680246.34,A,15,10
1427680245.7,1427680246.34,B,15,10
1427680245.74,1427680246.38,A,15,10
1427680245.74,1427680246.38,B,15,10
