#targetfile:$(projectRoot)/result/result/75cm/waist-front/hasc-20150329-184345-mag-pca.csv-lowpass.csv
1427622231.08,1427622231.72,A,10,6
1427622231.08,1427622231.72,B,10,6
1427622231.12,1427622231.76,A,5,5
1427622231.12,1427622231.76,B,8,5
1427622231.16,1427622231.8,A,6,5
1427622231.16,1427622231.8,B,9,5
1427622231.2,1427622231.84,A,5,6
1427622231.2,1427622231.84,B,9,6
1427622231.24,1427622231.88,A,5,6
1427622231.24,1427622231.88,B,10,6
1427622231.28,1427622231.92,A,12,6
1427622231.28,1427622231.92,B,9,6
1427622231.32,1427622231.96,A,12,7
1427622231.32,1427622231.96,B,12,7
1427622231.36,1427622232.0,A,11,7
1427622231.36,1427622232.0,B,13,7
1427622231.4,1427622232.04,A,9,6
1427622231.4,1427622232.04,B,9,6
1427622231.44,1427622232.08,A,5,6
1427622231.44,1427622232.08,B,12,6
1427622231.48,1427622232.12,A,3,6
1427622231.48,1427622232.12,B,10,6
1427622231.52,1427622232.16,A,3,6
1427622231.52,1427622232.16,B,8,6
1427622231.56,1427622232.2,A,3,5
1427622231.56,1427622232.2,B,10,5
1427622231.6,1427622232.24,A,5,6
1427622231.6,1427622232.24,B,10,6
1427622231.64,1427622232.28,A,8,6
1427622231.64,1427622232.28,B,8,6
1427622231.68,1427622232.32,A,9,5
1427622231.68,1427622232.32,B,10,5
1427622231.72,1427622232.36,A,11,6
1427622231.72,1427622232.36,B,10,6
1427622231.76,1427622232.4,A,9,6
1427622231.76,1427622232.4,B,13,6
1427622231.8,1427622232.44,A,9,6
1427622231.8,1427622232.44,B,13,6
1427622231.84,1427622232.48,A,6,6
1427622231.84,1427622232.48,B,11,6
1427622231.88,1427622232.52,A,3,5
1427622231.88,1427622232.52,B,10,5
1427622231.92,1427622232.56,A,1,4
1427622231.92,1427622232.56,B,5,4
1427622231.96,1427622232.6,A,6,4
1427622231.96,1427622232.6,B,4,4
1427622232.0,1427622232.64,A,7,4
1427622232.0,1427622232.64,B,4,4
1427622232.04,1427622232.68,A,8,4
1427622232.04,1427622232.68,B,2,4
1427622232.08,1427622232.72,A,8,4
1427622232.08,1427622232.72,B,2,4
1427622232.12,1427622232.76,A,8,4
1427622232.12,1427622232.76,B,3,4
1427622232.16,1427622232.8,A,8,4
1427622232.16,1427622232.8,B,4,4
1427622232.2,1427622232.84,A,7,4
1427622232.2,1427622232.84,B,5,4
1427622232.24,1427622232.88,A,6,5
1427622232.24,1427622232.88,B,7,5
1427622232.28,1427622232.92,A,6,5
1427622232.28,1427622232.92,B,7,5
1427622232.32,1427622232.96,A,9,5
1427622232.32,1427622232.96,B,10,5
1427622232.36,1427622233.0,A,9,5
1427622232.36,1427622233.0,B,9,5
1427622232.4,1427622233.04,A,12,4
1427622232.4,1427622233.04,B,9,4
1427622232.44,1427622233.08,A,11,4
1427622232.44,1427622233.08,B,9,4
1427622232.48,1427622233.12,A,12,4
1427622232.48,1427622233.12,B,8,4
1427622232.52,1427622233.16,A,9,4
1427622232.52,1427622233.16,B,6,4
1427622232.56,1427622233.2,A,9,4
1427622232.56,1427622233.2,B,6,4
1427622232.6,1427622233.24,A,5,4
1427622232.6,1427622233.24,B,4,4
1427622232.64,1427622233.28,A,5,5
1427622232.64,1427622233.28,B,7,5
1427622232.68,1427622233.32,A,9,6
1427622232.68,1427622233.32,B,12,6
1427622232.72,1427622233.36,A,10,7
1427622232.72,1427622233.36,B,15,7
1427622232.76,1427622233.4,A,7,7
1427622232.76,1427622233.4,B,16,7
1427622232.8,1427622233.44,A,8,6
1427622232.8,1427622233.44,B,16,6
1427622232.84,1427622233.48,A,8,7
1427622232.84,1427622233.48,B,15,7
1427622232.88,1427622233.52,A,7,6
1427622232.88,1427622233.52,B,14,6
1427622232.92,1427622233.56,A,8,7
1427622232.92,1427622233.56,B,12,7
1427622232.96,1427622233.6,A,9,7
1427622232.96,1427622233.6,B,13,7
1427622233.0,1427622233.64,A,15,8
1427622233.0,1427622233.64,B,14,8
1427622233.04,1427622233.68,A,16,7
1427622233.04,1427622233.68,B,12,7
1427622233.08,1427622233.72,A,21,8
1427622233.08,1427622233.72,B,13,8
1427622233.12,1427622233.76,A,23,9
1427622233.12,1427622233.76,B,13,9
1427622233.16,1427622233.8,A,26,9
1427622233.16,1427622233.8,B,16,9
1427622233.2,1427622233.84,A,25,9
1427622233.2,1427622233.84,B,18,9
1427622233.24,1427622233.88,A,24,9
1427622233.24,1427622233.88,B,17,9
1427622233.28,1427622233.92,A,20,9
1427622233.28,1427622233.92,B,16,9
1427622233.32,1427622233.96,A,19,10
1427622233.32,1427622233.96,B,15,10
1427622233.36,1427622234.0,A,22,8
1427622233.36,1427622234.0,B,10,8
1427622233.4,1427622234.04,A,30,9
1427622233.4,1427622234.04,B,16,9
1427622233.44,1427622234.08,A,35,9
1427622233.44,1427622234.08,B,13,9
1427622233.48,1427622234.12,A,37,10
1427622233.48,1427622234.12,B,11,10
1427622233.52,1427622234.16,A,39,10
1427622233.52,1427622234.16,B,10,10
1427622233.56,1427622234.2,A,35,10
1427622233.56,1427622234.2,B,4,10
1427622233.6,1427622234.24,A,30,10
1427622233.6,1427622234.24,B,6,10
1427622233.64,1427622234.28,A,27,9
1427622233.64,1427622234.28,B,4,9
1427622233.68,1427622234.32,A,27,10
1427622233.68,1427622234.32,B,3,10
1427622233.72,1427622234.36,A,21,11
1427622233.72,1427622234.36,B,9,11
1427622233.76,1427622234.4,A,32,15
1427622233.76,1427622234.4,B,18,15
1427622233.8,1427622234.44,A,38,14
1427622233.8,1427622234.44,B,19,14
1427622233.84,1427622234.48,A,46,15
1427622233.84,1427622234.48,B,24,15
1427622233.88,1427622234.52,A,47,15
1427622233.88,1427622234.52,B,24,15
1427622233.92,1427622234.56,A,46,16
1427622233.92,1427622234.56,B,27,16
1427622233.96,1427622234.6,A,32,17
1427622233.96,1427622234.6,B,32,17
1427622234.0,1427622234.64,A,30,17
1427622234.0,1427622234.64,B,33,17
1427622234.04,1427622234.68,A,31,20
1427622234.04,1427622234.68,B,29,20
1427622234.08,1427622234.72,A,35,21
1427622234.08,1427622234.72,B,31,21
1427622234.12,1427622234.76,A,62,24
1427622234.12,1427622234.76,B,9,24
1427622234.16,1427622234.8,A,63,25
1427622234.16,1427622234.8,B,10,25
1427622234.2,1427622234.84,A,79,24
1427622234.2,1427622234.84,B,7,24
1427622234.24,1427622234.88,A,75,26
1427622234.24,1427622234.88,B,16,26
1427622234.28,1427622234.92,A,74,26
1427622234.28,1427622234.92,B,20,26
1427622234.32,1427622234.96,A,58,29
1427622234.32,1427622234.96,B,30,29
1427622234.36,1427622235.0,A,56,29
1427622234.36,1427622235.0,B,35,29
1427622234.4,1427622235.04,A,37,29
1427622234.4,1427622235.04,B,30,29
1427622234.44,1427622235.08,A,46,34
1427622234.44,1427622235.08,B,34,34
1427622234.48,1427622235.12,A,73,37
1427622234.48,1427622235.12,B,30,37
1427622234.52,1427622235.16,A,81,38
1427622234.52,1427622235.16,B,40,38
1427622234.56,1427622235.2,A,105,39
1427622234.56,1427622235.2,B,34,39
1427622234.6,1427622235.24,A,101,37
1427622234.6,1427622235.24,B,43,37
1427622234.64,1427622235.28,A,96,39
1427622234.64,1427622235.28,B,48,39
1427622234.68,1427622235.32,A,73,37
1427622234.68,1427622235.32,B,46,37
1427622234.72,1427622235.36,A,63,39
1427622234.72,1427622235.36,B,59,39
1427622234.76,1427622235.4,A,23,34
1427622234.76,1427622235.4,B,28,34
1427622234.8,1427622235.44,A,42,39
1427622234.8,1427622235.44,B,48,39
1427622234.84,1427622235.48,A,74,41
1427622234.84,1427622235.48,B,31,41
1427622234.88,1427622235.52,A,91,51
1427622234.88,1427622235.52,B,47,51
1427622234.92,1427622235.56,A,123,46
1427622234.92,1427622235.56,B,57,46
1427622234.96,1427622235.6,A,121,45
1427622234.96,1427622235.6,B,68,45
1427622235.0,1427622235.64,A,121,45
1427622235.0,1427622235.64,B,69,45
1427622235.04,1427622235.68,A,106,45
1427622235.04,1427622235.68,B,64,45
1427622235.08,1427622235.72,A,95,48
1427622235.08,1427622235.72,B,70,48
1427622235.12,1427622235.76,A,54,44
1427622235.12,1427622235.76,B,38,44
1427622235.16,1427622235.8,A,77,48
1427622235.16,1427622235.8,B,56,48
1427622235.2,1427622235.84,A,98,44
1427622235.2,1427622235.84,B,33,44
1427622235.24,1427622235.88,A,113,46
1427622235.24,1427622235.88,B,27,46
1427622235.28,1427622235.92,A,145,44
1427622235.28,1427622235.92,B,34,44
1427622235.32,1427622235.96,A,145,45
1427622235.32,1427622235.96,B,44,45
1427622235.36,1427622236.0,A,145,45
1427622235.36,1427622236.0,B,48,45
1427622235.4,1427622236.04,A,129,47
1427622235.4,1427622236.04,B,50,47
1427622235.44,1427622236.08,A,116,47
1427622235.44,1427622236.08,B,59,47
1427622235.48,1427622236.12,A,63,41
1427622235.48,1427622236.12,B,38,41
1427622235.52,1427622236.16,A,64,37
1427622235.52,1427622236.16,B,46,37
1427622235.56,1427622236.2,A,62,35
1427622235.56,1427622236.2,B,29,35
1427622235.6,1427622236.24,A,72,35
1427622235.6,1427622236.24,B,31,35
1427622235.64,1427622236.28,A,94,32
1427622235.64,1427622236.28,B,21,32
1427622235.68,1427622236.32,A,96,31
1427622235.68,1427622236.32,B,18,31
1427622235.72,1427622236.36,A,91,32
1427622235.72,1427622236.36,B,22,32
1427622235.76,1427622236.4,A,78,30
1427622235.76,1427622236.4,B,18,30
1427622235.8,1427622236.44,A,67,35
1427622235.8,1427622236.44,B,30,35
1427622235.84,1427622236.48,A,29,26
1427622235.84,1427622236.48,B,26,26
1427622235.88,1427622236.52,A,33,29
1427622235.88,1427622236.52,B,34,29
1427622235.92,1427622236.56,A,50,24
1427622235.92,1427622236.56,B,27,24
1427622235.96,1427622236.6,A,55,23
1427622235.96,1427622236.6,B,28,23
1427622236.0,1427622236.64,A,70,21
1427622236.0,1427622236.64,B,23,21
1427622236.04,1427622236.68,A,71,21
1427622236.04,1427622236.68,B,21,21
1427622236.08,1427622236.72,A,66,21
1427622236.08,1427622236.72,B,25,21
1427622236.12,1427622236.76,A,48,20
1427622236.12,1427622236.76,B,22,20
1427622236.16,1427622236.8,A,47,23
1427622236.16,1427622236.8,B,28,23
1427622236.2,1427622236.84,A,32,15
1427622236.2,1427622236.84,B,14,15
1427622236.24,1427622236.88,A,41,14
1427622236.24,1427622236.88,B,15,14
1427622236.28,1427622236.92,A,57,15
1427622236.28,1427622236.92,B,10,15
1427622236.32,1427622236.96,A,59,14
1427622236.32,1427622236.96,B,10,14
1427622236.36,1427622237.0,A,65,14
1427622236.36,1427622237.0,B,10,14
1427622236.4,1427622237.04,A,65,13
1427622236.4,1427622237.04,B,9,13
1427622236.44,1427622237.08,A,60,14
1427622236.44,1427622237.08,B,12,14
1427622236.48,1427622237.12,A,50,13
1427622236.48,1427622237.12,B,12,13
1427622236.52,1427622237.16,A,49,13
1427622236.52,1427622237.16,B,17,13
1427622236.56,1427622237.2,A,40,12
1427622236.56,1427622237.2,B,13,12
1427622236.6,1427622237.24,A,43,12
1427622236.6,1427622237.24,B,14,12
1427622236.64,1427622237.28,A,46,11
1427622236.64,1427622237.28,B,6,11
1427622236.68,1427622237.32,A,46,11
1427622236.68,1427622237.32,B,6,11
1427622236.72,1427622237.36,A,45,11
1427622236.72,1427622237.36,B,7,11
1427622236.76,1427622237.4,A,44,11
1427622236.76,1427622237.4,B,5,11
1427622236.8,1427622237.44,A,34,10
1427622236.8,1427622237.44,B,5,10
1427622236.84,1427622237.48,A,32,10
1427622236.84,1427622237.48,B,7,10
1427622236.88,1427622237.52,A,31,10
1427622236.88,1427622237.52,B,10,10
1427622236.92,1427622237.56,A,26,8
1427622236.92,1427622237.56,B,6,8
1427622236.96,1427622237.6,A,30,8
1427622236.96,1427622237.6,B,4,8
1427622237.0,1427622237.64,A,31,8
1427622237.0,1427622237.64,B,8,8
1427622237.04,1427622237.68,A,37,8
1427622237.04,1427622237.68,B,11,8
1427622237.08,1427622237.72,A,36,10
1427622237.08,1427622237.72,B,15,10
1427622237.12,1427622237.76,A,36,10
1427622237.12,1427622237.76,B,16,10
1427622237.16,1427622237.8,A,33,10
1427622237.16,1427622237.8,B,15,10
1427622237.2,1427622237.84,A,31,10
1427622237.2,1427622237.84,B,12,10
1427622237.24,1427622237.88,A,27,9
1427622237.24,1427622237.88,B,12,9
1427622237.28,1427622237.92,A,26,9
1427622237.28,1427622237.92,B,10,9
1427622237.32,1427622237.96,A,27,9
1427622237.32,1427622237.96,B,15,9
1427622237.36,1427622238.0,A,25,9
1427622237.36,1427622238.0,B,13,9
1427622237.4,1427622238.04,A,26,9
1427622237.4,1427622238.04,B,11,9
1427622237.44,1427622238.08,A,27,9
1427622237.44,1427622238.08,B,10,9
1427622237.48,1427622238.12,A,23,9
1427622237.48,1427622238.12,B,7,9
1427622237.52,1427622238.16,A,21,8
1427622237.52,1427622238.16,B,7,8
1427622237.56,1427622238.2,A,20,8
1427622237.56,1427622238.2,B,9,8
1427622237.6,1427622238.24,A,17,8
1427622237.6,1427622238.24,B,10,8
1427622237.64,1427622238.28,A,17,7
1427622237.64,1427622238.28,B,9,7
1427622237.68,1427622238.32,A,16,6
1427622237.68,1427622238.32,B,5,6
1427622237.72,1427622238.36,A,17,5
1427622237.72,1427622238.36,B,5,5
1427622237.76,1427622238.4,A,19,6
1427622237.76,1427622238.4,B,4,6
1427622237.8,1427622238.44,A,19,6
1427622237.8,1427622238.44,B,6,6
1427622237.84,1427622238.48,A,19,6
1427622237.84,1427622238.48,B,6,6
1427622237.88,1427622238.52,A,19,6
1427622237.88,1427622238.52,B,6,6
1427622237.92,1427622238.56,A,18,5
1427622237.92,1427622238.56,B,6,5
1427622237.96,1427622238.6,A,17,5
1427622237.96,1427622238.6,B,7,5
1427622238.0,1427622238.64,A,16,5
1427622238.0,1427622238.64,B,6,5
1427622238.04,1427622238.68,A,13,5
1427622238.04,1427622238.68,B,7,5
1427622238.08,1427622238.72,A,13,5
1427622238.08,1427622238.72,B,7,5
1427622238.12,1427622238.76,A,12,5
1427622238.12,1427622238.76,B,6,5
1427622238.16,1427622238.8,A,11,5
1427622238.16,1427622238.8,B,6,5
1427622238.2,1427622238.84,A,10,5
1427622238.2,1427622238.84,B,6,5
1427622238.24,1427622238.88,A,9,5
1427622238.24,1427622238.88,B,8,5
1427622238.28,1427622238.92,A,8,5
1427622238.28,1427622238.92,B,7,5
1427622238.32,1427622238.96,A,9,5
1427622238.32,1427622238.96,B,6,5
1427622238.36,1427622239.0,A,11,5
1427622238.36,1427622239.0,B,5,5
1427622238.4,1427622239.04,A,8,4
1427622238.4,1427622239.04,B,8,4
1427622238.44,1427622239.08,A,7,4
1427622238.44,1427622239.08,B,9,4
1427622238.48,1427622239.12,A,4,4
1427622238.48,1427622239.12,B,10,4
1427622238.52,1427622239.16,A,3,4
1427622238.52,1427622239.16,B,9,4
1427622238.56,1427622239.2,A,2,4
1427622238.56,1427622239.2,B,6,4
1427622238.6,1427622239.24,A,2,5
1427622238.6,1427622239.24,B,6,5
1427622238.64,1427622239.28,A,3,5
1427622238.64,1427622239.28,B,7,5
1427622238.68,1427622239.32,A,3,5
1427622238.68,1427622239.32,B,7,5
1427622238.72,1427622239.36,A,3,5
1427622238.72,1427622239.36,B,8,5
1427622238.76,1427622239.4,A,3,5
1427622238.76,1427622239.4,B,8,5
1427622238.8,1427622239.44,A,4,5
1427622238.8,1427622239.44,B,9,5
1427622238.84,1427622239.48,A,4,5
1427622238.84,1427622239.48,B,10,5
1427622238.88,1427622239.52,A,4,5
1427622238.88,1427622239.52,B,9,5
1427622238.92,1427622239.56,A,4,5
1427622238.92,1427622239.56,B,8,5
1427622238.96,1427622239.6,A,3,4
1427622238.96,1427622239.6,B,5,4
1427622239.0,1427622239.64,A,2,4
1427622239.0,1427622239.64,B,5,4
1427622239.04,1427622239.68,A,2,4
1427622239.04,1427622239.68,B,6,4
1427622239.08,1427622239.72,A,2,5
1427622239.08,1427622239.72,B,8,5
1427622239.12,1427622239.76,A,3,5
1427622239.12,1427622239.76,B,9,5
1427622239.16,1427622239.8,A,6,5
1427622239.16,1427622239.8,B,7,5
1427622239.2,1427622239.84,A,8,4
1427622239.2,1427622239.84,B,5,4
1427622239.24,1427622239.88,A,10,4
1427622239.24,1427622239.88,B,6,4
1427622239.28,1427622239.92,A,10,4
1427622239.28,1427622239.92,B,6,4
1427622239.32,1427622239.96,A,10,5
1427622239.32,1427622239.96,B,7,5
1427622239.36,1427622240.0,A,8,5
1427622239.36,1427622240.0,B,8,5
1427622239.4,1427622240.04,A,8,5
1427622239.4,1427622240.04,B,8,5
1427622239.44,1427622240.08,A,5,5
1427622239.44,1427622240.08,B,6,5
1427622239.48,1427622240.12,A,6,4
1427622239.48,1427622240.12,B,4,4
1427622239.52,1427622240.16,A,7,5
1427622239.52,1427622240.16,B,6,5
1427622239.56,1427622240.2,A,8,5
1427622239.56,1427622240.2,B,7,5
1427622239.6,1427622240.24,A,8,5
1427622239.6,1427622240.24,B,8,5
1427622239.64,1427622240.28,A,8,5
1427622239.64,1427622240.28,B,8,5
1427622239.68,1427622240.32,A,10,5
1427622239.68,1427622240.32,B,8,5
1427622239.72,1427622240.36,A,9,5
1427622239.72,1427622240.36,B,7,5
1427622239.76,1427622240.4,A,10,5
1427622239.76,1427622240.4,B,9,5
1427622239.8,1427622240.44,A,9,5
1427622239.8,1427622240.44,B,9,5
1427622239.84,1427622240.48,A,7,5
1427622239.84,1427622240.48,B,12,5
1427622239.88,1427622240.52,A,9,6
1427622239.88,1427622240.52,B,14,6
1427622239.92,1427622240.56,A,9,6
1427622239.92,1427622240.56,B,13,6
1427622239.96,1427622240.6,A,10,6
1427622239.96,1427622240.6,B,11,6
1427622240.0,1427622240.64,A,11,6
1427622240.0,1427622240.64,B,10,6
1427622240.04,1427622240.68,A,10,6
1427622240.04,1427622240.68,B,8,6
1427622240.08,1427622240.72,A,9,6
1427622240.08,1427622240.72,B,8,6
1427622240.12,1427622240.76,A,6,6
1427622240.12,1427622240.76,B,11,6
1427622240.16,1427622240.8,A,6,7
1427622240.16,1427622240.8,B,12,7
1427622240.2,1427622240.84,A,5,6
1427622240.2,1427622240.84,B,10,6
1427622240.24,1427622240.88,A,5,7
1427622240.24,1427622240.88,B,9,7
1427622240.28,1427622240.92,A,8,7
1427622240.28,1427622240.92,B,9,7
1427622240.32,1427622240.96,A,9,7
1427622240.32,1427622240.96,B,12,7
1427622240.36,1427622241.0,A,9,7
1427622240.36,1427622241.0,B,13,7
1427622240.4,1427622241.04,A,11,7
1427622240.4,1427622241.04,B,10,7
1427622240.44,1427622241.08,A,10,7
1427622240.44,1427622241.08,B,10,7
1427622240.48,1427622241.12,A,8,7
1427622240.48,1427622241.12,B,9,7
1427622240.52,1427622241.16,A,11,6
1427622240.52,1427622241.16,B,8,6
1427622240.56,1427622241.2,A,11,6
1427622240.56,1427622241.2,B,8,6
1427622240.6,1427622241.24,A,12,6
1427622240.6,1427622241.24,B,7,6
1427622240.64,1427622241.28,A,13,6
1427622240.64,1427622241.28,B,6,6
1427622240.68,1427622241.32,A,14,6
1427622240.68,1427622241.32,B,6,6
1427622240.72,1427622241.36,A,15,6
1427622240.72,1427622241.36,B,7,6
