#targetfile:$(projectRoot)/result/result/75cm/waist-front/hasc-20150329-184424-mag-pca.csv-lowpass.csv
1427622270.81,1427622271.45,A,18,6
1427622270.85,1427622271.49,A,16,6
1427622270.89,1427622271.53,A,12,6
1427622270.89,1427622271.53,B,13,6
1427622270.93,1427622271.57,A,11,6
1427622270.93,1427622271.57,B,13,6
1427622270.97,1427622271.61,A,10,5
1427622270.97,1427622271.61,B,11,5
1427622271.01,1427622271.65,A,9,5
1427622271.01,1427622271.65,B,9,5
1427622271.05,1427622271.69,A,9,5
1427622271.05,1427622271.69,B,9,5
1427622271.09,1427622271.73,A,10,5
1427622271.09,1427622271.73,B,8,5
1427622271.13,1427622271.77,A,8,5
1427622271.13,1427622271.77,B,7,5
1427622271.17,1427622271.81,A,8,5
1427622271.17,1427622271.81,B,5,5
1427622271.21,1427622271.85,A,1,5
1427622271.21,1427622271.85,B,7,5
1427622271.25,1427622271.89,A,1,5
1427622271.25,1427622271.89,B,6,5
1427622271.29,1427622271.93,A,4,5
1427622271.29,1427622271.93,B,2,5
1427622271.33,1427622271.97,A,6,4
1427622271.33,1427622271.97,B,4,4
1427622271.37,1427622272.01,A,10,5
1427622271.37,1427622272.01,B,8,5
1427622271.41,1427622272.05,A,12,5
1427622271.41,1427622272.05,B,8,5
1427622271.45,1427622272.09,A,12,6
1427622271.45,1427622272.09,B,8,6
1427622271.49,1427622272.13,A,14,5
1427622271.49,1427622272.13,B,5,5
1427622271.53,1427622272.17,A,13,5
1427622271.53,1427622272.17,B,5,5
1427622271.57,1427622272.21,A,13,5
1427622271.57,1427622272.21,B,5,5
1427622271.61,1427622272.25,A,12,5
1427622271.61,1427622272.25,B,4,5
1427622271.65,1427622272.29,A,12,4
1427622271.65,1427622272.29,B,7,4
1427622271.69,1427622272.33,A,13,4
1427622271.69,1427622272.33,B,9,4
1427622271.73,1427622272.37,A,17,5
1427622271.73,1427622272.37,B,9,5
1427622271.77,1427622272.41,A,18,6
1427622271.77,1427622272.41,B,9,6
1427622271.81,1427622272.45,A,19,6
1427622271.81,1427622272.45,B,7,6
1427622271.85,1427622272.49,A,17,5
1427622271.85,1427622272.49,B,9,5
1427622271.89,1427622272.53,A,19,5
1427622271.89,1427622272.53,B,7,5
1427622271.93,1427622272.57,A,14,6
1427622271.93,1427622272.57,B,9,6
1427622271.97,1427622272.61,A,14,6
1427622271.97,1427622272.61,B,10,6
1427622272.01,1427622272.65,A,12,5
1427622272.01,1427622272.65,B,9,5
1427622272.05,1427622272.69,A,11,5
1427622272.05,1427622272.69,B,8,5
1427622272.09,1427622272.73,A,11,5
1427622272.09,1427622272.73,B,6,5
1427622272.13,1427622272.77,A,13,5
1427622272.13,1427622272.77,B,6,5
1427622272.17,1427622272.81,A,13,5
1427622272.17,1427622272.81,B,7,5
1427622272.21,1427622272.85,A,13,6
1427622272.21,1427622272.85,B,6,6
1427622272.25,1427622272.89,A,15,5
1427622272.25,1427622272.89,B,6,5
1427622272.29,1427622272.93,A,14,5
1427622272.29,1427622272.93,B,7,5
1427622272.33,1427622272.97,A,14,5
1427622272.33,1427622272.97,B,6,5
1427622272.37,1427622273.01,A,10,5
1427622272.37,1427622273.01,B,5,5
1427622272.41,1427622273.05,A,9,4
1427622272.41,1427622273.05,B,7,4
1427622272.45,1427622273.09,A,7,4
1427622272.45,1427622273.09,B,9,4
1427622272.49,1427622273.13,A,10,5
1427622272.49,1427622273.13,B,11,5
1427622272.53,1427622273.17,A,11,4
1427622272.53,1427622273.17,B,8,4
1427622272.57,1427622273.21,A,13,4
1427622272.57,1427622273.21,B,5,4
1427622272.61,1427622273.25,A,14,4
1427622272.61,1427622273.25,B,6,4
1427622272.65,1427622273.29,A,15,4
1427622272.65,1427622273.29,B,7,4
1427622272.69,1427622273.33,A,15,4
1427622272.69,1427622273.33,B,7,4
1427622272.73,1427622273.37,A,15,4
1427622272.73,1427622273.37,B,6,4
1427622272.77,1427622273.41,A,12,5
1427622272.77,1427622273.41,B,6,5
1427622272.81,1427622273.45,A,9,5
1427622272.81,1427622273.45,B,7,5
1427622272.85,1427622273.49,A,8,5
1427622272.85,1427622273.49,B,10,5
1427622272.89,1427622273.53,A,7,6
1427622272.89,1427622273.53,B,11,6
1427622272.93,1427622273.57,A,7,6
1427622272.93,1427622273.57,B,11,6
1427622272.97,1427622273.61,A,7,5
1427622272.97,1427622273.61,B,9,5
1427622273.01,1427622273.65,A,8,6
1427622273.01,1427622273.65,B,8,6
1427622273.05,1427622273.69,A,8,6
1427622273.05,1427622273.69,B,7,6
1427622273.09,1427622273.73,A,9,6
1427622273.09,1427622273.73,B,7,6
1427622273.13,1427622273.77,A,6,6
1427622273.13,1427622273.77,B,7,6
1427622273.17,1427622273.81,A,5,6
1427622273.17,1427622273.81,B,10,6
1427622273.21,1427622273.85,A,3,6
1427622273.21,1427622273.85,B,12,6
1427622273.25,1427622273.89,A,2,5
1427622273.25,1427622273.89,B,11,5
1427622273.29,1427622273.93,A,0,5
1427622273.29,1427622273.93,B,11,5
1427622273.33,1427622273.97,A,0,5
1427622273.33,1427622273.97,B,11,5
1427622273.37,1427622274.01,A,2,5
1427622273.37,1427622274.01,B,8,5
1427622273.41,1427622274.05,A,3,5
1427622273.41,1427622274.05,B,7,5
1427622273.45,1427622274.09,A,9,5
1427622273.45,1427622274.09,B,6,5
1427622273.49,1427622274.13,A,8,6
1427622273.49,1427622274.13,B,9,6
1427622273.53,1427622274.17,A,9,5
1427622273.53,1427622274.17,B,10,5
1427622273.57,1427622274.21,A,8,5
1427622273.57,1427622274.21,B,11,5
1427622273.61,1427622274.25,A,9,5
1427622273.61,1427622274.25,B,10,5
1427622273.65,1427622274.29,A,6,6
1427622273.65,1427622274.29,B,9,6
1427622273.69,1427622274.33,A,5,5
1427622273.69,1427622274.33,B,11,5
1427622273.73,1427622274.37,A,0,5
1427622273.73,1427622274.37,B,14,5
1427622273.77,1427622274.41,A,1,5
1427622273.77,1427622274.41,B,13,5
1427622273.81,1427622274.45,A,7,5
1427622273.81,1427622274.45,B,8,5
1427622273.85,1427622274.49,A,8,6
1427622273.85,1427622274.49,B,8,6
1427622273.89,1427622274.53,A,13,6
1427622273.89,1427622274.53,B,12,6
1427622273.93,1427622274.57,A,11,6
1427622273.93,1427622274.57,B,14,6
1427622273.97,1427622274.61,A,10,7
1427622273.97,1427622274.61,B,15,7
1427622274.01,1427622274.65,A,7,7
1427622274.01,1427622274.65,B,16,7
1427622274.05,1427622274.69,A,8,7
1427622274.05,1427622274.69,B,17,7
1427622274.09,1427622274.73,A,7,7
1427622274.09,1427622274.73,B,13,7
1427622274.13,1427622274.77,A,13,7
1427622274.13,1427622274.77,B,11,7
1427622274.17,1427622274.81,A,17,7
1427622274.17,1427622274.81,B,15,7
1427622274.21,1427622274.85,A,20,7
1427622274.21,1427622274.85,B,20,7
1427622274.25,1427622274.89,A,20,7
1427622274.25,1427622274.89,B,20,7
1427622274.29,1427622274.93,A,19,7
1427622274.29,1427622274.93,B,19,7
1427622274.33,1427622274.97,A,16,8
1427622274.33,1427622274.97,B,17,8
1427622274.37,1427622275.01,A,12,8
1427622274.37,1427622275.01,B,13,8
1427622274.41,1427622275.05,A,8,8
1427622274.41,1427622275.05,B,15,8
1427622274.45,1427622275.09,A,5,8
1427622274.45,1427622275.09,B,17,8
1427622274.49,1427622275.13,A,14,10
1427622274.49,1427622275.13,B,23,10
1427622274.53,1427622275.17,A,19,10
1427622274.53,1427622275.17,B,19,10
1427622274.57,1427622275.21,A,25,10
1427622274.57,1427622275.21,B,12,10
1427622274.61,1427622275.25,A,28,10
1427622274.61,1427622275.25,B,10,10
1427622274.65,1427622275.29,A,29,10
1427622274.65,1427622275.29,B,11,10
1427622274.69,1427622275.33,A,26,10
1427622274.69,1427622275.33,B,11,10
1427622274.73,1427622275.37,A,24,10
1427622274.73,1427622275.37,B,12,10
1427622274.77,1427622275.41,A,19,11
1427622274.77,1427622275.41,B,13,11
1427622274.81,1427622275.45,A,14,10
1427622274.81,1427622275.45,B,10,10
1427622274.85,1427622275.49,A,19,12
1427622274.85,1427622275.49,B,14,12
1427622274.89,1427622275.53,A,21,11
1427622274.89,1427622275.53,B,17,11
1427622274.93,1427622275.57,A,34,13
1427622274.93,1427622275.57,B,20,13
1427622274.97,1427622275.61,A,38,14
1427622274.97,1427622275.61,B,16,14
1427622275.01,1427622275.65,A,52,17
1427622275.01,1427622275.65,B,14,17
1427622275.05,1427622275.69,A,49,18
1427622275.05,1427622275.69,B,19,18
1427622275.09,1427622275.73,A,53,17
1427622275.09,1427622275.73,B,14,17
1427622275.13,1427622275.77,A,45,15
1427622275.13,1427622275.77,B,15,15
1427622275.17,1427622275.81,A,42,16
1427622275.17,1427622275.81,B,13,16
1427622275.21,1427622275.85,A,31,17
1427622275.21,1427622275.85,B,16,17
1427622275.25,1427622275.89,A,30,18
1427622275.25,1427622275.89,B,16,18
1427622275.29,1427622275.93,A,38,19
1427622275.29,1427622275.93,B,22,19
1427622275.33,1427622275.97,A,45,22
1427622275.33,1427622275.97,B,29,22
1427622275.37,1427622276.01,A,64,22
1427622275.37,1427622276.01,B,21,22
1427622275.41,1427622276.05,A,68,24
1427622275.41,1427622276.05,B,22,24
1427622275.45,1427622276.09,A,81,23
1427622275.45,1427622276.09,B,17,23
1427622275.49,1427622276.13,A,75,23
1427622275.49,1427622276.13,B,20,23
1427622275.53,1427622276.17,A,79,23
1427622275.53,1427622276.17,B,20,23
1427622275.57,1427622276.21,A,59,26
1427622275.57,1427622276.21,B,29,26
1427622275.61,1427622276.25,A,54,24
1427622275.61,1427622276.25,B,20,24
1427622275.65,1427622276.29,A,23,24
1427622275.65,1427622276.29,B,34,24
1427622275.69,1427622276.33,A,24,25
1427622275.69,1427622276.33,B,39,25
1427622275.73,1427622276.37,A,45,28
1427622275.73,1427622276.37,B,44,28
1427622275.77,1427622276.41,A,46,27
1427622275.77,1427622276.41,B,42,27
1427622275.81,1427622276.45,A,74,29
1427622275.81,1427622276.45,B,23,29
1427622275.85,1427622276.49,A,72,30
1427622275.85,1427622276.49,B,21,30
1427622275.89,1427622276.53,A,77,31
1427622275.89,1427622276.53,B,19,31
1427622275.93,1427622276.57,A,58,31
1427622275.93,1427622276.57,B,28,31
1427622275.97,1427622276.61,A,51,31
1427622275.97,1427622276.61,B,33,31
1427622276.01,1427622276.65,A,19,33
1427622276.01,1427622276.65,B,38,33
1427622276.05,1427622276.69,A,18,32
1427622276.05,1427622276.69,B,42,32
1427622276.09,1427622276.73,A,48,36
1427622276.09,1427622276.73,B,42,36
1427622276.13,1427622276.77,A,54,37
1427622276.13,1427622276.77,B,41,37
1427622276.17,1427622276.81,A,88,38
1427622276.17,1427622276.81,B,34,38
1427622276.21,1427622276.85,A,91,39
1427622276.21,1427622276.85,B,31,39
1427622276.25,1427622276.89,A,104,35
1427622276.25,1427622276.89,B,16,35
1427622276.29,1427622276.93,A,84,38
1427622276.29,1427622276.93,B,29,38
1427622276.33,1427622276.97,A,79,37
1427622276.33,1427622276.97,B,34,37
1427622276.37,1427622277.01,A,35,36
1427622276.37,1427622277.01,B,48,36
1427622276.41,1427622277.05,A,37,42
1427622276.41,1427622277.05,B,56,42
1427622276.45,1427622277.09,A,53,39
1427622276.45,1427622277.09,B,47,39
1427622276.49,1427622277.13,A,59,37
1427622276.49,1427622277.13,B,41,37
1427622276.53,1427622277.17,A,97,38
1427622276.53,1427622277.17,B,23,38
1427622276.57,1427622277.21,A,98,37
1427622276.57,1427622277.21,B,22,37
1427622276.61,1427622277.25,A,107,35
1427622276.61,1427622277.25,B,19,35
1427622276.65,1427622277.29,A,80,40
1427622276.65,1427622277.29,B,35,40
1427622276.69,1427622277.33,A,71,40
1427622276.69,1427622277.33,B,46,40
1427622276.73,1427622277.37,A,19,37
1427622276.73,1427622277.37,B,57,37
1427622276.77,1427622277.41,A,21,37
1427622276.77,1427622277.41,B,62,37
1427622276.81,1427622277.45,A,57,40
1427622276.81,1427622277.45,B,51,40
1427622276.85,1427622277.49,A,63,36
1427622276.85,1427622277.49,B,39,36
1427622276.89,1427622277.53,A,91,35
1427622276.89,1427622277.53,B,23,35
1427622276.93,1427622277.57,A,88,35
1427622276.93,1427622277.57,B,29,35
1427622276.97,1427622277.61,A,84,37
1427622276.97,1427622277.61,B,33,37
1427622277.01,1427622277.65,A,45,37
1427622277.01,1427622277.65,B,36,37
1427622277.05,1427622277.69,A,38,39
1427622277.05,1427622277.69,B,59,39
1427622277.09,1427622277.73,A,32,37
1427622277.09,1427622277.73,B,65,37
1427622277.13,1427622277.77,A,41,40
1427622277.13,1427622277.77,B,64,40
1427622277.17,1427622277.81,A,83,37
1427622277.17,1427622277.81,B,45,37
1427622277.21,1427622277.85,A,85,37
1427622277.21,1427622277.85,B,42,37
1427622277.25,1427622277.89,A,89,37
1427622277.25,1427622277.89,B,34,37
1427622277.29,1427622277.93,A,72,35
1427622277.29,1427622277.93,B,31,35
1427622277.33,1427622277.97,A,65,37
1427622277.33,1427622277.97,B,39,37
1427622277.37,1427622278.01,A,35,31
1427622277.37,1427622278.01,B,14,31
1427622277.41,1427622278.05,A,52,35
1427622277.41,1427622278.05,B,28,35
1427622277.45,1427622278.09,A,78,32
1427622277.45,1427622278.09,B,31,32
1427622277.49,1427622278.13,A,79,32
1427622277.49,1427622278.13,B,30,32
1427622277.53,1427622278.17,A,99,31
1427622277.53,1427622278.17,B,21,31
1427622277.57,1427622278.21,A,99,31
1427622277.57,1427622278.21,B,20,31
1427622277.61,1427622278.25,A,88,32
1427622277.61,1427622278.25,B,28,32
1427622277.65,1427622278.29,A,67,29
1427622277.65,1427622278.29,B,31,29
1427622277.69,1427622278.33,A,67,27
1427622277.69,1427622278.33,B,44,27
1427622277.73,1427622278.37,A,49,25
1427622277.73,1427622278.37,B,25,25
1427622277.77,1427622278.41,A,60,24
1427622277.77,1427622278.41,B,21,24
1427622277.81,1427622278.45,A,77,20
1427622277.81,1427622278.45,B,9,20
1427622277.85,1427622278.49,A,79,20
1427622277.85,1427622278.49,B,8,20
1427622277.89,1427622278.53,A,74,21
1427622277.89,1427622278.53,B,13,21
1427622277.93,1427622278.57,A,71,21
1427622277.93,1427622278.57,B,15,21
1427622277.97,1427622278.61,A,56,21
1427622277.97,1427622278.61,B,29,21
1427622278.01,1427622278.65,A,36,18
1427622278.01,1427622278.65,B,22,18
1427622278.05,1427622278.69,A,42,20
1427622278.05,1427622278.69,B,29,20
1427622278.09,1427622278.73,A,38,16
1427622278.09,1427622278.73,B,14,16
1427622278.13,1427622278.77,A,39,16
1427622278.13,1427622278.77,B,13,16
1427622278.17,1427622278.81,A,50,15
1427622278.17,1427622278.81,B,7,15
1427622278.21,1427622278.85,A,50,15
1427622278.21,1427622278.85,B,7,15
1427622278.25,1427622278.89,A,36,17
1427622278.25,1427622278.89,B,11,17
1427622278.29,1427622278.93,A,36,16
1427622278.29,1427622278.93,B,17,16
1427622278.33,1427622278.97,A,37,15
1427622278.33,1427622278.97,B,29,15
1427622278.37,1427622279.01,A,34,13
1427622278.37,1427622279.01,B,26,13
1427622278.41,1427622279.05,A,47,13
1427622278.41,1427622279.05,B,24,13
1427622278.45,1427622279.09,A,51,13
1427622278.45,1427622279.09,B,16,13
1427622278.49,1427622279.13,A,53,13
1427622278.49,1427622279.13,B,14,13
1427622278.53,1427622279.17,A,52,12
1427622278.53,1427622279.17,B,13,12
1427622278.57,1427622279.21,A,50,12
1427622278.57,1427622279.21,B,18,12
1427622278.61,1427622279.25,A,39,11
1427622278.61,1427622279.25,B,14,11
1427622278.65,1427622279.29,A,38,12
1427622278.65,1427622279.29,B,10,12
1427622278.69,1427622279.33,A,39,11
1427622278.69,1427622279.33,B,17,11
1427622278.73,1427622279.37,A,37,12
1427622278.73,1427622279.37,B,15,12
1427622278.77,1427622279.41,A,36,11
1427622278.77,1427622279.41,B,13,11
1427622278.81,1427622279.45,A,34,10
1427622278.81,1427622279.45,B,12,10
1427622278.85,1427622279.49,A,33,10
1427622278.85,1427622279.49,B,12,10
1427622278.89,1427622279.53,A,29,9
1427622278.89,1427622279.53,B,9,9
1427622278.93,1427622279.57,A,24,10
1427622278.93,1427622279.57,B,17,10
1427622278.97,1427622279.61,A,14,8
1427622278.97,1427622279.61,B,14,8
1427622279.01,1427622279.65,A,16,8
1427622279.01,1427622279.65,B,12,8
1427622279.05,1427622279.69,A,14,8
1427622279.05,1427622279.69,B,10,8
1427622279.09,1427622279.73,A,13,7
1427622279.09,1427622279.73,B,13,7
1427622279.13,1427622279.77,A,15,7
1427622279.13,1427622279.77,B,15,7
1427622279.17,1427622279.81,A,16,7
1427622279.17,1427622279.81,B,12,7
1427622279.21,1427622279.85,A,14,7
1427622279.21,1427622279.85,B,13,7
1427622279.25,1427622279.89,A,12,7
1427622279.25,1427622279.89,B,13,7
1427622279.29,1427622279.93,A,11,7
1427622279.29,1427622279.93,B,9,7
1427622279.33,1427622279.97,A,11,6
1427622279.33,1427622279.97,B,8,6
1427622279.37,1427622280.01,A,18,5
1427622279.37,1427622280.01,B,14,5
1427622279.41,1427622280.05,A,19,5
1427622279.41,1427622280.05,B,13,5
1427622279.45,1427622280.09,A,20,5
1427622279.45,1427622280.09,B,13,5
1427622279.49,1427622280.13,A,21,5
1427622279.49,1427622280.13,B,13,5
1427622279.53,1427622280.17,A,21,5
1427622279.53,1427622280.17,B,12,5
1427622279.57,1427622280.21,A,17,4
1427622279.57,1427622280.21,B,9,4
1427622279.61,1427622280.25,A,17,4
1427622279.61,1427622280.25,B,7,4
1427622279.65,1427622280.29,A,17,4
1427622279.65,1427622280.29,B,8,4
1427622279.69,1427622280.33,A,18,4
1427622279.69,1427622280.33,B,9,4
1427622279.73,1427622280.37,A,19,4
1427622279.73,1427622280.37,B,9,4
1427622279.77,1427622280.41,A,20,5
1427622279.77,1427622280.41,B,8,5
1427622279.81,1427622280.45,A,18,5
1427622279.81,1427622280.45,B,11,5
1427622279.85,1427622280.49,A,17,5
1427622279.85,1427622280.49,B,13,5
1427622279.89,1427622280.53,A,14,6
1427622279.89,1427622280.53,B,14,6
1427622279.93,1427622280.57,A,12,6
1427622279.93,1427622280.57,B,12,6
1427622279.97,1427622280.61,A,11,6
1427622279.97,1427622280.61,B,12,6
1427622280.01,1427622280.65,A,7,5
1427622280.01,1427622280.65,B,9,5
1427622280.05,1427622280.69,A,8,5
1427622280.05,1427622280.69,B,8,5
1427622280.09,1427622280.73,A,9,5
1427622280.09,1427622280.73,B,7,5
1427622280.13,1427622280.77,A,8,5
1427622280.13,1427622280.77,B,6,5
1427622280.17,1427622280.81,A,8,5
1427622280.17,1427622280.81,B,5,5
1427622280.21,1427622280.85,A,6,4
1427622280.21,1427622280.85,B,4,4
1427622280.25,1427622280.89,A,9,5
1427622280.25,1427622280.89,B,4,5
1427622280.29,1427622280.93,A,8,5
1427622280.29,1427622280.93,B,6,5
1427622280.33,1427622280.97,A,4,5
1427622280.33,1427622280.97,B,9,5
1427622280.37,1427622281.01,A,4,5
1427622280.37,1427622281.01,B,9,5
1427622280.41,1427622281.05,A,2,5
1427622280.41,1427622281.05,B,9,5
1427622280.45,1427622281.09,A,3,4
1427622280.45,1427622281.09,B,9,4
1427622280.49,1427622281.13,A,7,4
1427622280.49,1427622281.13,B,7,4
1427622280.53,1427622281.17,A,8,4
1427622280.53,1427622281.17,B,5,4
1427622280.57,1427622281.21,A,10,4
1427622280.57,1427622281.21,B,8,4
1427622280.61,1427622281.25,A,9,4
1427622280.61,1427622281.25,B,10,4
1427622280.65,1427622281.29,A,9,4
1427622280.65,1427622281.29,B,10,4
1427622280.69,1427622281.33,A,7,4
1427622280.69,1427622281.33,B,9,4
1427622280.73,1427622281.37,A,7,4
1427622280.73,1427622281.37,B,8,4
1427622280.77,1427622281.41,A,7,4
1427622280.77,1427622281.41,B,8,4
1427622280.81,1427622281.45,A,7,4
1427622280.81,1427622281.45,B,8,4
1427622280.85,1427622281.49,A,7,5
1427622280.85,1427622281.49,B,7,5
1427622280.89,1427622281.53,A,5,4
1427622280.89,1427622281.53,B,5,4
1427622280.93,1427622281.57,A,6,4
1427622280.93,1427622281.57,B,4,4
1427622280.97,1427622281.61,A,7,4
1427622280.97,1427622281.61,B,5,4
1427622281.01,1427622281.65,A,5,4
1427622281.01,1427622281.65,B,6,4
1427622281.05,1427622281.69,A,4,3
1427622281.05,1427622281.69,B,8,3
1427622281.09,1427622281.73,A,4,3
1427622281.09,1427622281.73,B,8,3
1427622281.13,1427622281.77,A,3,4
1427622281.13,1427622281.77,B,7,4
1427622281.17,1427622281.81,A,2,4
1427622281.17,1427622281.81,B,6,4
1427622281.21,1427622281.85,A,3,4
1427622281.21,1427622281.85,B,6,4
1427622281.25,1427622281.89,A,3,3
1427622281.25,1427622281.89,B,5,3
1427622281.29,1427622281.93,A,3,4
1427622281.29,1427622281.93,B,6,4
1427622281.33,1427622281.97,A,3,3
1427622281.33,1427622281.97,B,7,3
1427622281.37,1427622282.01,A,2,3
1427622281.37,1427622282.01,B,6,3
1427622281.41,1427622282.05,A,4,3
1427622281.41,1427622282.05,B,4,3
1427622281.45,1427622282.09,A,3,3
1427622281.45,1427622282.09,B,4,3
1427622281.49,1427622282.13,A,4,3
1427622281.49,1427622282.13,B,4,3
1427622281.53,1427622282.17,A,4,3
1427622281.53,1427622282.17,B,4,3
1427622281.57,1427622282.21,A,3,3
1427622281.57,1427622282.21,B,5,3
1427622281.61,1427622282.25,A,3,3
1427622281.61,1427622282.25,B,5,3
1427622281.65,1427622282.29,A,3,3
1427622281.65,1427622282.29,B,6,3
1427622281.69,1427622282.33,A,2,3
1427622281.69,1427622282.33,B,6,3
1427622281.73,1427622282.37,A,2,3
1427622281.73,1427622282.37,B,5,3
1427622281.77,1427622282.41,A,2,3
1427622281.77,1427622282.41,B,4,3
1427622281.81,1427622282.45,A,0,2
1427622281.81,1427622282.45,B,2,2
1427622281.85,1427622282.49,A,0,1
1427622281.85,1427622282.49,B,2,1
1427622281.89,1427622282.53,A,0,1
1427622281.89,1427622282.53,B,2,1
1427622281.93,1427622282.57,A,2,1
1427622281.93,1427622282.57,B,2,1
1427622281.97,1427622282.61,A,3,2
1427622281.97,1427622282.61,B,3,2
1427622282.01,1427622282.65,A,3,2
1427622282.01,1427622282.65,B,4,2
1427622282.05,1427622282.69,A,3,2
1427622282.05,1427622282.69,B,4,2
1427622282.09,1427622282.73,A,3,2
1427622282.09,1427622282.73,B,4,2
1427622282.13,1427622282.77,A,2,2
1427622282.13,1427622282.77,B,5,2
1427622282.17,1427622282.81,A,4,3
1427622282.17,1427622282.81,B,4,3
1427622282.21,1427622282.85,A,3,2
1427622282.21,1427622282.85,B,5,2
1427622282.25,1427622282.89,A,3,3
1427622282.25,1427622282.89,B,5,3
