#targetfile:$(projectRoot)/result/result/75cm/waist-front/hasc-20150329-184324-mag-pca.csv-lowpass.csv
1427622210.19,1427622210.83,B,10,6
1427622210.23,1427622210.87,B,10,7
1427622210.27,1427622210.91,B,9,7
1427622210.31,1427622210.95,A,10,7
1427622210.31,1427622210.95,B,11,7
1427622210.35,1427622210.99,A,9,6
1427622210.35,1427622210.99,B,12,6
1427622210.39,1427622211.03,A,9,6
1427622210.39,1427622211.03,B,13,6
1427622210.43,1427622211.07,A,9,6
1427622210.43,1427622211.07,B,12,6
1427622210.47,1427622211.11,A,8,6
1427622210.47,1427622211.11,B,10,6
1427622210.51,1427622211.15,A,7,6
1427622210.51,1427622211.15,B,9,6
1427622210.55,1427622211.19,A,6,6
1427622210.55,1427622211.19,B,9,6
1427622210.59,1427622211.23,A,8,6
1427622210.59,1427622211.23,B,6,6
1427622210.63,1427622211.27,A,4,6
1427622210.63,1427622211.27,B,8,6
1427622210.67,1427622211.31,A,3,5
1427622210.67,1427622211.31,B,8,5
1427622210.71,1427622211.35,A,1,5
1427622210.71,1427622211.35,B,7,5
1427622210.75,1427622211.39,A,1,5
1427622210.75,1427622211.39,B,4,5
1427622210.79,1427622211.43,A,2,4
1427622210.79,1427622211.43,B,2,4
1427622210.83,1427622211.47,A,1,4
1427622210.83,1427622211.47,B,1,4
1427622210.87,1427622211.51,A,2,4
1427622210.87,1427622211.51,B,3,4
1427622210.91,1427622211.55,A,2,4
1427622210.91,1427622211.55,B,2,4
1427622210.95,1427622211.59,A,5,4
1427622210.95,1427622211.59,B,3,4
1427622210.99,1427622211.63,A,5,4
1427622210.99,1427622211.63,B,3,4
1427622211.03,1427622211.67,A,6,4
1427622211.03,1427622211.67,B,2,4
1427622211.07,1427622211.71,A,6,4
1427622211.07,1427622211.71,B,2,4
1427622211.11,1427622211.75,A,5,4
1427622211.11,1427622211.75,B,1,4
1427622211.15,1427622211.79,A,3,4
1427622211.15,1427622211.79,B,1,4
1427622211.19,1427622211.83,A,6,3
1427622211.19,1427622211.83,B,5,3
1427622211.23,1427622211.87,A,7,3
1427622211.23,1427622211.87,B,7,3
1427622211.27,1427622211.91,A,8,3
1427622211.27,1427622211.91,B,6,3
1427622211.31,1427622211.95,A,9,4
1427622211.31,1427622211.95,B,5,4
1427622211.35,1427622211.99,A,10,4
1427622211.35,1427622211.99,B,4,4
1427622211.39,1427622212.03,A,7,4
1427622211.39,1427622212.03,B,5,4
1427622211.43,1427622212.07,A,7,4
1427622211.43,1427622212.07,B,6,4
1427622211.47,1427622212.11,A,7,4
1427622211.47,1427622212.11,B,6,4
1427622211.51,1427622212.15,A,6,4
1427622211.51,1427622212.15,B,5,4
1427622211.55,1427622212.19,A,6,4
1427622211.55,1427622212.19,B,3,4
1427622211.59,1427622212.23,A,8,4
1427622211.59,1427622212.23,B,2,4
1427622211.63,1427622212.27,A,7,4
1427622211.63,1427622212.27,B,2,4
1427622211.67,1427622212.31,A,6,4
1427622211.67,1427622212.31,B,3,4
1427622211.71,1427622212.35,A,8,5
1427622211.71,1427622212.35,B,5,5
1427622211.75,1427622212.39,A,8,5
1427622211.75,1427622212.39,B,6,5
1427622211.79,1427622212.43,A,7,5
1427622211.79,1427622212.43,B,7,5
1427622211.83,1427622212.47,A,6,5
1427622211.83,1427622212.47,B,7,5
1427622211.87,1427622212.51,A,6,5
1427622211.87,1427622212.51,B,7,5
1427622211.91,1427622212.55,A,6,5
1427622211.91,1427622212.55,B,7,5
1427622211.95,1427622212.59,A,4,5
1427622211.95,1427622212.59,B,8,5
1427622211.99,1427622212.63,A,4,5
1427622211.99,1427622212.63,B,9,5
1427622212.03,1427622212.67,A,2,5
1427622212.03,1427622212.67,B,8,5
1427622212.07,1427622212.71,A,2,5
1427622212.07,1427622212.71,B,8,5
1427622212.11,1427622212.75,A,4,5
1427622212.11,1427622212.75,B,8,5
1427622212.15,1427622212.79,A,4,5
1427622212.15,1427622212.79,B,9,5
1427622212.19,1427622212.83,A,5,5
1427622212.19,1427622212.83,B,8,5
1427622212.23,1427622212.87,A,8,5
1427622212.23,1427622212.87,B,6,5
1427622212.27,1427622212.91,A,10,6
1427622212.27,1427622212.91,B,6,6
1427622212.31,1427622212.95,A,8,6
1427622212.31,1427622212.95,B,5,6
1427622212.35,1427622212.99,A,8,6
1427622212.35,1427622212.99,B,5,6
1427622212.39,1427622213.03,A,10,6
1427622212.39,1427622213.03,B,6,6
1427622212.43,1427622213.07,A,9,5
1427622212.43,1427622213.07,B,7,5
1427622212.47,1427622213.11,A,10,5
1427622212.47,1427622213.11,B,7,5
1427622212.51,1427622213.15,A,13,6
1427622212.51,1427622213.15,B,10,6
1427622212.55,1427622213.19,A,15,6
1427622212.55,1427622213.19,B,10,6
1427622212.59,1427622213.23,A,16,6
1427622212.59,1427622213.23,B,10,6
1427622212.63,1427622213.27,A,21,5
1427622212.63,1427622213.27,B,6,5
1427622212.67,1427622213.31,A,20,5
1427622212.67,1427622213.31,B,4,5
1427622212.71,1427622213.35,A,22,5
1427622212.71,1427622213.35,B,7,5
1427622212.75,1427622213.39,A,19,5
1427622212.75,1427622213.39,B,9,5
1427622212.79,1427622213.43,A,18,6
1427622212.79,1427622213.43,B,12,6
1427622212.83,1427622213.47,A,16,6
1427622212.83,1427622213.47,B,11,6
1427622212.87,1427622213.51,A,15,5
1427622212.87,1427622213.51,B,10,5
1427622212.91,1427622213.55,A,13,4
1427622212.91,1427622213.55,B,9,4
1427622212.95,1427622213.59,A,13,4
1427622212.95,1427622213.59,B,7,4
1427622212.99,1427622213.63,A,12,4
1427622212.99,1427622213.63,B,6,4
1427622213.03,1427622213.67,A,9,5
1427622213.03,1427622213.67,B,8,5
1427622213.07,1427622213.71,A,5,5
1427622213.07,1427622213.71,B,8,5
1427622213.11,1427622213.75,A,4,6
1427622213.11,1427622213.75,B,11,6
1427622213.15,1427622213.79,A,5,6
1427622213.15,1427622213.79,B,5,6
1427622213.19,1427622213.83,A,8,7
1427622213.19,1427622213.83,B,3,7
1427622213.23,1427622213.87,A,12,7
1427622213.23,1427622213.87,B,2,7
1427622213.27,1427622213.91,A,14,7
1427622213.27,1427622213.91,B,4,7
1427622213.31,1427622213.95,A,17,8
1427622213.31,1427622213.95,B,5,8
1427622213.35,1427622213.99,A,23,7
1427622213.35,1427622213.99,B,7,7
1427622213.39,1427622214.03,A,24,7
1427622213.39,1427622214.03,B,10,7
1427622213.43,1427622214.07,A,24,7
1427622213.43,1427622214.07,B,11,7
1427622213.47,1427622214.11,A,27,7
1427622213.47,1427622214.11,B,11,7
1427622213.51,1427622214.15,A,28,7
1427622213.51,1427622214.15,B,10,7
1427622213.55,1427622214.19,A,31,8
1427622213.55,1427622214.19,B,13,8
1427622213.59,1427622214.23,A,31,8
1427622213.59,1427622214.23,B,13,8
1427622213.63,1427622214.27,A,33,8
1427622213.63,1427622214.27,B,12,8
1427622213.67,1427622214.31,A,32,8
1427622213.67,1427622214.31,B,12,8
1427622213.71,1427622214.35,A,31,7
1427622213.71,1427622214.35,B,13,7
1427622213.75,1427622214.39,A,24,8
1427622213.75,1427622214.39,B,13,8
1427622213.79,1427622214.43,A,25,9
1427622213.79,1427622214.43,B,15,9
1427622213.83,1427622214.47,A,25,8
1427622213.83,1427622214.47,B,12,8
1427622213.87,1427622214.51,A,25,8
1427622213.87,1427622214.51,B,11,8
1427622213.91,1427622214.55,A,29,8
1427622213.91,1427622214.55,B,10,8
1427622213.95,1427622214.59,A,29,8
1427622213.95,1427622214.59,B,12,8
1427622213.99,1427622214.63,A,25,8
1427622213.99,1427622214.63,B,9,8
1427622214.03,1427622214.67,A,31,9
1427622214.03,1427622214.67,B,8,9
1427622214.07,1427622214.71,A,32,10
1427622214.07,1427622214.71,B,11,10
1427622214.11,1427622214.75,A,36,11
1427622214.11,1427622214.75,B,14,11
1427622214.15,1427622214.79,A,47,12
1427622214.15,1427622214.79,B,9,12
1427622214.19,1427622214.83,A,48,12
1427622214.19,1427622214.83,B,7,12
1427622214.23,1427622214.87,A,54,12
1427622214.23,1427622214.87,B,6,12
1427622214.27,1427622214.91,A,56,12
1427622214.27,1427622214.91,B,8,12
1427622214.31,1427622214.95,A,56,12
1427622214.31,1427622214.95,B,6,12
1427622214.35,1427622214.99,A,58,12
1427622214.35,1427622214.99,B,6,12
1427622214.39,1427622215.03,A,63,14
1427622214.39,1427622215.03,B,15,14
1427622214.43,1427622215.07,A,65,14
1427622214.43,1427622215.07,B,16,14
1427622214.47,1427622215.11,A,77,15
1427622214.47,1427622215.11,B,8,15
1427622214.51,1427622215.15,A,80,16
1427622214.51,1427622215.15,B,8,16
1427622214.55,1427622215.19,A,87,17
1427622214.55,1427622215.19,B,11,17
1427622214.59,1427622215.23,A,92,17
1427622214.59,1427622215.23,B,8,17
1427622214.63,1427622215.27,A,93,17
1427622214.63,1427622215.27,B,7,17
1427622214.67,1427622215.31,A,93,17
1427622214.67,1427622215.31,B,8,17
1427622214.71,1427622215.35,A,95,18
1427622214.71,1427622215.35,B,12,18
1427622214.75,1427622215.39,A,89,19
1427622214.75,1427622215.39,B,7,19
1427622214.79,1427622215.43,A,102,23
1427622214.79,1427622215.43,B,17,23
1427622214.83,1427622215.47,A,113,24
1427622214.83,1427622215.47,B,21,24
1427622214.87,1427622215.51,A,118,25
1427622214.87,1427622215.51,B,26,25
1427622214.91,1427622215.55,A,124,25
1427622214.91,1427622215.55,B,22,25
1427622214.95,1427622215.59,A,124,25
1427622214.95,1427622215.59,B,24,25
1427622214.99,1427622215.63,A,122,25
1427622214.99,1427622215.63,B,26,25
1427622215.03,1427622215.67,A,119,26
1427622215.03,1427622215.67,B,23,26
1427622215.07,1427622215.71,A,117,28
1427622215.07,1427622215.71,B,26,28
1427622215.11,1427622215.75,A,127,30
1427622215.11,1427622215.75,B,36,30
1427622215.15,1427622215.79,A,139,31
1427622215.15,1427622215.79,B,29,31
1427622215.19,1427622215.83,A,144,33
1427622215.19,1427622215.83,B,21,33
1427622215.23,1427622215.87,A,150,33
1427622215.23,1427622215.87,B,16,33
1427622215.27,1427622215.91,A,149,33
1427622215.27,1427622215.91,B,15,33
1427622215.31,1427622215.95,A,137,34
1427622215.31,1427622215.95,B,15,34
1427622215.35,1427622215.99,A,144,36
1427622215.35,1427622215.99,B,30,36
1427622215.39,1427622216.03,A,152,39
1427622215.39,1427622216.03,B,43,39
1427622215.43,1427622216.07,A,153,40
1427622215.43,1427622216.07,B,45,40
1427622215.47,1427622216.11,A,171,42
1427622215.47,1427622216.11,B,29,42
1427622215.51,1427622216.15,A,174,43
1427622215.51,1427622216.15,B,27,43
1427622215.55,1427622216.19,A,183,44
1427622215.55,1427622216.19,B,22,44
1427622215.59,1427622216.23,A,173,45
1427622215.59,1427622216.23,B,31,45
1427622215.63,1427622216.27,A,164,43
1427622215.63,1427622216.27,B,43,43
1427622215.67,1427622216.31,A,162,45
1427622215.67,1427622216.31,B,50,45
1427622215.71,1427622216.35,A,163,46
1427622215.71,1427622216.35,B,44,46
1427622215.75,1427622216.39,A,157,46
1427622215.75,1427622216.39,B,31,46
1427622215.79,1427622216.43,A,171,46
1427622215.79,1427622216.43,B,25,46
1427622215.83,1427622216.47,A,170,47
1427622215.83,1427622216.47,B,22,47
1427622215.87,1427622216.51,A,175,48
1427622215.87,1427622216.51,B,28,48
1427622215.91,1427622216.55,A,168,48
1427622215.91,1427622216.55,B,36,48
1427622215.95,1427622216.59,A,165,50
1427622215.95,1427622216.59,B,41,50
1427622215.99,1427622216.63,A,146,47
1427622215.99,1427622216.63,B,30,47
1427622216.03,1427622216.67,A,144,43
1427622216.03,1427622216.67,B,21,43
1427622216.07,1427622216.71,A,140,39
1427622216.07,1427622216.71,B,13,39
1427622216.11,1427622216.75,A,127,38
1427622216.11,1427622216.75,B,24,38
1427622216.15,1427622216.79,A,129,38
1427622216.15,1427622216.79,B,33,38
1427622216.19,1427622216.83,A,122,37
1427622216.19,1427622216.83,B,26,37
1427622216.23,1427622216.87,A,122,37
1427622216.23,1427622216.87,B,28,37
1427622216.27,1427622216.91,A,125,37
1427622216.27,1427622216.91,B,26,37
1427622216.31,1427622216.95,A,104,37
1427622216.31,1427622216.95,B,36,37
1427622216.35,1427622216.99,A,99,35
1427622216.35,1427622216.99,B,37,35
1427622216.39,1427622217.03,A,85,35
1427622216.39,1427622217.03,B,45,35
1427622216.43,1427622217.07,A,71,31
1427622216.43,1427622217.07,B,41,31
1427622216.47,1427622217.11,A,70,31
1427622216.47,1427622217.11,B,37,31
1427622216.51,1427622217.15,A,60,29
1427622216.51,1427622217.15,B,28,29
1427622216.55,1427622217.19,A,62,29
1427622216.55,1427622217.19,B,25,29
1427622216.59,1427622217.23,A,66,29
1427622216.59,1427622217.23,B,18,29
1427622216.63,1427622217.27,A,64,29
1427622216.63,1427622217.27,B,13,29
1427622216.67,1427622217.31,A,56,25
1427622216.67,1427622217.31,B,9,25
1427622216.71,1427622217.35,A,40,22
1427622216.71,1427622217.35,B,22,22
1427622216.75,1427622217.39,A,30,21
1427622216.75,1427622217.39,B,25,21
1427622216.79,1427622217.43,A,25,20
1427622216.79,1427622217.43,B,34,20
1427622216.83,1427622217.47,A,20,19
1427622216.83,1427622217.47,B,32,19
1427622216.87,1427622217.51,A,25,18
1427622216.87,1427622217.51,B,31,18
1427622216.91,1427622217.55,A,26,18
1427622216.91,1427622217.55,B,29,18
1427622216.95,1427622217.59,A,34,17
1427622216.95,1427622217.59,B,22,17
1427622216.99,1427622217.63,A,29,16
1427622216.99,1427622217.63,B,20,16
1427622217.03,1427622217.67,A,28,16
1427622217.03,1427622217.67,B,19,16
1427622217.07,1427622217.71,A,18,13
1427622217.07,1427622217.71,B,18,13
1427622217.11,1427622217.75,A,17,11
1427622217.11,1427622217.75,B,21,11
1427622217.15,1427622217.79,A,14,9
1427622217.15,1427622217.79,B,16,9
1427622217.19,1427622217.83,A,21,8
1427622217.19,1427622217.83,B,11,8
1427622217.23,1427622217.87,A,21,8
1427622217.23,1427622217.87,B,9,8
1427622217.27,1427622217.91,A,21,8
1427622217.27,1427622217.91,B,9,8
1427622217.31,1427622217.95,A,20,8
1427622217.31,1427622217.95,B,10,8
1427622217.35,1427622217.99,A,20,8
1427622217.35,1427622217.99,B,10,8
1427622217.39,1427622218.03,A,20,8
1427622217.39,1427622218.03,B,9,8
1427622217.43,1427622218.07,A,19,7
1427622217.43,1427622218.07,B,8,7
1427622217.47,1427622218.11,A,17,7
1427622217.47,1427622218.11,B,7,7
1427622217.51,1427622218.15,A,19,7
1427622217.51,1427622218.15,B,5,7
1427622217.55,1427622218.19,A,20,6
1427622217.55,1427622218.19,B,3,6
1427622217.59,1427622218.23,A,19,7
1427622217.59,1427622218.23,B,2,7
1427622217.63,1427622218.27,A,17,7
1427622217.63,1427622218.27,B,6,7
1427622217.67,1427622218.31,A,14,6
1427622217.67,1427622218.31,B,9,6
1427622217.71,1427622218.35,A,10,6
1427622217.71,1427622218.35,B,7,6
1427622217.75,1427622218.39,A,9,6
1427622217.75,1427622218.39,B,8,6
1427622217.79,1427622218.43,A,9,6
1427622217.79,1427622218.43,B,9,6
1427622217.83,1427622218.47,A,10,6
1427622217.83,1427622218.47,B,9,6
1427622217.87,1427622218.51,A,11,6
1427622217.87,1427622218.51,B,12,6
1427622217.91,1427622218.55,A,10,6
1427622217.91,1427622218.55,B,13,6
1427622217.95,1427622218.59,A,10,6
1427622217.95,1427622218.59,B,12,6
1427622217.99,1427622218.63,A,8,6
1427622217.99,1427622218.63,B,12,6
1427622218.03,1427622218.67,A,7,4
1427622218.03,1427622218.67,B,7,4
1427622218.07,1427622218.71,A,3,4
1427622218.07,1427622218.71,B,7,4
1427622218.11,1427622218.75,A,5,3
1427622218.11,1427622218.75,B,3,3
1427622218.15,1427622218.79,A,3,4
1427622218.15,1427622218.79,B,6,4
1427622218.19,1427622218.83,A,1,4
1427622218.19,1427622218.83,B,8,4
1427622218.23,1427622218.87,A,1,4
1427622218.23,1427622218.87,B,8,4
1427622218.27,1427622218.91,A,2,4
1427622218.27,1427622218.91,B,5,4
1427622218.31,1427622218.95,A,3,5
1427622218.31,1427622218.95,B,6,5
1427622218.35,1427622218.99,A,7,4
1427622218.35,1427622218.99,B,5,4
1427622218.39,1427622219.03,A,6,5
1427622218.39,1427622219.03,B,6,5
1427622218.43,1427622219.07,A,9,5
1427622218.43,1427622219.07,B,4,5
1427622218.47,1427622219.11,A,9,4
1427622218.47,1427622219.11,B,3,4
1427622218.51,1427622219.15,A,11,4
1427622218.51,1427622219.15,B,5,4
1427622218.55,1427622219.19,A,11,4
1427622218.55,1427622219.19,B,5,4
1427622218.59,1427622219.23,A,11,4
1427622218.59,1427622219.23,B,5,4
1427622218.63,1427622219.27,A,14,5
1427622218.63,1427622219.27,B,3,5
1427622218.67,1427622219.31,A,15,5
1427622218.67,1427622219.31,B,4,5
1427622218.71,1427622219.35,A,16,5
1427622218.71,1427622219.35,B,4,5
1427622218.75,1427622219.39,A,19,6
1427622218.75,1427622219.39,B,4,6
1427622218.79,1427622219.43,A,20,7
1427622218.79,1427622219.43,B,5,7
1427622218.83,1427622219.47,A,23,7
1427622218.83,1427622219.47,B,8,7
1427622218.87,1427622219.51,A,21,7
1427622218.87,1427622219.51,B,10,7
1427622218.91,1427622219.55,A,23,7
1427622218.91,1427622219.55,B,8,7
1427622218.95,1427622219.59,A,19,6
1427622218.95,1427622219.59,B,5,6
1427622218.99,1427622219.63,A,19,6
1427622218.99,1427622219.63,B,5,6
1427622219.03,1427622219.67,A,16,5
1427622219.03,1427622219.67,B,6,5
1427622219.07,1427622219.71,A,15,6
1427622219.07,1427622219.71,B,5,6
1427622219.11,1427622219.75,A,14,6
1427622219.11,1427622219.75,B,4,6
1427622219.15,1427622219.79,A,12,6
1427622219.15,1427622219.79,B,4,6
1427622219.19,1427622219.83,A,13,6
1427622219.19,1427622219.83,B,5,6
1427622219.23,1427622219.87,A,15,6
1427622219.23,1427622219.87,B,7,6
1427622219.27,1427622219.91,A,11,5
1427622219.27,1427622219.91,B,9,5
1427622219.31,1427622219.95,A,11,5
1427622219.31,1427622219.95,B,11,5
1427622219.35,1427622219.99,A,5,6
1427622219.35,1427622219.99,B,15,6
1427622219.39,1427622220.03,A,4,5
1427622219.39,1427622220.03,B,14,5
1427622219.43,1427622220.07,A,1,4
1427622219.43,1427622220.07,B,12,4
1427622219.47,1427622220.11,A,3,3
1427622219.47,1427622220.11,B,10,3
1427622219.51,1427622220.15,A,5,3
1427622219.51,1427622220.15,B,7,3
1427622219.55,1427622220.19,A,6,3
1427622219.55,1427622220.19,B,8,3
1427622219.59,1427622220.23,A,6,3
1427622219.59,1427622220.23,B,8,3
1427622219.63,1427622220.27,A,7,4
1427622219.63,1427622220.27,B,8,4
1427622219.67,1427622220.31,A,10,4
1427622219.67,1427622220.31,B,5,4
1427622219.71,1427622220.35,A,11,4
1427622219.71,1427622220.35,B,4,4
1427622219.75,1427622220.39,A,14,4
1427622219.75,1427622220.39,B,2,4
1427622219.79,1427622220.43,A,13,4
1427622219.79,1427622220.43,B,3,4
1427622219.83,1427622220.47,A,11,5
1427622219.83,1427622220.47,B,5,5
1427622219.87,1427622220.51,A,11,5
1427622219.87,1427622220.51,B,5,5
1427622219.91,1427622220.55,A,12,4
1427622219.91,1427622220.55,B,4,4
1427622219.95,1427622220.59,A,11,4
1427622219.95,1427622220.59,B,4,4
1427622219.99,1427622220.63,A,11,5
1427622219.99,1427622220.63,B,5,5
1427622220.03,1427622220.67,A,12,5
1427622220.03,1427622220.67,B,6,5
1427622220.07,1427622220.71,A,15,6
1427622220.07,1427622220.71,B,8,6
1427622220.11,1427622220.75,A,15,6
1427622220.11,1427622220.75,B,9,6
1427622220.15,1427622220.79,A,14,6
1427622220.15,1427622220.79,B,10,6
1427622220.19,1427622220.83,A,14,6
1427622220.19,1427622220.83,B,11,6
1427622220.23,1427622220.87,A,14,6
1427622220.23,1427622220.87,B,12,6
1427622220.27,1427622220.91,A,13,6
1427622220.27,1427622220.91,B,12,6
1427622220.31,1427622220.95,A,10,6
1427622220.31,1427622220.95,B,13,6
1427622220.35,1427622220.99,A,9,6
1427622220.35,1427622220.99,B,14,6
1427622220.39,1427622221.03,A,7,5
1427622220.39,1427622221.03,B,11,5
1427622220.43,1427622221.07,A,9,5
1427622220.43,1427622221.07,B,10,5
1427622220.47,1427622221.11,A,9,5
1427622220.47,1427622221.11,B,9,5
1427622220.51,1427622221.15,A,9,5
1427622220.51,1427622221.15,B,10,5
1427622220.55,1427622221.19,A,7,5
1427622220.55,1427622221.19,B,11,5
1427622220.59,1427622221.23,A,7,5
1427622220.59,1427622221.23,B,11,5
1427622220.63,1427622221.27,A,5,5
1427622220.63,1427622221.27,B,13,5
1427622220.67,1427622221.31,A,5,4
1427622220.67,1427622221.31,B,10,4
1427622220.71,1427622221.35,A,1,4
1427622220.71,1427622221.35,B,7,4
1427622220.75,1427622221.39,A,0,3
1427622220.75,1427622221.39,B,5,3
1427622220.79,1427622221.43,A,1,3
1427622220.79,1427622221.43,B,4,3
1427622220.83,1427622221.47,A,1,3
1427622220.83,1427622221.47,B,3,3
1427622220.87,1427622221.51,A,1,3
1427622220.87,1427622221.51,B,4,3
1427622220.91,1427622221.55,A,1,3
1427622220.91,1427622221.55,B,5,3
1427622220.95,1427622221.59,A,0,3
1427622220.95,1427622221.59,B,7,3
1427622220.99,1427622221.63,A,1,3
1427622220.99,1427622221.63,B,9,3
1427622221.03,1427622221.67,A,2,3
1427622221.03,1427622221.67,B,8,3
