#targetfile:$(projectRoot)/result/result/75cm/waist-front/hasc-20150330-094801-mag-pca.csv-lowpass.csv
1427676488.31,1427676488.95,B,10,5
1427676488.35,1427676488.99,B,8,6
1427676488.39,1427676489.03,B,5,5
1427676488.43,1427676489.07,B,3,5
1427676488.47,1427676489.11,B,6,5
1427676488.51,1427676489.15,B,9,5
1427676488.55,1427676489.19,B,7,5
1427676488.59,1427676489.23,B,6,5
1427676488.63,1427676489.27,B,6,5
1427676488.67,1427676489.31,B,7,5
1427676488.71,1427676489.35,B,9,4
1427676488.75,1427676489.39,B,9,4
1427676488.79,1427676489.43,B,8,4
1427676488.83,1427676489.47,B,9,4
1427676488.87,1427676489.51,B,10,4
1427676488.91,1427676489.55,B,10,4
1427676488.95,1427676489.59,B,10,4
1427676488.99,1427676489.63,B,9,4
1427676489.03,1427676489.67,B,8,3
1427676489.07,1427676489.71,B,8,4
1427676489.11,1427676489.75,B,5,3
1427676489.15,1427676489.79,B,5,4
1427676489.19,1427676489.83,B,5,4
1427676489.23,1427676489.87,B,4,3
1427676489.27,1427676489.91,B,6,3
1427676489.31,1427676489.95,B,5,3
1427676489.35,1427676489.99,B,5,4
1427676489.39,1427676490.03,B,3,5
1427676489.43,1427676490.07,B,2,5
1427676489.47,1427676490.11,B,4,5
1427676489.51,1427676490.15,B,5,5
1427676489.55,1427676490.19,B,2,5
1427676489.59,1427676490.23,B,4,6
1427676489.63,1427676490.27,B,6,6
1427676489.67,1427676490.31,B,7,6
1427676489.71,1427676490.35,B,9,7
1427676489.75,1427676490.39,B,9,6
1427676489.79,1427676490.43,A,16,6
1427676489.79,1427676490.43,B,11,6
1427676489.83,1427676490.47,A,17,6
1427676489.83,1427676490.47,B,10,6
1427676489.87,1427676490.51,A,19,6
1427676489.87,1427676490.51,B,8,6
1427676489.91,1427676490.55,A,15,7
1427676489.91,1427676490.55,B,9,7
1427676489.95,1427676490.59,A,14,6
1427676489.95,1427676490.59,B,9,6
1427676489.99,1427676490.63,A,12,6
1427676489.99,1427676490.63,B,8,6
1427676490.03,1427676490.67,A,10,6
1427676490.03,1427676490.67,B,7,6
1427676490.07,1427676490.71,A,12,6
1427676490.07,1427676490.71,B,4,6
1427676490.11,1427676490.75,A,14,6
1427676490.11,1427676490.75,B,6,6
1427676490.15,1427676490.79,A,20,7
1427676490.15,1427676490.79,B,12,7
1427676490.19,1427676490.83,A,22,8
1427676490.19,1427676490.83,B,13,8
1427676490.23,1427676490.87,A,28,8
1427676490.23,1427676490.87,B,14,8
1427676490.27,1427676490.91,A,28,8
1427676490.27,1427676490.91,B,15,8
1427676490.31,1427676490.95,A,29,8
1427676490.31,1427676490.95,B,12,8
1427676490.35,1427676490.99,A,26,8
1427676490.35,1427676490.99,B,11,8
1427676490.39,1427676491.03,A,23,9
1427676490.39,1427676491.03,B,8,9
1427676490.43,1427676491.07,A,19,9
1427676490.43,1427676491.07,B,13,9
1427676490.47,1427676491.11,A,22,9
1427676490.47,1427676491.11,B,16,9
1427676490.51,1427676491.15,A,24,9
1427676490.51,1427676491.15,B,11,9
1427676490.55,1427676491.19,A,30,10
1427676490.55,1427676491.19,B,7,10
1427676490.59,1427676491.23,A,34,10
1427676490.59,1427676491.23,B,5,10
1427676490.63,1427676491.27,A,35,10
1427676490.63,1427676491.27,B,7,10
1427676490.67,1427676491.31,A,43,11
1427676490.67,1427676491.31,B,9,11
1427676490.71,1427676491.35,A,42,11
1427676490.71,1427676491.35,B,11,11
1427676490.75,1427676491.39,A,44,11
1427676490.75,1427676491.39,B,9,11
1427676490.79,1427676491.43,A,40,11
1427676490.79,1427676491.43,B,12,11
1427676490.83,1427676491.47,A,39,11
1427676490.83,1427676491.47,B,15,11
1427676490.87,1427676491.51,A,35,10
1427676490.87,1427676491.51,B,16,10
1427676490.91,1427676491.55,A,41,12
1427676490.91,1427676491.55,B,21,12
1427676490.95,1427676491.59,A,42,12
1427676490.95,1427676491.59,B,20,12
1427676490.99,1427676491.63,A,52,14
1427676490.99,1427676491.63,B,18,14
1427676491.03,1427676491.67,A,59,13
1427676491.03,1427676491.67,B,9,13
1427676491.07,1427676491.71,A,66,13
1427676491.07,1427676491.71,B,8,13
1427676491.11,1427676491.75,A,72,13
1427676491.11,1427676491.75,B,3,13
1427676491.15,1427676491.79,A,71,14
1427676491.15,1427676491.79,B,9,14
1427676491.19,1427676491.83,A,68,14
1427676491.19,1427676491.83,B,13,14
1427676491.23,1427676491.87,A,65,14
1427676491.23,1427676491.87,B,14,14
1427676491.27,1427676491.91,A,62,14
1427676491.27,1427676491.91,B,17,14
1427676491.31,1427676491.95,A,53,14
1427676491.31,1427676491.95,B,11,14
1427676491.35,1427676491.99,A,53,17
1427676491.35,1427676491.99,B,13,17
1427676491.39,1427676492.03,A,51,21
1427676491.39,1427676492.03,B,28,21
1427676491.43,1427676492.07,A,74,27
1427676491.43,1427676492.07,B,44,27
1427676491.47,1427676492.11,A,85,27
1427676491.47,1427676492.11,B,40,27
1427676491.51,1427676492.15,A,93,28
1427676491.51,1427676492.15,B,47,28
1427676491.55,1427676492.19,A,100,28
1427676491.55,1427676492.19,B,42,28
1427676491.59,1427676492.23,A,99,27
1427676491.59,1427676492.23,B,41,27
1427676491.63,1427676492.27,A,94,27
1427676491.63,1427676492.27,B,40,27
1427676491.67,1427676492.31,A,94,28
1427676491.67,1427676492.31,B,39,28
1427676491.71,1427676492.35,A,94,30
1427676491.71,1427676492.35,B,44,30
1427676491.75,1427676492.39,A,97,29
1427676491.75,1427676492.39,B,46,29
1427676491.79,1427676492.43,A,122,31
1427676491.79,1427676492.43,B,26,31
1427676491.83,1427676492.47,A,128,35
1427676491.83,1427676492.47,B,29,35
1427676491.87,1427676492.51,A,148,34
1427676491.87,1427676492.51,B,41,34
1427676491.91,1427676492.55,A,153,35
1427676491.91,1427676492.55,B,37,35
1427676491.95,1427676492.59,A,168,38
1427676491.95,1427676492.59,B,37,38
1427676491.99,1427676492.63,A,165,39
1427676491.99,1427676492.63,B,38,39
1427676492.03,1427676492.67,A,160,36
1427676492.03,1427676492.67,B,31,36
1427676492.07,1427676492.71,A,133,36
1427676492.07,1427676492.71,B,41,36
1427676492.11,1427676492.75,A,131,36
1427676492.11,1427676492.75,B,49,36
1427676492.15,1427676492.79,A,124,36
1427676492.15,1427676492.79,B,52,36
1427676492.19,1427676492.83,A,150,41
1427676492.19,1427676492.83,B,69,41
1427676492.23,1427676492.87,A,176,44
1427676492.23,1427676492.87,B,55,44
1427676492.27,1427676492.91,A,195,51
1427676492.27,1427676492.91,B,61,51
1427676492.31,1427676492.95,A,224,49
1427676492.31,1427676492.95,B,37,49
1427676492.35,1427676492.99,A,217,56
1427676492.35,1427676492.99,B,37,56
1427676492.39,1427676493.03,A,218,55
1427676492.39,1427676493.03,B,34,55
1427676492.43,1427676493.07,A,189,53
1427676492.43,1427676493.07,B,33,53
1427676492.47,1427676493.11,A,175,52
1427676492.47,1427676493.11,B,46,52
1427676492.51,1427676493.15,A,146,51
1427676492.51,1427676493.15,B,42,51
1427676492.55,1427676493.19,A,152,55
1427676492.55,1427676493.19,B,55,55
1427676492.59,1427676493.23,A,147,54
1427676492.59,1427676493.23,B,48,54
1427676492.63,1427676493.27,A,185,57
1427676492.63,1427676493.27,B,50,57
1427676492.67,1427676493.31,A,191,58
1427676492.67,1427676493.31,B,55,58
1427676492.71,1427676493.35,A,225,60
1427676492.71,1427676493.35,B,45,60
1427676492.75,1427676493.39,A,211,62
1427676492.75,1427676493.39,B,57,62
1427676492.79,1427676493.43,A,229,57
1427676492.79,1427676493.43,B,28,57
1427676492.83,1427676493.47,A,196,58
1427676492.83,1427676493.47,B,36,58
1427676492.87,1427676493.51,A,188,59
1427676492.87,1427676493.51,B,42,59
1427676492.91,1427676493.55,A,141,56
1427676492.91,1427676493.55,B,72,56
1427676492.95,1427676493.59,A,122,51
1427676492.95,1427676493.59,B,58,51
1427676492.99,1427676493.63,A,107,46
1427676492.99,1427676493.63,B,72,46
1427676493.03,1427676493.67,A,110,46
1427676493.03,1427676493.67,B,73,46
1427676493.07,1427676493.71,A,126,45
1427676493.07,1427676493.71,B,69,45
1427676493.11,1427676493.75,A,139,45
1427676493.11,1427676493.75,B,71,45
1427676493.15,1427676493.79,A,144,48
1427676493.15,1427676493.79,B,65,48
1427676493.19,1427676493.83,A,142,43
1427676493.19,1427676493.83,B,51,43
1427676493.23,1427676493.87,A,129,43
1427676493.23,1427676493.87,B,58,43
1427676493.27,1427676493.91,A,106,34
1427676493.27,1427676493.91,B,31,34
1427676493.31,1427676493.95,A,86,34
1427676493.31,1427676493.95,B,20,34
1427676493.35,1427676493.99,A,55,28
1427676493.35,1427676493.99,B,37,28
1427676493.39,1427676494.03,A,55,28
1427676493.39,1427676494.03,B,51,28
1427676493.43,1427676494.07,A,46,27
1427676493.43,1427676494.07,B,47,27
1427676493.47,1427676494.11,A,52,26
1427676493.47,1427676494.11,B,41,26
1427676493.51,1427676494.15,A,56,25
1427676493.51,1427676494.15,B,40,25
1427676493.55,1427676494.19,A,65,25
1427676493.55,1427676494.19,B,37,25
1427676493.59,1427676494.23,A,55,24
1427676493.59,1427676494.23,B,39,24
1427676493.63,1427676494.27,A,55,22
1427676493.63,1427676494.27,B,33,22
1427676493.67,1427676494.31,A,37,20
1427676493.67,1427676494.31,B,24,20
1427676493.71,1427676494.35,A,32,17
1427676493.71,1427676494.35,B,18,17
1427676493.75,1427676494.39,A,16,14
1427676493.75,1427676494.39,B,5,14
1427676493.79,1427676494.43,A,19,13
1427676493.79,1427676494.43,B,8,13
1427676493.83,1427676494.47,A,22,14
1427676493.83,1427676494.47,B,11,14
1427676493.87,1427676494.51,A,30,14
1427676493.87,1427676494.51,B,18,14
1427676493.91,1427676494.55,A,34,15
1427676493.91,1427676494.55,B,22,15
1427676493.95,1427676494.59,A,39,14
1427676493.95,1427676494.59,B,26,14
1427676493.99,1427676494.63,A,34,15
1427676493.99,1427676494.63,B,32,15
1427676494.03,1427676494.67,A,33,13
1427676494.03,1427676494.67,B,29,13
1427676494.07,1427676494.71,A,22,13
1427676494.07,1427676494.71,B,31,13
1427676494.11,1427676494.75,A,18,11
1427676494.11,1427676494.75,B,20,11
1427676494.15,1427676494.79,A,4,10
1427676494.15,1427676494.79,B,15,10
1427676494.19,1427676494.83,A,3,9
1427676494.19,1427676494.83,B,14,9
1427676494.23,1427676494.87,A,11,8
1427676494.23,1427676494.87,B,12,8
1427676494.27,1427676494.91,A,12,8
1427676494.27,1427676494.91,B,10,8
1427676494.31,1427676494.95,A,13,7
1427676494.31,1427676494.95,B,8,7
1427676494.35,1427676494.99,A,12,8
1427676494.35,1427676494.99,B,7,8
1427676494.39,1427676495.03,A,12,8
1427676494.39,1427676495.03,B,9,8
1427676494.43,1427676495.07,A,8,8
1427676494.43,1427676495.07,B,12,8
1427676494.47,1427676495.11,A,8,7
1427676494.47,1427676495.11,B,11,7
1427676494.51,1427676495.15,A,1,8
1427676494.51,1427676495.15,B,10,8
1427676494.55,1427676495.19,A,3,6
1427676494.55,1427676495.19,B,11,6
1427676494.59,1427676495.23,A,9,6
1427676494.59,1427676495.23,B,11,6
1427676494.63,1427676495.27,A,11,7
1427676494.63,1427676495.27,B,9,7
1427676494.67,1427676495.31,A,16,8
1427676494.67,1427676495.31,B,11,8
1427676494.71,1427676495.35,A,14,8
1427676494.71,1427676495.35,B,15,8
1427676494.75,1427676495.39,A,14,8
1427676494.75,1427676495.39,B,14,8
1427676494.79,1427676495.43,A,9,7
1427676494.79,1427676495.43,B,13,7
1427676494.83,1427676495.47,A,8,7
1427676494.83,1427676495.47,B,12,7
1427676494.87,1427676495.51,A,7,7
1427676494.87,1427676495.51,B,9,7
1427676494.91,1427676495.55,A,11,7
1427676494.91,1427676495.55,B,11,7
1427676494.95,1427676495.59,A,11,7
1427676494.95,1427676495.59,B,11,7
1427676494.99,1427676495.63,A,12,7
1427676494.99,1427676495.63,B,10,7
1427676495.03,1427676495.67,A,16,7
1427676495.03,1427676495.67,B,11,7
1427676495.07,1427676495.71,A,17,7
1427676495.07,1427676495.71,B,12,7
1427676495.11,1427676495.75,A,20,7
1427676495.11,1427676495.75,B,15,7
1427676495.15,1427676495.79,A,19,7
1427676495.15,1427676495.79,B,19,7
1427676495.19,1427676495.83,A,21,7
1427676495.19,1427676495.83,B,18,7
1427676495.23,1427676495.87,A,17,8
1427676495.23,1427676495.87,B,18,8
1427676495.27,1427676495.91,A,17,7
1427676495.27,1427676495.91,B,16,7
1427676495.31,1427676495.95,A,9,6
1427676495.31,1427676495.95,B,11,6
1427676495.35,1427676495.99,A,10,6
1427676495.35,1427676495.99,B,10,6
1427676495.39,1427676496.03,A,10,6
1427676495.39,1427676496.03,B,9,6
1427676495.43,1427676496.07,A,14,6
1427676495.43,1427676496.07,B,8,6
1427676495.47,1427676496.11,A,14,6
1427676495.47,1427676496.11,B,7,6
1427676495.51,1427676496.15,A,16,6
1427676495.51,1427676496.15,B,5,6
1427676495.55,1427676496.19,A,14,5
1427676495.55,1427676496.19,B,4,5
1427676495.59,1427676496.23,A,14,5
1427676495.59,1427676496.23,B,4,5
1427676495.63,1427676496.27,A,15,6
1427676495.63,1427676496.27,B,4,6
1427676495.67,1427676496.31,A,15,6
1427676495.67,1427676496.31,B,5,6
1427676495.71,1427676496.35,A,13,5
1427676495.71,1427676496.35,B,6,5
1427676495.75,1427676496.39,A,14,5
1427676495.75,1427676496.39,B,7,5
1427676495.79,1427676496.43,A,14,5
1427676495.79,1427676496.43,B,8,5
1427676495.83,1427676496.47,A,13,5
1427676495.83,1427676496.47,B,6,5
1427676495.87,1427676496.51,A,16,4
1427676495.87,1427676496.51,B,4,4
1427676495.91,1427676496.55,A,17,4
1427676495.91,1427676496.55,B,4,4
1427676495.95,1427676496.59,A,19,4
1427676495.95,1427676496.59,B,5,4
1427676495.99,1427676496.63,A,18,4
1427676495.99,1427676496.63,B,7,4
1427676496.03,1427676496.67,A,18,4
1427676496.03,1427676496.67,B,6,4
1427676496.07,1427676496.71,A,18,4
1427676496.07,1427676496.71,B,5,4
1427676496.11,1427676496.75,A,16,4
1427676496.11,1427676496.75,B,5,4
1427676496.15,1427676496.79,A,14,4
1427676496.15,1427676496.79,B,6,4
1427676496.19,1427676496.83,A,13,4
1427676496.19,1427676496.83,B,6,4
1427676496.23,1427676496.87,A,13,4
1427676496.23,1427676496.87,B,5,4
1427676496.27,1427676496.91,A,11,4
1427676496.27,1427676496.91,B,5,4
1427676496.31,1427676496.95,A,11,4
1427676496.31,1427676496.95,B,5,4
1427676496.35,1427676496.99,A,12,4
1427676496.35,1427676496.99,B,4,4
1427676496.39,1427676497.03,A,10,3
1427676496.39,1427676497.03,B,3,3
1427676496.43,1427676497.07,A,10,4
1427676496.43,1427676497.07,B,4,4
1427676496.47,1427676497.11,A,10,4
1427676496.47,1427676497.11,B,4,4
1427676496.51,1427676497.15,A,10,4
1427676496.51,1427676497.15,B,4,4
1427676496.55,1427676497.19,A,11,4
1427676496.55,1427676497.19,B,5,4
1427676496.59,1427676497.23,A,11,4
1427676496.59,1427676497.23,B,5,4
1427676496.63,1427676497.27,A,10,4
1427676496.63,1427676497.27,B,5,4
1427676496.67,1427676497.31,A,9,4
1427676496.67,1427676497.31,B,6,4
1427676496.71,1427676497.35,A,8,3
1427676496.71,1427676497.35,B,5,3
1427676496.75,1427676497.39,A,8,3
1427676496.75,1427676497.39,B,4,3
1427676496.79,1427676497.43,A,9,3
1427676496.79,1427676497.43,B,4,3
1427676496.83,1427676497.47,A,9,3
1427676496.83,1427676497.47,B,4,3
1427676496.87,1427676497.51,A,8,3
1427676496.87,1427676497.51,B,4,3
1427676496.91,1427676497.55,A,9,3
1427676496.91,1427676497.55,B,5,3
1427676496.95,1427676497.59,A,9,3
1427676496.95,1427676497.59,B,5,3
1427676496.99,1427676497.63,A,9,3
1427676496.99,1427676497.63,B,6,3
1427676497.03,1427676497.67,A,9,3
1427676497.03,1427676497.67,B,5,3
1427676497.07,1427676497.71,A,9,3
1427676497.07,1427676497.71,B,5,3
1427676497.11,1427676497.75,A,9,3
1427676497.11,1427676497.75,B,4,3
1427676497.15,1427676497.79,A,8,3
1427676497.15,1427676497.79,B,3,3
1427676497.19,1427676497.83,A,7,3
1427676497.19,1427676497.83,B,2,3
