#targetfile:$(projectRoot)/result/result/75cm/waist-front/hasc-20150330-094821-mag-pca.csv-lowpass.csv
1427676507.46,1427676508.1,A,14,5
1427676507.46,1427676508.1,B,10,5
1427676507.5,1427676508.14,A,17,5
1427676507.5,1427676508.14,B,7,5
1427676507.54,1427676508.18,A,17,5
1427676507.54,1427676508.18,B,6,5
1427676507.58,1427676508.22,A,20,5
1427676507.58,1427676508.22,B,5,5
1427676507.62,1427676508.26,A,18,5
1427676507.62,1427676508.26,B,6,5
1427676507.66,1427676508.3,A,17,5
1427676507.66,1427676508.3,B,5,5
1427676507.7,1427676508.34,A,13,5
1427676507.7,1427676508.34,B,7,5
1427676507.74,1427676508.38,A,13,5
1427676507.74,1427676508.38,B,9,5
1427676507.78,1427676508.42,A,11,5
1427676507.78,1427676508.42,B,9,5
1427676507.82,1427676508.46,A,12,6
1427676507.82,1427676508.46,B,9,6
1427676507.86,1427676508.5,A,12,5
1427676507.86,1427676508.5,B,6,5
1427676507.9,1427676508.54,A,15,5
1427676507.9,1427676508.54,B,6,5
1427676507.94,1427676508.58,A,16,5
1427676507.94,1427676508.58,B,6,5
1427676507.98,1427676508.62,A,18,5
1427676507.98,1427676508.62,B,3,5
1427676508.02,1427676508.66,A,18,5
1427676508.02,1427676508.66,B,2,5
1427676508.06,1427676508.7,A,16,5
1427676508.06,1427676508.7,B,5,5
1427676508.1,1427676508.74,A,15,5
1427676508.1,1427676508.74,B,7,5
1427676508.14,1427676508.78,A,14,5
1427676508.14,1427676508.78,B,5,5
1427676508.18,1427676508.82,A,13,5
1427676508.18,1427676508.82,B,4,5
1427676508.22,1427676508.86,A,9,4
1427676508.22,1427676508.86,B,3,4
1427676508.26,1427676508.9,A,12,5
1427676508.26,1427676508.9,B,7,5
1427676508.3,1427676508.94,A,13,5
1427676508.3,1427676508.94,B,7,5
1427676508.34,1427676508.98,A,19,6
1427676508.34,1427676508.98,B,7,6
1427676508.38,1427676509.02,A,20,6
1427676508.38,1427676509.02,B,8,6
1427676508.42,1427676509.06,A,24,7
1427676508.42,1427676509.06,B,8,7
1427676508.46,1427676509.1,A,23,7
1427676508.46,1427676509.1,B,10,7
1427676508.5,1427676509.14,A,23,7
1427676508.5,1427676509.14,B,9,7
1427676508.54,1427676509.18,A,21,7
1427676508.54,1427676509.18,B,9,7
1427676508.58,1427676509.22,A,19,7
1427676508.58,1427676509.22,B,5,7
1427676508.62,1427676509.26,A,16,7
1427676508.62,1427676509.26,B,2,7
1427676508.66,1427676509.3,A,12,7
1427676508.66,1427676509.3,B,5,7
1427676508.7,1427676509.34,A,13,7
1427676508.7,1427676509.34,B,7,7
1427676508.74,1427676509.38,A,12,7
1427676508.74,1427676509.38,B,6,7
1427676508.78,1427676509.42,A,12,6
1427676508.78,1427676509.42,B,5,6
1427676508.82,1427676509.46,A,13,6
1427676508.82,1427676509.46,B,5,6
1427676508.86,1427676509.5,A,18,7
1427676508.86,1427676509.5,B,7,7
1427676508.9,1427676509.54,A,17,8
1427676508.9,1427676509.54,B,11,8
1427676508.94,1427676509.58,A,21,7
1427676508.94,1427676509.58,B,11,7
1427676508.98,1427676509.62,A,16,8
1427676508.98,1427676509.62,B,13,8
1427676509.02,1427676509.66,A,17,7
1427676509.02,1427676509.66,B,10,7
1427676509.06,1427676509.7,A,12,6
1427676509.06,1427676509.7,B,6,6
1427676509.1,1427676509.74,A,10,7
1427676509.1,1427676509.74,B,7,7
1427676509.14,1427676509.78,A,7,7
1427676509.14,1427676509.78,B,11,7
1427676509.18,1427676509.82,A,8,7
1427676509.18,1427676509.82,B,13,7
1427676509.22,1427676509.86,A,11,7
1427676509.22,1427676509.86,B,8,7
1427676509.26,1427676509.9,A,13,7
1427676509.26,1427676509.9,B,6,7
1427676509.3,1427676509.94,A,22,9
1427676509.3,1427676509.94,B,9,9
1427676509.34,1427676509.98,A,22,9
1427676509.34,1427676509.98,B,12,9
1427676509.38,1427676510.02,A,28,9
1427676509.38,1427676510.02,B,13,9
1427676509.42,1427676510.06,A,25,10
1427676509.42,1427676510.06,B,15,10
1427676509.46,1427676510.1,A,27,10
1427676509.46,1427676510.1,B,14,10
1427676509.5,1427676510.14,A,21,9
1427676509.5,1427676510.14,B,15,9
1427676509.54,1427676510.18,A,19,10
1427676509.54,1427676510.18,B,15,10
1427676509.58,1427676510.22,A,14,9
1427676509.58,1427676510.22,B,12,9
1427676509.62,1427676510.26,A,15,9
1427676509.62,1427676510.26,B,12,9
1427676509.66,1427676510.3,A,14,8
1427676509.66,1427676510.3,B,11,8
1427676509.7,1427676510.34,A,15,8
1427676509.7,1427676510.34,B,10,8
1427676509.74,1427676510.38,A,18,8
1427676509.74,1427676510.38,B,13,8
1427676509.78,1427676510.42,A,18,7
1427676509.78,1427676510.42,B,12,7
1427676509.82,1427676510.46,A,27,10
1427676509.82,1427676510.46,B,16,10
1427676509.86,1427676510.5,A,26,11
1427676509.86,1427676510.5,B,23,11
1427676509.9,1427676510.54,A,35,11
1427676509.9,1427676510.54,B,19,11
1427676509.94,1427676510.58,A,29,13
1427676509.94,1427676510.58,B,25,13
1427676509.98,1427676510.62,A,31,12
1427676509.98,1427676510.62,B,22,12
1427676510.02,1427676510.66,A,21,12
1427676510.02,1427676510.66,B,20,12
1427676510.06,1427676510.7,A,17,12
1427676510.06,1427676510.7,B,21,12
1427676510.1,1427676510.74,A,5,11
1427676510.1,1427676510.74,B,13,11
1427676510.14,1427676510.78,A,13,13
1427676510.14,1427676510.78,B,12,13
1427676510.18,1427676510.82,A,21,14
1427676510.18,1427676510.82,B,9,14
1427676510.22,1427676510.86,A,27,16
1427676510.22,1427676510.86,B,10,16
1427676510.26,1427676510.9,A,45,19
1427676510.26,1427676510.9,B,14,19
1427676510.3,1427676510.94,A,47,19
1427676510.3,1427676510.94,B,20,19
1427676510.34,1427676510.98,A,65,24
1427676510.34,1427676510.98,B,27,24
1427676510.38,1427676511.02,A,62,25
1427676510.38,1427676511.02,B,33,25
1427676510.42,1427676511.06,A,71,23
1427676510.42,1427676511.06,B,27,23
1427676510.46,1427676511.1,A,62,23
1427676510.46,1427676511.1,B,26,23
1427676510.5,1427676511.14,A,60,23
1427676510.5,1427676511.14,B,22,23
1427676510.54,1427676511.18,A,40,23
1427676510.54,1427676511.18,B,17,23
1427676510.58,1427676511.22,A,46,25
1427676510.58,1427676511.22,B,27,25
1427676510.62,1427676511.26,A,46,25
1427676510.62,1427676511.26,B,24,25
1427676510.66,1427676511.3,A,61,27
1427676510.66,1427676511.3,B,26,27
1427676510.7,1427676511.34,A,79,27
1427676510.7,1427676511.34,B,13,27
1427676510.74,1427676511.38,A,87,32
1427676510.74,1427676511.38,B,17,32
1427676510.78,1427676511.42,A,118,34
1427676510.78,1427676511.42,B,34,34
1427676510.82,1427676511.46,A,115,36
1427676510.82,1427676511.46,B,47,36
1427676510.86,1427676511.5,A,134,37
1427676510.86,1427676511.5,B,35,37
1427676510.9,1427676511.54,A,124,39
1427676510.9,1427676511.54,B,40,39
1427676510.94,1427676511.58,A,128,35
1427676510.94,1427676511.58,B,29,35
1427676510.98,1427676511.62,A,112,34
1427676510.98,1427676511.62,B,32,34
1427676511.02,1427676511.66,A,107,34
1427676511.02,1427676511.66,B,26,34
1427676511.06,1427676511.7,A,95,34
1427676511.06,1427676511.7,B,30,34
1427676511.1,1427676511.74,A,89,34
1427676511.1,1427676511.74,B,25,34
1427676511.14,1427676511.78,A,91,33
1427676511.14,1427676511.78,B,19,33
1427676511.18,1427676511.82,A,89,34
1427676511.18,1427676511.82,B,22,34
1427676511.22,1427676511.86,A,104,35
1427676511.22,1427676511.86,B,31,35
1427676511.26,1427676511.9,A,108,36
1427676511.26,1427676511.9,B,22,36
1427676511.3,1427676511.94,A,119,38
1427676511.3,1427676511.94,B,20,38
1427676511.34,1427676511.98,A,131,36
1427676511.34,1427676511.98,B,10,36
1427676511.38,1427676512.02,A,131,35
1427676511.38,1427676512.02,B,9,35
1427676511.42,1427676512.06,A,115,37
1427676511.42,1427676512.06,B,22,37
1427676511.46,1427676512.1,A,117,37
1427676511.46,1427676512.1,B,27,37
1427676511.5,1427676512.14,A,105,37
1427676511.5,1427676512.14,B,30,37
1427676511.54,1427676512.18,A,100,36
1427676511.54,1427676512.18,B,24,36
1427676511.58,1427676512.22,A,111,37
1427676511.58,1427676512.22,B,23,37
1427676511.62,1427676512.26,A,100,36
1427676511.62,1427676512.26,B,14,36
1427676511.66,1427676512.3,A,110,37
1427676511.66,1427676512.3,B,19,37
1427676511.7,1427676512.34,A,115,38
1427676511.7,1427676512.34,B,18,38
1427676511.74,1427676512.38,A,99,39
1427676511.74,1427676512.38,B,27,39
1427676511.78,1427676512.42,A,104,44
1427676511.78,1427676512.42,B,38,44
1427676511.82,1427676512.46,A,108,45
1427676511.82,1427676512.46,B,31,45
1427676511.86,1427676512.5,A,99,44
1427676511.86,1427676512.5,B,35,44
1427676511.9,1427676512.54,A,81,43
1427676511.9,1427676512.54,B,43,43
1427676511.94,1427676512.58,A,79,43
1427676511.94,1427676512.58,B,50,43
1427676511.98,1427676512.62,A,57,37
1427676511.98,1427676512.62,B,63,37
1427676512.02,1427676512.66,A,68,38
1427676512.02,1427676512.66,B,73,38
1427676512.06,1427676512.7,A,95,39
1427676512.06,1427676512.7,B,56,39
1427676512.1,1427676512.74,A,99,38
1427676512.1,1427676512.74,B,40,38
1427676512.14,1427676512.78,A,125,39
1427676512.14,1427676512.78,B,37,39
1427676512.18,1427676512.82,A,139,38
1427676512.18,1427676512.82,B,36,38
1427676512.22,1427676512.86,A,143,38
1427676512.22,1427676512.86,B,43,38
1427676512.26,1427676512.9,A,135,38
1427676512.26,1427676512.9,B,48,38
1427676512.3,1427676512.94,A,137,38
1427676512.3,1427676512.94,B,44,38
1427676512.34,1427676512.98,A,123,37
1427676512.34,1427676512.98,B,55,37
1427676512.38,1427676513.02,A,100,36
1427676512.38,1427676513.02,B,40,36
1427676512.42,1427676513.06,A,91,34
1427676512.42,1427676513.06,B,39,34
1427676512.46,1427676513.1,A,67,24
1427676512.46,1427676513.1,B,22,24
1427676512.5,1427676513.14,A,88,27
1427676512.5,1427676513.14,B,27,27
1427676512.54,1427676513.18,A,97,23
1427676512.54,1427676513.18,B,13,23
1427676512.58,1427676513.22,A,103,22
1427676512.58,1427676513.22,B,14,22
1427676512.62,1427676513.26,A,105,22
1427676512.62,1427676513.26,B,13,22
1427676512.66,1427676513.3,A,103,23
1427676512.66,1427676513.3,B,17,23
1427676512.7,1427676513.34,A,89,24
1427676512.7,1427676513.34,B,26,24
1427676512.74,1427676513.38,A,80,21
1427676512.74,1427676513.38,B,20,21
1427676512.78,1427676513.42,A,70,22
1427676512.78,1427676513.42,B,22,22
1427676512.82,1427676513.46,A,52,16
1427676512.82,1427676513.46,B,6,16
1427676512.86,1427676513.5,A,62,15
1427676512.86,1427676513.5,B,12,15
1427676512.9,1427676513.54,A,59,14
1427676512.9,1427676513.54,B,11,14
1427676512.94,1427676513.58,A,63,15
1427676512.94,1427676513.58,B,9,15
1427676512.98,1427676513.62,A,69,14
1427676512.98,1427676513.62,B,8,14
1427676513.02,1427676513.66,A,70,14
1427676513.02,1427676513.66,B,10,14
1427676513.06,1427676513.7,A,65,14
1427676513.06,1427676513.7,B,15,14
1427676513.1,1427676513.74,A,62,13
1427676513.1,1427676513.74,B,14,13
1427676513.14,1427676513.78,A,51,14
1427676513.14,1427676513.78,B,23,14
1427676513.18,1427676513.82,A,45,11
1427676513.18,1427676513.82,B,20,11
1427676513.22,1427676513.86,A,45,11
1427676513.22,1427676513.86,B,18,11
1427676513.26,1427676513.9,A,37,9
1427676513.26,1427676513.9,B,12,9
1427676513.3,1427676513.94,A,39,9
1427676513.3,1427676513.94,B,10,9
1427676513.34,1427676513.98,A,38,9
1427676513.34,1427676513.98,B,15,9
1427676513.38,1427676514.02,A,37,9
1427676513.38,1427676514.02,B,16,9
1427676513.42,1427676514.06,A,37,9
1427676513.42,1427676514.06,B,16,9
1427676513.46,1427676514.1,A,36,9
1427676513.46,1427676514.1,B,15,9
1427676513.5,1427676514.14,A,32,9
1427676513.5,1427676514.14,B,18,9
1427676513.54,1427676514.18,A,32,9
1427676513.54,1427676514.18,B,18,9
1427676513.58,1427676514.22,A,28,8
1427676513.58,1427676514.22,B,17,8
1427676513.62,1427676514.26,A,26,7
1427676513.62,1427676514.26,B,15,7
1427676513.66,1427676514.3,A,29,7
1427676513.66,1427676514.3,B,14,7
1427676513.7,1427676514.34,A,27,6
1427676513.7,1427676514.34,B,12,6
1427676513.74,1427676514.38,A,29,6
1427676513.74,1427676514.38,B,11,6
1427676513.78,1427676514.42,A,29,6
1427676513.78,1427676514.42,B,11,6
1427676513.82,1427676514.46,A,27,6
1427676513.82,1427676514.46,B,9,6
1427676513.86,1427676514.5,A,28,5
1427676513.86,1427676514.5,B,8,5
1427676513.9,1427676514.54,A,29,5
1427676513.9,1427676514.54,B,7,5
1427676513.94,1427676514.58,A,28,6
1427676513.94,1427676514.58,B,7,6
1427676513.98,1427676514.62,A,25,5
1427676513.98,1427676514.62,B,5,5
1427676514.02,1427676514.66,A,22,5
1427676514.02,1427676514.66,B,9,5
1427676514.06,1427676514.7,A,21,5
1427676514.06,1427676514.7,B,9,5
1427676514.1,1427676514.74,A,22,5
1427676514.1,1427676514.74,B,8,5
1427676514.14,1427676514.78,A,20,6
1427676514.14,1427676514.78,B,7,6
1427676514.18,1427676514.82,A,21,6
1427676514.18,1427676514.82,B,7,6
1427676514.22,1427676514.86,A,22,6
1427676514.22,1427676514.86,B,6,6
1427676514.26,1427676514.9,A,20,5
1427676514.26,1427676514.9,B,6,5
1427676514.3,1427676514.94,A,21,5
1427676514.3,1427676514.94,B,6,5
1427676514.34,1427676514.98,A,21,5
1427676514.34,1427676514.98,B,7,5
1427676514.38,1427676515.02,A,21,5
1427676514.38,1427676515.02,B,8,5
1427676514.42,1427676515.06,A,20,6
1427676514.42,1427676515.06,B,9,6
1427676514.46,1427676515.1,A,19,5
1427676514.46,1427676515.1,B,10,5
1427676514.5,1427676515.14,A,16,5
1427676514.5,1427676515.14,B,9,5
1427676514.54,1427676515.18,A,19,6
1427676514.54,1427676515.18,B,9,6
1427676514.58,1427676515.22,A,19,6
1427676514.58,1427676515.22,B,9,6
1427676514.62,1427676515.26,A,20,7
1427676514.62,1427676515.26,B,8,7
1427676514.66,1427676515.3,A,20,7
1427676514.66,1427676515.3,B,6,7
1427676514.7,1427676515.34,A,18,6
1427676514.7,1427676515.34,B,8,6
1427676514.74,1427676515.38,A,17,6
1427676514.74,1427676515.38,B,6,6
1427676514.78,1427676515.42,A,17,6
1427676514.78,1427676515.42,B,7,6
1427676514.82,1427676515.46,A,10,5
1427676514.82,1427676515.46,B,8,5
1427676514.86,1427676515.5,A,9,5
1427676514.86,1427676515.5,B,7,5
1427676514.9,1427676515.54,A,8,5
1427676514.9,1427676515.54,B,10,5
1427676514.94,1427676515.58,A,7,5
1427676514.94,1427676515.58,B,9,5
1427676514.98,1427676515.62,A,8,5
1427676514.98,1427676515.62,B,7,5
1427676515.02,1427676515.66,A,8,5
1427676515.02,1427676515.66,B,8,5
1427676515.06,1427676515.7,A,9,5
1427676515.06,1427676515.7,B,7,5
1427676515.1,1427676515.74,A,9,6
1427676515.1,1427676515.74,B,7,6
1427676515.14,1427676515.78,A,8,6
1427676515.14,1427676515.78,B,8,6
1427676515.18,1427676515.82,A,5,5
1427676515.18,1427676515.82,B,5,5
1427676515.22,1427676515.86,A,6,4
1427676515.22,1427676515.86,B,5,4
1427676515.26,1427676515.9,A,6,4
1427676515.26,1427676515.9,B,5,4
1427676515.3,1427676515.94,A,6,4
1427676515.3,1427676515.94,B,4,4
1427676515.34,1427676515.98,A,6,4
1427676515.34,1427676515.98,B,3,4
1427676515.38,1427676516.02,A,6,4
1427676515.38,1427676516.02,B,2,4
1427676515.42,1427676516.06,A,6,4
1427676515.42,1427676516.06,B,3,4
1427676515.46,1427676516.1,A,9,4
1427676515.46,1427676516.1,B,4,4
1427676515.5,1427676516.14,A,7,5
1427676515.5,1427676516.14,B,5,5
1427676515.54,1427676516.18,A,9,4
1427676515.54,1427676516.18,B,4,4
1427676515.58,1427676516.22,A,7,4
1427676515.58,1427676516.22,B,6,4
1427676515.62,1427676516.26,A,8,4
1427676515.62,1427676516.26,B,4,4
1427676515.66,1427676516.3,A,7,4
1427676515.66,1427676516.3,B,4,4
1427676515.7,1427676516.34,A,7,3
1427676515.7,1427676516.34,B,5,3
1427676515.74,1427676516.38,A,6,3
1427676515.74,1427676516.38,B,5,3
1427676515.78,1427676516.42,A,7,3
1427676515.78,1427676516.42,B,4,3
1427676515.82,1427676516.46,A,6,4
1427676515.82,1427676516.46,B,7,4
1427676515.86,1427676516.5,A,9,4
1427676515.86,1427676516.5,B,8,4
1427676515.9,1427676516.54,A,9,4
1427676515.9,1427676516.54,B,10,4
1427676515.94,1427676516.58,A,8,4
1427676515.94,1427676516.58,B,10,4
1427676515.98,1427676516.62,A,8,4
1427676515.98,1427676516.62,B,10,4
1427676516.02,1427676516.66,A,9,4
1427676516.02,1427676516.66,B,10,4
1427676516.06,1427676516.7,A,8,5
1427676516.06,1427676516.7,B,10,5
1427676516.1,1427676516.74,A,6,4
1427676516.1,1427676516.74,B,8,4
1427676516.14,1427676516.78,A,7,4
1427676516.14,1427676516.78,B,10,4
1427676516.18,1427676516.82,A,7,4
1427676516.18,1427676516.82,B,10,4
1427676516.22,1427676516.86,A,8,4
1427676516.22,1427676516.86,B,9,4
1427676516.26,1427676516.9,A,8,4
1427676516.26,1427676516.9,B,11,4
1427676516.3,1427676516.94,A,8,4
1427676516.3,1427676516.94,B,13,4
1427676516.34,1427676516.98,A,13,5
1427676516.34,1427676516.98,B,14,5
1427676516.38,1427676517.02,A,14,5
1427676516.38,1427676517.02,B,12,5
1427676516.42,1427676517.06,A,16,5
1427676516.42,1427676517.06,B,10,5
1427676516.46,1427676517.1,A,14,5
1427676516.46,1427676517.1,B,8,5
1427676516.5,1427676517.14,A,14,5
1427676516.5,1427676517.14,B,8,5
1427676516.54,1427676517.18,A,12,5
1427676516.54,1427676517.18,B,8,5
1427676516.58,1427676517.22,A,11,5
1427676516.58,1427676517.22,B,9,5
1427676516.62,1427676517.26,A,10,5
1427676516.62,1427676517.26,B,11,5
1427676516.66,1427676517.3,A,10,5
1427676516.66,1427676517.3,B,11,5
1427676516.7,1427676517.34,A,11,5
1427676516.7,1427676517.34,B,11,5
1427676516.74,1427676517.38,A,10,5
1427676516.74,1427676517.38,B,11,5
1427676516.78,1427676517.42,A,10,5
1427676516.78,1427676517.42,B,11,5
1427676516.82,1427676517.46,A,10,5
1427676516.82,1427676517.46,B,10,5
1427676516.86,1427676517.5,A,11,5
1427676516.86,1427676517.5,B,10,5
1427676516.9,1427676517.54,A,10,5
1427676516.9,1427676517.54,B,10,5
