#targetfile:$(projectRoot)/result/result/75cm/waist-front/hasc-20150329-184404-mag-pca.csv-lowpass.csv
1427622250.01,1427622250.65,B,11,5
1427622250.05,1427622250.69,B,12,5
1427622250.09,1427622250.73,A,10,5
1427622250.09,1427622250.73,B,11,5
1427622250.13,1427622250.77,A,10,4
1427622250.13,1427622250.77,B,7,4
1427622250.17,1427622250.81,A,9,4
1427622250.17,1427622250.81,B,6,4
1427622250.21,1427622250.85,A,8,4
1427622250.21,1427622250.85,B,6,4
1427622250.25,1427622250.89,A,9,4
1427622250.25,1427622250.89,B,7,4
1427622250.29,1427622250.93,A,9,4
1427622250.29,1427622250.93,B,7,4
1427622250.33,1427622250.97,A,10,4
1427622250.33,1427622250.97,B,5,4
1427622250.37,1427622251.01,A,10,3
1427622250.37,1427622251.01,B,4,3
1427622250.41,1427622251.05,A,9,2
1427622250.41,1427622251.05,B,1,2
1427622250.45,1427622251.09,A,7,3
1427622250.45,1427622251.09,B,2,3
1427622250.49,1427622251.13,A,5,3
1427622250.49,1427622251.13,B,5,3
1427622250.53,1427622251.17,A,5,4
1427622250.53,1427622251.17,B,5,4
1427622250.57,1427622251.21,A,6,4
1427622250.57,1427622251.21,B,7,4
1427622250.61,1427622251.25,A,6,4
1427622250.61,1427622251.25,B,10,4
1427622250.65,1427622251.29,A,6,4
1427622250.65,1427622251.29,B,10,4
1427622250.69,1427622251.33,A,5,4
1427622250.69,1427622251.33,B,10,4
1427622250.73,1427622251.37,A,5,4
1427622250.73,1427622251.37,B,10,4
1427622250.77,1427622251.41,A,4,4
1427622250.77,1427622251.41,B,11,4
1427622250.81,1427622251.45,A,5,4
1427622250.81,1427622251.45,B,11,4
1427622250.85,1427622251.49,A,5,4
1427622250.85,1427622251.49,B,12,4
1427622250.89,1427622251.53,A,5,5
1427622250.89,1427622251.53,B,10,5
1427622250.93,1427622251.57,A,7,5
1427622250.93,1427622251.57,B,9,5
1427622250.97,1427622251.61,A,6,5
1427622250.97,1427622251.61,B,12,5
1427622251.01,1427622251.65,A,5,5
1427622251.01,1427622251.65,B,13,5
1427622251.05,1427622251.69,A,2,5
1427622251.05,1427622251.69,B,13,5
1427622251.09,1427622251.73,A,2,6
1427622251.09,1427622251.73,B,11,6
1427622251.13,1427622251.77,A,3,5
1427622251.13,1427622251.77,B,9,5
1427622251.17,1427622251.81,A,5,5
1427622251.17,1427622251.81,B,7,5
1427622251.21,1427622251.85,A,4,5
1427622251.21,1427622251.85,B,6,5
1427622251.25,1427622251.89,A,4,5
1427622251.25,1427622251.89,B,5,5
1427622251.29,1427622251.93,A,4,5
1427622251.29,1427622251.93,B,6,5
1427622251.33,1427622251.97,A,6,5
1427622251.33,1427622251.97,B,8,5
1427622251.37,1427622252.01,A,6,5
1427622251.37,1427622252.01,B,8,5
1427622251.41,1427622252.05,A,6,5
1427622251.41,1427622252.05,B,9,5
1427622251.45,1427622252.09,A,6,5
1427622251.45,1427622252.09,B,10,5
1427622251.49,1427622252.13,A,6,5
1427622251.49,1427622252.13,B,11,5
1427622251.53,1427622252.17,A,3,4
1427622251.53,1427622252.17,B,9,4
1427622251.57,1427622252.21,A,7,5
1427622251.57,1427622252.21,B,6,5
1427622251.61,1427622252.25,A,8,4
1427622251.61,1427622252.25,B,5,4
1427622251.65,1427622252.29,A,6,4
1427622251.65,1427622252.29,B,6,4
1427622251.69,1427622252.33,A,5,4
1427622251.69,1427622252.33,B,7,4
1427622251.73,1427622252.37,A,2,3
1427622251.73,1427622252.37,B,9,3
1427622251.77,1427622252.41,A,4,4
1427622251.77,1427622252.41,B,9,4
1427622251.81,1427622252.45,A,7,4
1427622251.81,1427622252.45,B,8,4
1427622251.85,1427622252.49,A,7,4
1427622251.85,1427622252.49,B,7,4
1427622251.89,1427622252.53,A,9,4
1427622251.89,1427622252.53,B,6,4
1427622251.93,1427622252.57,A,8,4
1427622251.93,1427622252.57,B,6,4
1427622251.97,1427622252.61,A,7,4
1427622251.97,1427622252.61,B,8,4
1427622252.01,1427622252.65,A,8,4
1427622252.01,1427622252.65,B,9,4
1427622252.05,1427622252.69,A,8,4
1427622252.05,1427622252.69,B,9,4
1427622252.09,1427622252.73,A,8,4
1427622252.09,1427622252.73,B,8,4
1427622252.13,1427622252.77,A,9,5
1427622252.13,1427622252.77,B,8,5
1427622252.17,1427622252.81,A,9,5
1427622252.17,1427622252.81,B,7,5
1427622252.21,1427622252.85,A,8,5
1427622252.21,1427622252.85,B,6,5
1427622252.25,1427622252.89,A,9,5
1427622252.25,1427622252.89,B,5,5
1427622252.29,1427622252.93,A,10,5
1427622252.29,1427622252.93,B,6,5
1427622252.33,1427622252.97,A,11,5
1427622252.33,1427622252.97,B,7,5
1427622252.37,1427622253.01,A,10,5
1427622252.37,1427622253.01,B,9,5
1427622252.41,1427622253.05,A,8,4
1427622252.41,1427622253.05,B,9,4
1427622252.45,1427622253.09,A,5,4
1427622252.45,1427622253.09,B,8,4
1427622252.49,1427622253.13,A,4,4
1427622252.49,1427622253.13,B,8,4
1427622252.53,1427622253.17,A,3,4
1427622252.53,1427622253.17,B,7,4
1427622252.57,1427622253.21,A,6,4
1427622252.57,1427622253.21,B,6,4
1427622252.61,1427622253.25,A,6,4
1427622252.61,1427622253.25,B,7,4
1427622252.65,1427622253.29,A,7,4
1427622252.65,1427622253.29,B,6,4
1427622252.69,1427622253.33,A,7,4
1427622252.69,1427622253.33,B,7,4
1427622252.73,1427622253.37,A,7,4
1427622252.73,1427622253.37,B,8,4
1427622252.77,1427622253.41,A,3,4
1427622252.77,1427622253.41,B,8,4
1427622252.81,1427622253.45,A,3,5
1427622252.81,1427622253.45,B,11,5
1427622252.85,1427622253.49,A,2,5
1427622252.85,1427622253.49,B,10,5
1427622252.89,1427622253.53,A,5,6
1427622252.89,1427622253.53,B,8,6
1427622252.93,1427622253.57,A,6,6
1427622252.93,1427622253.57,B,10,6
1427622252.97,1427622253.61,A,7,6
1427622252.97,1427622253.61,B,11,6
1427622253.01,1427622253.65,A,15,8
1427622253.01,1427622253.65,B,11,8
1427622253.05,1427622253.69,A,15,9
1427622253.05,1427622253.69,B,13,9
1427622253.09,1427622253.73,A,17,9
1427622253.09,1427622253.73,B,16,9
1427622253.13,1427622253.77,A,14,9
1427622253.13,1427622253.77,B,19,9
1427622253.17,1427622253.81,A,15,9
1427622253.17,1427622253.81,B,19,9
1427622253.21,1427622253.85,A,14,9
1427622253.21,1427622253.85,B,18,9
1427622253.25,1427622253.89,A,14,9
1427622253.25,1427622253.89,B,18,9
1427622253.29,1427622253.93,A,12,9
1427622253.29,1427622253.93,B,16,9
1427622253.33,1427622253.97,A,15,9
1427622253.33,1427622253.97,B,14,9
1427622253.37,1427622254.01,A,16,9
1427622253.37,1427622254.01,B,15,9
1427622253.41,1427622254.05,A,20,9
1427622253.41,1427622254.05,B,13,9
1427622253.45,1427622254.09,A,17,8
1427622253.45,1427622254.09,B,14,8
1427622253.49,1427622254.13,A,18,8
1427622253.49,1427622254.13,B,15,8
1427622253.53,1427622254.17,A,14,7
1427622253.53,1427622254.17,B,13,7
1427622253.57,1427622254.21,A,13,7
1427622253.57,1427622254.21,B,14,7
1427622253.61,1427622254.25,A,11,7
1427622253.61,1427622254.25,B,16,7
1427622253.65,1427622254.29,A,7,6
1427622253.65,1427622254.29,B,12,6
1427622253.69,1427622254.33,A,8,5
1427622253.69,1427622254.33,B,7,5
1427622253.73,1427622254.37,A,10,4
1427622253.73,1427622254.37,B,4,4
1427622253.77,1427622254.41,A,15,4
1427622253.77,1427622254.41,B,3,4
1427622253.81,1427622254.45,A,15,4
1427622253.81,1427622254.45,B,3,4
1427622253.85,1427622254.49,A,18,5
1427622253.85,1427622254.49,B,4,5
1427622253.89,1427622254.53,A,15,6
1427622253.89,1427622254.53,B,7,6
1427622253.93,1427622254.57,A,14,6
1427622253.93,1427622254.57,B,9,6
1427622253.97,1427622254.61,A,13,6
1427622253.97,1427622254.61,B,8,6
1427622254.01,1427622254.65,A,16,7
1427622254.01,1427622254.65,B,9,7
1427622254.05,1427622254.69,A,17,7
1427622254.05,1427622254.69,B,8,7
1427622254.09,1427622254.73,A,21,7
1427622254.09,1427622254.73,B,6,7
1427622254.13,1427622254.77,A,24,7
1427622254.13,1427622254.77,B,7,7
1427622254.17,1427622254.81,A,26,7
1427622254.17,1427622254.81,B,9,7
1427622254.21,1427622254.85,A,26,7
1427622254.21,1427622254.85,B,9,7
1427622254.25,1427622254.89,A,26,7
1427622254.25,1427622254.89,B,9,7
1427622254.29,1427622254.93,A,23,8
1427622254.29,1427622254.93,B,8,8
1427622254.33,1427622254.97,A,21,7
1427622254.33,1427622254.97,B,9,7
1427622254.37,1427622255.01,A,21,8
1427622254.37,1427622255.01,B,14,8
1427622254.41,1427622255.05,A,21,9
1427622254.41,1427622255.05,B,14,9
1427622254.45,1427622255.09,A,31,11
1427622254.45,1427622255.09,B,17,11
1427622254.49,1427622255.13,A,32,11
1427622254.49,1427622255.13,B,16,11
1427622254.53,1427622255.17,A,38,9
1427622254.53,1427622255.17,B,11,9
1427622254.57,1427622255.21,A,37,9
1427622254.57,1427622255.21,B,10,9
1427622254.61,1427622255.25,A,36,9
1427622254.61,1427622255.25,B,9,9
1427622254.65,1427622255.29,A,31,10
1427622254.65,1427622255.29,B,7,10
1427622254.69,1427622255.33,A,33,10
1427622254.69,1427622255.33,B,10,10
1427622254.73,1427622255.37,A,30,10
1427622254.73,1427622255.37,B,12,10
1427622254.77,1427622255.41,A,34,10
1427622254.77,1427622255.41,B,13,10
1427622254.81,1427622255.45,A,39,11
1427622254.81,1427622255.45,B,6,11
1427622254.85,1427622255.49,A,43,13
1427622254.85,1427622255.49,B,12,13
1427622254.89,1427622255.53,A,47,13
1427622254.89,1427622255.53,B,13,13
1427622254.93,1427622255.57,A,48,13
1427622254.93,1427622255.57,B,11,13
1427622254.97,1427622255.61,A,48,13
1427622254.97,1427622255.61,B,12,13
1427622255.01,1427622255.65,A,47,13
1427622255.01,1427622255.65,B,12,13
1427622255.05,1427622255.69,A,44,13
1427622255.05,1427622255.69,B,13,13
1427622255.09,1427622255.73,A,34,12
1427622255.09,1427622255.73,B,5,12
1427622255.13,1427622255.77,A,56,18
1427622255.13,1427622255.77,B,25,18
1427622255.17,1427622255.81,A,60,18
1427622255.17,1427622255.81,B,27,18
1427622255.21,1427622255.85,A,72,19
1427622255.21,1427622255.85,B,28,19
1427622255.25,1427622255.89,A,79,19
1427622255.25,1427622255.89,B,21,19
1427622255.29,1427622255.93,A,81,19
1427622255.29,1427622255.93,B,17,19
1427622255.33,1427622255.97,A,82,19
1427622255.33,1427622255.97,B,17,19
1427622255.37,1427622256.01,A,83,20
1427622255.37,1427622256.01,B,18,20
1427622255.41,1427622256.05,A,76,19
1427622255.41,1427622256.05,B,27,19
1427622255.45,1427622256.09,A,91,22
1427622255.45,1427622256.09,B,39,22
1427622255.49,1427622256.13,A,96,21
1427622255.49,1427622256.13,B,26,21
1427622255.53,1427622256.17,A,103,22
1427622255.53,1427622256.17,B,21,22
1427622255.57,1427622256.21,A,114,23
1427622255.57,1427622256.21,B,24,23
1427622255.61,1427622256.25,A,117,24
1427622255.61,1427622256.25,B,31,24
1427622255.65,1427622256.29,A,125,25
1427622255.65,1427622256.29,B,38,25
1427622255.69,1427622256.33,A,123,25
1427622255.69,1427622256.33,B,40,25
1427622255.73,1427622256.37,A,121,27
1427622255.73,1427622256.37,B,46,27
1427622255.77,1427622256.41,A,111,26
1427622255.77,1427622256.41,B,40,26
1427622255.81,1427622256.45,A,127,29
1427622255.81,1427622256.45,B,46,29
1427622255.85,1427622256.49,A,129,28
1427622255.85,1427622256.49,B,47,28
1427622255.89,1427622256.53,A,157,33
1427622255.89,1427622256.53,B,54,33
1427622255.93,1427622256.57,A,164,35
1427622255.93,1427622256.57,B,48,35
1427622255.97,1427622256.61,A,176,35
1427622255.97,1427622256.61,B,39,35
1427622256.01,1427622256.65,A,172,36
1427622256.01,1427622256.65,B,40,36
1427622256.05,1427622256.69,A,170,36
1427622256.05,1427622256.69,B,38,36
1427622256.09,1427622256.73,A,152,34
1427622256.09,1427622256.73,B,29,34
1427622256.13,1427622256.77,A,160,36
1427622256.13,1427622256.77,B,26,36
1427622256.17,1427622256.81,A,160,35
1427622256.17,1427622256.81,B,11,35
1427622256.21,1427622256.85,A,183,36
1427622256.21,1427622256.85,B,21,36
1427622256.25,1427622256.89,A,188,38
1427622256.25,1427622256.89,B,25,38
1427622256.29,1427622256.93,A,206,42
1427622256.29,1427622256.93,B,32,42
1427622256.33,1427622256.97,A,207,42
1427622256.33,1427622256.97,B,31,42
1427622256.37,1427622257.01,A,205,43
1427622256.37,1427622257.01,B,35,43
1427622256.41,1427622257.05,A,188,43
1427622256.41,1427622257.05,B,45,43
1427622256.45,1427622257.09,A,173,40
1427622256.45,1427622257.09,B,39,40
1427622256.49,1427622257.13,A,158,42
1427622256.49,1427622257.13,B,49,42
1427622256.53,1427622257.17,A,150,40
1427622256.53,1427622257.17,B,43,40
1427622256.57,1427622257.21,A,159,46
1427622256.57,1427622257.21,B,23,46
1427622256.61,1427622257.25,A,171,50
1427622256.61,1427622257.25,B,27,50
1427622256.65,1427622257.29,A,192,51
1427622256.65,1427622257.29,B,31,51
1427622256.69,1427622257.33,A,190,53
1427622256.69,1427622257.33,B,44,53
1427622256.73,1427622257.37,A,188,52
1427622256.73,1427622257.37,B,48,52
1427622256.77,1427622257.41,A,167,52
1427622256.77,1427622257.41,B,49,52
1427622256.81,1427622257.45,A,160,51
1427622256.81,1427622257.45,B,45,51
1427622256.85,1427622257.49,A,118,50
1427622256.85,1427622257.49,B,42,50
1427622256.89,1427622257.53,A,116,51
1427622256.89,1427622257.53,B,58,51
1427622256.93,1427622257.57,A,105,48
1427622256.93,1427622257.57,B,57,48
1427622256.97,1427622257.61,A,111,48
1427622256.97,1427622257.61,B,53,48
1427622257.01,1427622257.65,A,117,48
1427622257.01,1427622257.65,B,40,48
1427622257.05,1427622257.69,A,135,49
1427622257.05,1427622257.69,B,26,49
1427622257.09,1427622257.73,A,123,50
1427622257.09,1427622257.73,B,30,50
1427622257.13,1427622257.77,A,131,49
1427622257.13,1427622257.77,B,47,49
1427622257.17,1427622257.81,A,98,44
1427622257.17,1427622257.81,B,74,44
1427622257.21,1427622257.85,A,99,43
1427622257.21,1427622257.85,B,61,43
1427622257.25,1427622257.89,A,67,39
1427622257.25,1427622257.89,B,34,39
1427622257.29,1427622257.93,A,56,36
1427622257.29,1427622257.93,B,27,36
1427622257.33,1427622257.97,A,51,33
1427622257.33,1427622257.97,B,40,33
1427622257.37,1427622258.01,A,68,34
1427622257.37,1427622258.01,B,55,34
1427622257.41,1427622258.05,A,70,34
1427622257.41,1427622258.05,B,59,34
1427622257.45,1427622258.09,A,75,35
1427622257.45,1427622258.09,B,57,35
1427622257.49,1427622258.13,A,77,33
1427622257.49,1427622258.13,B,50,33
1427622257.53,1427622258.17,A,75,31
1427622257.53,1427622258.17,B,35,31
1427622257.57,1427622258.21,A,53,26
1427622257.57,1427622258.21,B,27,26
1427622257.61,1427622258.25,A,50,25
1427622257.61,1427622258.25,B,29,25
1427622257.65,1427622258.29,A,43,25
1427622257.65,1427622258.29,B,35,25
1427622257.69,1427622258.33,A,36,23
1427622257.69,1427622258.33,B,32,23
1427622257.73,1427622258.37,A,43,23
1427622257.73,1427622258.37,B,27,23
1427622257.77,1427622258.41,A,46,22
1427622257.77,1427622258.41,B,21,22
1427622257.81,1427622258.45,A,54,21
1427622257.81,1427622258.45,B,23,21
1427622257.85,1427622258.49,A,51,20
1427622257.85,1427622258.49,B,34,20
1427622257.89,1427622258.53,A,49,20
1427622257.89,1427622258.53,B,36,20
1427622257.93,1427622258.57,A,41,19
1427622257.93,1427622258.57,B,37,19
1427622257.97,1427622258.61,A,38,18
1427622257.97,1427622258.61,B,38,18
1427622258.01,1427622258.65,A,27,15
1427622258.01,1427622258.65,B,29,15
1427622258.05,1427622258.69,A,31,14
1427622258.05,1427622258.69,B,24,14
1427622258.09,1427622258.73,A,35,15
1427622258.09,1427622258.73,B,22,15
1427622258.13,1427622258.77,A,43,14
1427622258.13,1427622258.77,B,16,14
1427622258.17,1427622258.81,A,42,14
1427622258.17,1427622258.81,B,13,14
1427622258.21,1427622258.85,A,44,13
1427622258.21,1427622258.85,B,12,13
1427622258.25,1427622258.89,A,37,10
1427622258.25,1427622258.89,B,13,10
1427622258.29,1427622258.93,A,36,10
1427622258.29,1427622258.93,B,13,10
1427622258.33,1427622258.97,A,32,9
1427622258.33,1427622258.97,B,10,9
1427622258.37,1427622259.01,A,32,9
1427622258.37,1427622259.01,B,9,9
1427622258.41,1427622259.05,A,33,9
1427622258.41,1427622259.05,B,9,9
1427622258.45,1427622259.09,A,32,9
1427622258.45,1427622259.09,B,9,9
1427622258.49,1427622259.13,A,33,9
1427622258.49,1427622259.13,B,11,9
1427622258.53,1427622259.17,A,35,9
1427622258.53,1427622259.17,B,13,9
1427622258.57,1427622259.21,A,32,10
1427622258.57,1427622259.21,B,13,10
1427622258.61,1427622259.25,A,31,9
1427622258.61,1427622259.25,B,11,9
1427622258.65,1427622259.29,A,24,7
1427622258.65,1427622259.29,B,15,7
1427622258.69,1427622259.33,A,24,7
1427622258.69,1427622259.33,B,15,7
1427622258.73,1427622259.37,A,21,7
1427622258.73,1427622259.37,B,12,7
1427622258.77,1427622259.41,A,20,6
1427622258.77,1427622259.41,B,12,6
1427622258.81,1427622259.45,A,19,6
1427622258.81,1427622259.45,B,12,6
1427622258.85,1427622259.49,A,17,6
1427622258.85,1427622259.49,B,13,6
1427622258.89,1427622259.53,A,16,6
1427622258.89,1427622259.53,B,13,6
1427622258.93,1427622259.57,A,14,7
1427622258.93,1427622259.57,B,12,7
1427622258.97,1427622259.61,A,12,6
1427622258.97,1427622259.61,B,12,6
1427622259.01,1427622259.65,A,12,7
1427622259.01,1427622259.65,B,11,7
1427622259.05,1427622259.69,A,12,7
1427622259.05,1427622259.69,B,10,7
1427622259.09,1427622259.73,A,15,6
1427622259.09,1427622259.73,B,9,6
1427622259.13,1427622259.77,A,15,6
1427622259.13,1427622259.77,B,7,6
1427622259.17,1427622259.81,A,12,6
1427622259.17,1427622259.81,B,6,6
1427622259.21,1427622259.85,A,15,6
1427622259.21,1427622259.85,B,3,6
1427622259.25,1427622259.89,A,15,6
1427622259.25,1427622259.89,B,3,6
1427622259.29,1427622259.93,A,13,6
1427622259.29,1427622259.93,B,3,6
1427622259.33,1427622259.97,A,13,6
1427622259.33,1427622259.97,B,4,6
1427622259.37,1427622260.01,A,13,6
1427622259.37,1427622260.01,B,6,6
1427622259.41,1427622260.05,A,15,6
1427622259.41,1427622260.05,B,7,6
1427622259.45,1427622260.09,A,18,7
1427622259.45,1427622260.09,B,6,7
1427622259.49,1427622260.13,A,22,8
1427622259.49,1427622260.13,B,12,8
1427622259.53,1427622260.17,A,21,8
1427622259.53,1427622260.17,B,14,8
1427622259.57,1427622260.21,A,23,8
1427622259.57,1427622260.21,B,13,8
1427622259.61,1427622260.25,A,17,8
1427622259.61,1427622260.25,B,16,8
1427622259.65,1427622260.29,A,15,7
1427622259.65,1427622260.29,B,14,7
1427622259.69,1427622260.33,A,10,7
1427622259.69,1427622260.33,B,12,7
1427622259.73,1427622260.37,A,7,7
1427622259.73,1427622260.37,B,9,7
1427622259.77,1427622260.41,A,10,7
1427622259.77,1427622260.41,B,4,7
1427622259.81,1427622260.45,A,12,6
1427622259.81,1427622260.45,B,6,6
1427622259.85,1427622260.49,A,13,6
1427622259.85,1427622260.49,B,7,6
1427622259.89,1427622260.53,A,13,6
1427622259.89,1427622260.53,B,8,6
1427622259.93,1427622260.57,A,14,6
1427622259.93,1427622260.57,B,9,6
1427622259.97,1427622260.61,A,12,6
1427622259.97,1427622260.61,B,10,6
1427622260.01,1427622260.65,A,10,6
1427622260.01,1427622260.65,B,11,6
1427622260.05,1427622260.69,A,6,6
1427622260.05,1427622260.69,B,13,6
1427622260.09,1427622260.73,A,6,6
1427622260.09,1427622260.73,B,12,6
1427622260.13,1427622260.77,A,9,5
1427622260.13,1427622260.77,B,9,5
1427622260.17,1427622260.81,A,11,5
1427622260.17,1427622260.81,B,11,5
1427622260.21,1427622260.85,A,15,5
1427622260.21,1427622260.85,B,8,5
1427622260.25,1427622260.89,A,15,5
1427622260.25,1427622260.89,B,8,5
1427622260.29,1427622260.93,A,13,5
1427622260.29,1427622260.93,B,9,5
1427622260.33,1427622260.97,A,12,5
1427622260.33,1427622260.97,B,8,5
1427622260.37,1427622261.01,A,11,5
1427622260.37,1427622261.01,B,8,5
1427622260.41,1427622261.05,A,10,5
1427622260.41,1427622261.05,B,6,5
1427622260.45,1427622261.09,A,11,4
1427622260.45,1427622261.09,B,4,4
1427622260.49,1427622261.13,A,12,4
1427622260.49,1427622261.13,B,3,4
1427622260.53,1427622261.17,A,11,4
1427622260.53,1427622261.17,B,3,4
1427622260.57,1427622261.21,A,10,5
1427622260.57,1427622261.21,B,5,5
1427622260.61,1427622261.25,A,7,6
1427622260.61,1427622261.25,B,8,6
1427622260.65,1427622261.29,A,5,5
1427622260.65,1427622261.29,B,9,5
1427622260.69,1427622261.33,A,4,5
1427622260.69,1427622261.33,B,8,5
