#targetfile:$(projectRoot)/result/result/50cm/waist-front/hasc-20150329-174648-mag-pca.csv-lowpass.csv
1427618814.57,1427618815.21,A,15,6
1427618814.61,1427618815.25,A,14,6
1427618814.61,1427618815.25,B,11,6
1427618814.65,1427618815.29,A,16,6
1427618814.65,1427618815.29,B,13,6
1427618814.69,1427618815.33,A,18,7
1427618814.69,1427618815.33,B,15,7
1427618814.73,1427618815.37,A,20,7
1427618814.73,1427618815.37,B,16,7
1427618814.77,1427618815.41,A,19,6
1427618814.77,1427618815.41,B,18,6
1427618814.81,1427618815.45,A,17,6
1427618814.81,1427618815.45,B,19,6
1427618814.85,1427618815.49,A,15,6
1427618814.85,1427618815.49,B,17,6
1427618814.89,1427618815.53,A,14,6
1427618814.89,1427618815.53,B,16,6
1427618814.93,1427618815.57,A,13,6
1427618814.93,1427618815.57,B,16,6
1427618814.97,1427618815.61,A,14,6
1427618814.97,1427618815.61,B,15,6
1427618815.01,1427618815.65,A,16,6
1427618815.01,1427618815.65,B,13,6
1427618815.05,1427618815.69,A,14,6
1427618815.05,1427618815.69,B,13,6
1427618815.09,1427618815.73,A,14,6
1427618815.09,1427618815.73,B,12,6
1427618815.13,1427618815.77,A,11,6
1427618815.13,1427618815.77,B,8,6
1427618815.17,1427618815.81,A,12,6
1427618815.17,1427618815.81,B,7,6
1427618815.21,1427618815.85,A,13,6
1427618815.21,1427618815.85,B,7,6
1427618815.25,1427618815.89,A,15,6
1427618815.25,1427618815.89,B,5,6
1427618815.29,1427618815.93,A,13,5
1427618815.29,1427618815.93,B,5,5
1427618815.33,1427618815.97,A,11,6
1427618815.33,1427618815.97,B,7,6
1427618815.37,1427618816.01,A,12,5
1427618815.37,1427618816.01,B,8,5
1427618815.41,1427618816.05,A,12,6
1427618815.41,1427618816.05,B,8,6
1427618815.45,1427618816.09,A,12,6
1427618815.45,1427618816.09,B,9,6
1427618815.49,1427618816.13,A,11,6
1427618815.49,1427618816.13,B,10,6
1427618815.53,1427618816.17,A,11,6
1427618815.53,1427618816.17,B,10,6
1427618815.57,1427618816.21,A,11,6
1427618815.57,1427618816.21,B,10,6
1427618815.61,1427618816.25,A,11,6
1427618815.61,1427618816.25,B,9,6
1427618815.65,1427618816.29,A,9,6
1427618815.65,1427618816.29,B,10,6
1427618815.69,1427618816.33,A,10,6
1427618815.69,1427618816.33,B,10,6
1427618815.73,1427618816.37,A,9,6
1427618815.73,1427618816.37,B,9,6
1427618815.77,1427618816.41,A,9,6
1427618815.77,1427618816.41,B,10,6
1427618815.81,1427618816.45,A,9,6
1427618815.81,1427618816.45,B,10,6
1427618815.85,1427618816.49,A,8,6
1427618815.85,1427618816.49,B,8,6
1427618815.89,1427618816.53,A,4,6
1427618815.89,1427618816.53,B,10,6
1427618815.93,1427618816.57,A,7,7
1427618815.93,1427618816.57,B,9,7
1427618815.97,1427618816.61,A,8,7
1427618815.97,1427618816.61,B,9,7
1427618816.01,1427618816.65,A,8,7
1427618816.01,1427618816.65,B,9,7
1427618816.05,1427618816.69,A,10,7
1427618816.05,1427618816.69,B,6,7
1427618816.09,1427618816.73,A,11,7
1427618816.09,1427618816.73,B,4,7
1427618816.13,1427618816.77,A,13,7
1427618816.13,1427618816.77,B,6,7
1427618816.17,1427618816.81,A,14,7
1427618816.17,1427618816.81,B,6,7
1427618816.21,1427618816.85,A,15,7
1427618816.21,1427618816.85,B,6,7
1427618816.25,1427618816.89,A,17,8
1427618816.25,1427618816.89,B,8,8
1427618816.29,1427618816.93,A,17,8
1427618816.29,1427618816.93,B,9,8
1427618816.33,1427618816.97,A,16,7
1427618816.33,1427618816.97,B,9,7
1427618816.37,1427618817.01,A,16,7
1427618816.37,1427618817.01,B,9,7
1427618816.41,1427618817.05,A,15,7
1427618816.41,1427618817.05,B,7,7
1427618816.45,1427618817.09,A,11,7
1427618816.45,1427618817.09,B,6,7
1427618816.49,1427618817.13,A,14,9
1427618816.49,1427618817.13,B,9,9
1427618816.53,1427618817.17,A,15,8
1427618816.53,1427618817.17,B,10,8
1427618816.57,1427618817.21,A,16,9
1427618816.57,1427618817.21,B,7,9
1427618816.61,1427618817.25,A,20,11
1427618816.61,1427618817.25,B,6,11
1427618816.65,1427618817.29,A,21,13
1427618816.65,1427618817.29,B,9,13
1427618816.69,1427618817.33,A,19,13
1427618816.69,1427618817.33,B,11,13
1427618816.73,1427618817.37,A,19,13
1427618816.73,1427618817.37,B,13,13
1427618816.77,1427618817.41,A,18,14
1427618816.77,1427618817.41,B,17,14
1427618816.81,1427618817.45,A,23,14
1427618816.81,1427618817.45,B,22,14
1427618816.85,1427618817.49,A,25,14
1427618816.85,1427618817.49,B,21,14
1427618816.89,1427618817.53,A,32,14
1427618816.89,1427618817.53,B,21,14
1427618816.93,1427618817.57,A,31,14
1427618816.93,1427618817.57,B,22,14
1427618816.97,1427618817.61,A,34,15
1427618816.97,1427618817.61,B,17,15
1427618817.01,1427618817.65,A,33,15
1427618817.01,1427618817.65,B,15,15
1427618817.05,1427618817.69,A,32,16
1427618817.05,1427618817.69,B,15,16
1427618817.09,1427618817.73,A,33,16
1427618817.09,1427618817.73,B,17,16
1427618817.13,1427618817.77,A,30,16
1427618817.13,1427618817.77,B,19,16
1427618817.17,1427618817.81,A,34,17
1427618817.17,1427618817.81,B,14,17
1427618817.21,1427618817.85,A,38,18
1427618817.21,1427618817.85,B,10,18
1427618817.25,1427618817.89,A,37,16
1427618817.25,1427618817.89,B,12,16
1427618817.29,1427618817.93,A,41,16
1427618817.29,1427618817.93,B,12,16
1427618817.33,1427618817.97,A,40,16
1427618817.33,1427618817.97,B,12,16
1427618817.37,1427618818.01,A,43,16
1427618817.37,1427618818.01,B,15,16
1427618817.41,1427618818.05,A,41,16
1427618817.41,1427618818.05,B,18,16
1427618817.45,1427618818.09,A,42,18
1427618817.45,1427618818.09,B,23,18
1427618817.49,1427618818.13,A,43,19
1427618817.49,1427618818.13,B,24,19
1427618817.53,1427618818.17,A,48,22
1427618817.53,1427618818.17,B,18,22
1427618817.57,1427618818.21,A,56,23
1427618817.57,1427618818.21,B,7,23
1427618817.61,1427618818.25,A,68,26
1427618817.61,1427618818.25,B,19,26
1427618817.65,1427618818.29,A,76,29
1427618817.65,1427618818.29,B,22,29
1427618817.69,1427618818.33,A,78,29
1427618817.69,1427618818.33,B,29,29
1427618817.73,1427618818.37,A,65,31
1427618817.73,1427618818.37,B,40,31
1427618817.77,1427618818.41,A,66,30
1427618817.77,1427618818.41,B,38,30
1427618817.81,1427618818.45,A,51,33
1427618817.81,1427618818.45,B,36,33
1427618817.85,1427618818.49,A,45,31
1427618817.85,1427618818.49,B,30,31
1427618817.89,1427618818.53,A,74,42
1427618817.89,1427618818.53,B,45,42
1427618817.93,1427618818.57,A,88,49
1427618817.93,1427618818.57,B,69,49
1427618817.97,1427618818.61,A,113,53
1427618817.97,1427618818.61,B,85,53
1427618818.01,1427618818.65,A,108,55
1427618818.01,1427618818.65,B,97,55
1427618818.05,1427618818.69,A,108,53
1427618818.05,1427618818.69,B,88,53
1427618818.09,1427618818.73,A,86,56
1427618818.09,1427618818.73,B,82,56
1427618818.13,1427618818.77,A,63,55
1427618818.13,1427618818.77,B,107,55
1427618818.17,1427618818.81,A,41,56
1427618818.17,1427618818.81,B,88,56
1427618818.21,1427618818.85,A,98,71
1427618818.21,1427618818.85,B,96,71
1427618818.25,1427618818.89,A,113,76
1427618818.25,1427618818.89,B,115,76
1427618818.29,1427618818.93,A,161,80
1427618818.29,1427618818.93,B,113,80
1427618818.33,1427618818.97,A,193,82
1427618818.33,1427618818.97,B,87,82
1427618818.37,1427618819.01,A,223,91
1427618818.37,1427618819.01,B,71,91
1427618818.41,1427618819.05,A,221,95
1427618818.41,1427618819.05,B,89,95
1427618818.45,1427618819.09,A,214,93
1427618818.45,1427618819.09,B,102,93
1427618818.49,1427618819.13,A,187,98
1427618818.49,1427618819.13,B,127,98
1427618818.53,1427618819.17,A,199,99
1427618818.53,1427618819.17,B,139,99
1427618818.57,1427618819.21,A,200,101
1427618818.57,1427618819.21,B,132,101
1427618818.61,1427618819.25,A,212,111
1427618818.61,1427618819.25,B,102,111
1427618818.65,1427618819.29,A,323,123
1427618818.65,1427618819.29,B,138,123
1427618818.69,1427618819.33,A,336,123
1427618818.69,1427618819.33,B,178,123
1427618818.73,1427618819.37,A,384,118
1427618818.73,1427618819.37,B,177,118
1427618818.77,1427618819.41,A,355,120
1427618818.77,1427618819.41,B,187,120
1427618818.81,1427618819.45,A,328,123
1427618818.81,1427618819.45,B,179,123
1427618818.85,1427618819.49,A,243,116
1427618818.85,1427618819.49,B,113,116
1427618818.89,1427618819.53,A,249,112
1427618818.89,1427618819.53,B,150,112
1427618818.93,1427618819.57,A,214,113
1427618818.93,1427618819.57,B,144,113
1427618818.97,1427618819.61,A,263,120
1427618818.97,1427618819.61,B,181,120
1427618819.01,1427618819.65,A,320,119
1427618819.01,1427618819.65,B,134,119
1427618819.05,1427618819.69,A,342,113
1427618819.05,1427618819.69,B,104,113
1427618819.09,1427618819.73,A,339,112
1427618819.09,1427618819.73,B,91,112
1427618819.13,1427618819.77,A,328,112
1427618819.13,1427618819.77,B,70,112
1427618819.17,1427618819.81,A,248,106
1427618819.17,1427618819.81,B,96,106
1427618819.21,1427618819.85,A,265,102
1427618819.21,1427618819.85,B,125,102
1427618819.25,1427618819.89,A,269,98
1427618819.25,1427618819.89,B,113,98
1427618819.29,1427618819.93,A,242,86
1427618819.29,1427618819.93,B,48,86
1427618819.33,1427618819.97,A,315,86
1427618819.33,1427618819.97,B,49,86
1427618819.37,1427618820.01,A,334,79
1427618819.37,1427618820.01,B,27,79
1427618819.41,1427618820.05,A,345,79
1427618819.41,1427618820.05,B,30,79
1427618819.45,1427618820.09,A,335,78
1427618819.45,1427618820.09,B,41,78
1427618819.49,1427618820.13,A,334,80
1427618819.49,1427618820.13,B,49,80
1427618819.53,1427618820.17,A,279,75
1427618819.53,1427618820.17,B,73,75
1427618819.57,1427618820.21,A,269,75
1427618819.57,1427618820.21,B,71,75
1427618819.61,1427618820.25,A,259,62
1427618819.61,1427618820.25,B,77,62
1427618819.65,1427618820.29,A,241,57
1427618819.65,1427618820.29,B,55,57
1427618819.69,1427618820.33,A,265,54
1427618819.69,1427618820.33,B,39,54
1427618819.73,1427618820.37,A,263,53
1427618819.73,1427618820.37,B,34,53
1427618819.77,1427618820.41,A,251,54
1427618819.77,1427618820.41,B,31,54
1427618819.81,1427618820.45,A,238,48
1427618819.81,1427618820.45,B,16,48
1427618819.85,1427618820.49,A,211,43
1427618819.85,1427618820.49,B,32,43
1427618819.89,1427618820.53,A,184,37
1427618819.89,1427618820.53,B,27,37
1427618819.93,1427618820.57,A,182,34
1427618819.93,1427618820.57,B,29,34
1427618819.97,1427618820.61,A,162,29
1427618819.97,1427618820.61,B,10,29
1427618820.01,1427618820.65,A,155,27
1427618820.01,1427618820.65,B,8,27
1427618820.05,1427618820.69,A,155,26
1427618820.05,1427618820.69,B,10,26
1427618820.09,1427618820.73,A,138,28
1427618820.09,1427618820.73,B,16,28
1427618820.13,1427618820.77,A,123,24
1427618820.13,1427618820.77,B,19,24
1427618820.17,1427618820.81,A,120,25
1427618820.17,1427618820.81,B,28,25
1427618820.21,1427618820.85,A,96,20
1427618820.21,1427618820.85,B,13,20
1427618820.25,1427618820.89,A,94,19
1427618820.25,1427618820.89,B,9,19
1427618820.29,1427618820.93,A,88,17
1427618820.29,1427618820.93,B,7,17
1427618820.33,1427618820.97,A,82,16
1427618820.33,1427618820.97,B,6,16
1427618820.37,1427618821.01,A,80,16
1427618820.37,1427618821.01,B,5,16
1427618820.41,1427618821.05,A,75,17
1427618820.41,1427618821.05,B,10,17
1427618820.45,1427618821.09,A,63,14
1427618820.45,1427618821.09,B,10,14
1427618820.49,1427618821.13,A,61,14
1427618820.49,1427618821.13,B,8,14
1427618820.53,1427618821.17,A,48,11
1427618820.53,1427618821.17,B,13,11
1427618820.57,1427618821.21,A,44,10
1427618820.57,1427618821.21,B,12,10
1427618820.61,1427618821.25,A,42,10
1427618820.61,1427618821.25,B,12,10
1427618820.65,1427618821.29,A,38,10
1427618820.65,1427618821.29,B,8,10
1427618820.69,1427618821.33,A,40,9
1427618820.69,1427618821.33,B,6,9
1427618820.73,1427618821.37,A,41,9
1427618820.73,1427618821.37,B,5,9
1427618820.77,1427618821.41,A,37,9
1427618820.77,1427618821.41,B,6,9
1427618820.81,1427618821.45,A,36,8
1427618820.81,1427618821.45,B,6,8
1427618820.85,1427618821.49,A,33,7
1427618820.85,1427618821.49,B,5,7
1427618820.89,1427618821.53,A,30,8
1427618820.89,1427618821.53,B,2,8
1427618820.93,1427618821.57,A,29,7
1427618820.93,1427618821.57,B,4,7
1427618820.97,1427618821.61,A,26,7
1427618820.97,1427618821.61,B,4,7
1427618821.01,1427618821.65,A,25,7
1427618821.01,1427618821.65,B,3,7
1427618821.05,1427618821.69,A,25,7
1427618821.05,1427618821.69,B,3,7
1427618821.09,1427618821.73,A,19,7
1427618821.09,1427618821.73,B,4,7
1427618821.13,1427618821.77,A,19,7
1427618821.13,1427618821.77,B,6,7
1427618821.17,1427618821.81,A,17,6
1427618821.17,1427618821.81,B,5,6
1427618821.21,1427618821.85,A,18,6
1427618821.21,1427618821.85,B,7,6
1427618821.25,1427618821.89,A,18,7
1427618821.25,1427618821.89,B,8,7
1427618821.29,1427618821.93,A,16,7
1427618821.29,1427618821.93,B,9,7
1427618821.33,1427618821.97,A,15,6
1427618821.33,1427618821.97,B,11,6
1427618821.37,1427618822.01,A,15,6
1427618821.37,1427618822.01,B,10,6
1427618821.41,1427618822.05,A,12,5
1427618821.41,1427618822.05,B,8,5
1427618821.45,1427618822.09,A,11,5
1427618821.45,1427618822.09,B,6,5
1427618821.49,1427618822.13,A,7,4
1427618821.49,1427618822.13,B,6,4
1427618821.53,1427618822.17,A,8,4
1427618821.53,1427618822.17,B,6,4
1427618821.57,1427618822.21,A,8,5
1427618821.57,1427618822.21,B,8,5
1427618821.61,1427618822.25,A,12,5
1427618821.61,1427618822.25,B,11,5
1427618821.65,1427618822.29,A,12,4
1427618821.65,1427618822.29,B,12,4
1427618821.69,1427618822.33,A,12,4
1427618821.69,1427618822.33,B,13,4
1427618821.73,1427618822.37,A,13,5
1427618821.73,1427618822.37,B,11,5
1427618821.77,1427618822.41,A,13,4
1427618821.77,1427618822.41,B,9,4
1427618821.81,1427618822.45,A,12,4
1427618821.81,1427618822.45,B,8,4
1427618821.85,1427618822.49,A,11,4
1427618821.85,1427618822.49,B,7,4
1427618821.89,1427618822.53,A,10,4
1427618821.89,1427618822.53,B,6,4
1427618821.93,1427618822.57,A,11,4
1427618821.93,1427618822.57,B,7,4
1427618821.97,1427618822.61,A,11,4
1427618821.97,1427618822.61,B,9,4
1427618822.01,1427618822.65,A,10,4
1427618822.01,1427618822.65,B,10,4
1427618822.05,1427618822.69,A,8,4
1427618822.05,1427618822.69,B,11,4
1427618822.09,1427618822.73,A,8,4
1427618822.09,1427618822.73,B,11,4
1427618822.13,1427618822.77,A,7,4
1427618822.13,1427618822.77,B,9,4
1427618822.17,1427618822.81,A,10,4
1427618822.17,1427618822.81,B,7,4
1427618822.21,1427618822.85,A,10,4
1427618822.21,1427618822.85,B,5,4
1427618822.25,1427618822.89,A,11,4
1427618822.25,1427618822.89,B,5,4
1427618822.29,1427618822.93,A,11,4
1427618822.29,1427618822.93,B,6,4
1427618822.33,1427618822.97,A,12,4
1427618822.33,1427618822.97,B,6,4
1427618822.37,1427618823.01,A,10,4
1427618822.37,1427618823.01,B,6,4
1427618822.41,1427618823.05,A,10,4
1427618822.41,1427618823.05,B,6,4
1427618822.45,1427618823.09,A,9,4
1427618822.45,1427618823.09,B,6,4
1427618822.49,1427618823.13,A,9,4
1427618822.49,1427618823.13,B,6,4
1427618822.53,1427618823.17,A,8,4
1427618822.53,1427618823.17,B,7,4
1427618822.57,1427618823.21,A,7,4
1427618822.57,1427618823.21,B,7,4
1427618822.61,1427618823.25,A,8,4
1427618822.61,1427618823.25,B,5,4
1427618822.65,1427618823.29,A,10,4
1427618822.65,1427618823.29,B,8,4
1427618822.69,1427618823.33,A,10,4
1427618822.69,1427618823.33,B,9,4
1427618822.73,1427618823.37,A,10,4
1427618822.73,1427618823.37,B,10,4
1427618822.77,1427618823.41,A,9,4
1427618822.77,1427618823.41,B,11,4
1427618822.81,1427618823.45,A,7,3
1427618822.81,1427618823.45,B,10,3
1427618822.85,1427618823.49,A,5,3
1427618822.85,1427618823.49,B,9,3
1427618822.89,1427618823.53,A,1,3
1427618822.89,1427618823.53,B,5,3
1427618822.93,1427618823.57,A,3,3
1427618822.93,1427618823.57,B,6,3
1427618822.97,1427618823.61,A,4,3
1427618822.97,1427618823.61,B,5,3
1427618823.01,1427618823.65,A,6,3
1427618823.01,1427618823.65,B,4,3
1427618823.05,1427618823.69,A,8,3
1427618823.05,1427618823.69,B,4,3
1427618823.09,1427618823.73,A,8,3
1427618823.09,1427618823.73,B,5,3
1427618823.13,1427618823.77,A,10,3
1427618823.13,1427618823.77,B,5,3
1427618823.17,1427618823.81,A,10,3
1427618823.17,1427618823.81,B,5,3
1427618823.21,1427618823.85,A,12,3
1427618823.21,1427618823.85,B,4,3
1427618823.25,1427618823.89,A,9,3
1427618823.25,1427618823.89,B,2,3
1427618823.29,1427618823.93,A,10,3
1427618823.29,1427618823.93,B,3,3
1427618823.33,1427618823.97,A,11,4
1427618823.33,1427618823.97,B,4,4
1427618823.37,1427618824.01,A,13,4
1427618823.37,1427618824.01,B,4,4
1427618823.41,1427618824.05,A,13,4
1427618823.41,1427618824.05,B,5,4
1427618823.45,1427618824.09,A,14,4
1427618823.45,1427618824.09,B,4,4
1427618823.49,1427618824.13,A,14,4
1427618823.49,1427618824.13,B,3,4
1427618823.53,1427618824.17,A,14,4
1427618823.53,1427618824.17,B,5,4
1427618823.57,1427618824.21,A,12,3
1427618823.57,1427618824.21,B,6,3
1427618823.61,1427618824.25,A,12,3
1427618823.61,1427618824.25,B,5,3
1427618823.65,1427618824.29,A,11,3
1427618823.65,1427618824.29,B,5,3
1427618823.69,1427618824.33,A,10,3
1427618823.69,1427618824.33,B,6,3
1427618823.73,1427618824.37,A,9,3
1427618823.73,1427618824.37,B,7,3
1427618823.77,1427618824.41,A,9,3
1427618823.77,1427618824.41,B,8,3
1427618823.81,1427618824.45,A,10,3
1427618823.81,1427618824.45,B,9,3
1427618823.85,1427618824.49,A,10,3
1427618823.85,1427618824.49,B,9,3
1427618823.89,1427618824.53,A,9,4
1427618823.89,1427618824.53,B,9,4
1427618823.93,1427618824.57,A,9,3
1427618823.93,1427618824.57,B,8,3
1427618823.97,1427618824.61,A,6,3
1427618823.97,1427618824.61,B,8,3
1427618824.01,1427618824.65,A,6,3
1427618824.01,1427618824.65,B,7,3
1427618824.05,1427618824.69,A,6,3
1427618824.05,1427618824.69,B,8,3
1427618824.09,1427618824.73,A,6,3
1427618824.09,1427618824.73,B,8,3
1427618824.13,1427618824.77,A,7,4
1427618824.13,1427618824.77,B,10,4
1427618824.17,1427618824.81,A,4,4
1427618824.17,1427618824.81,B,13,4
1427618824.21,1427618824.85,A,4,4
1427618824.21,1427618824.85,B,12,4
1427618824.25,1427618824.89,A,3,4
1427618824.25,1427618824.89,B,11,4
1427618824.29,1427618824.93,A,2,4
1427618824.29,1427618824.93,B,10,4
1427618824.33,1427618824.97,A,2,3
1427618824.33,1427618824.97,B,9,3
1427618824.37,1427618825.01,A,3,3
1427618824.37,1427618825.01,B,9,3
1427618824.41,1427618825.05,A,2,3
1427618824.41,1427618825.05,B,9,3
1427618824.45,1427618825.09,A,2,3
1427618824.45,1427618825.09,B,9,3
1427618824.49,1427618825.13,A,1,3
1427618824.49,1427618825.13,B,8,3
1427618824.53,1427618825.17,A,1,3
1427618824.53,1427618825.17,B,7,3
1427618824.57,1427618825.21,A,1,3
1427618824.57,1427618825.21,B,8,3
1427618824.61,1427618825.25,A,1,3
1427618824.61,1427618825.25,B,8,3
1427618824.65,1427618825.29,A,1,3
1427618824.65,1427618825.29,B,8,3
1427618824.69,1427618825.33,A,1,3
1427618824.69,1427618825.33,B,10,3
1427618824.73,1427618825.37,A,2,3
1427618824.73,1427618825.37,B,10,3
1427618824.77,1427618825.41,A,5,3
1427618824.77,1427618825.41,B,8,3
1427618824.81,1427618825.45,A,6,3
1427618824.81,1427618825.45,B,7,3
1427618824.85,1427618825.49,A,8,4
1427618824.85,1427618825.49,B,7,4
1427618824.89,1427618825.53,A,8,4
1427618824.89,1427618825.53,B,7,4
1427618824.93,1427618825.57,A,9,4
1427618824.93,1427618825.57,B,7,4
1427618824.97,1427618825.61,A,9,4
1427618824.97,1427618825.61,B,7,4
1427618825.01,1427618825.65,A,9,4
1427618825.01,1427618825.65,B,6,4
1427618825.05,1427618825.69,A,9,4
1427618825.05,1427618825.69,B,7,4
