#targetfile:$(projectRoot)/result/result/50cm/waist-front/hasc-20150329-132805-mag-pca.csv-lowpass.csv
1427603294.68,1427603295.32,A,18,6
1427603294.72,1427603295.36,A,18,5
1427603294.76,1427603295.4,A,22,6
1427603294.8,1427603295.44,A,26,7
1427603294.84,1427603295.48,A,26,8
1427603294.88,1427603295.52,A,34,9
1427603294.92,1427603295.56,A,34,10
1427603294.96,1427603295.6,A,38,10
1427603295.0,1427603295.64,A,39,10
1427603295.04,1427603295.68,A,38,9
1427603295.08,1427603295.72,A,42,10
1427603295.12,1427603295.76,A,46,11
1427603295.16,1427603295.8,A,50,13
1427603295.16,1427603295.8,B,20,13
1427603295.2,1427603295.84,A,61,13
1427603295.2,1427603295.84,B,15,13
1427603295.24,1427603295.88,A,60,14
1427603295.24,1427603295.88,B,17,14
1427603295.28,1427603295.92,A,69,14
1427603295.28,1427603295.92,B,8,14
1427603295.32,1427603295.96,A,69,14
1427603295.32,1427603295.96,B,9,14
1427603295.36,1427603296.0,A,74,16
1427603295.36,1427603296.0,B,12,16
1427603295.4,1427603296.04,A,84,15
1427603295.4,1427603296.04,B,17,15
1427603295.44,1427603296.08,A,84,15
1427603295.44,1427603296.08,B,20,15
1427603295.48,1427603296.12,A,97,18
1427603295.48,1427603296.12,B,11,18
1427603295.52,1427603296.16,A,103,17
1427603295.52,1427603296.16,B,8,17
1427603295.56,1427603296.2,A,107,20
1427603295.56,1427603296.2,B,10,20
1427603295.6,1427603296.24,A,136,26
1427603295.6,1427603296.24,B,28,26
1427603295.64,1427603296.28,A,136,34
1427603295.64,1427603296.28,B,43,34
1427603295.68,1427603296.32,A,155,33
1427603295.68,1427603296.32,B,47,33
1427603295.72,1427603296.36,A,166,33
1427603295.72,1427603296.36,B,36,33
1427603295.76,1427603296.4,A,176,34
1427603295.76,1427603296.4,B,25,34
1427603295.8,1427603296.44,A,206,37
1427603295.8,1427603296.44,B,42,37
1427603295.84,1427603296.48,A,209,45
1427603295.84,1427603296.48,B,53,45
1427603295.88,1427603296.52,A,259,60
1427603295.88,1427603296.52,B,83,60
1427603295.92,1427603296.56,A,262,60
1427603295.92,1427603296.56,B,91,60
1427603295.96,1427603296.6,A,285,70
1427603295.96,1427603296.6,B,78,70
1427603296.0,1427603296.64,A,311,67
1427603296.0,1427603296.64,B,53,67
1427603296.04,1427603296.68,A,302,68
1427603296.04,1427603296.68,B,33,68
1427603296.08,1427603296.72,A,347,72
1427603296.08,1427603296.72,B,54,72
1427603296.12,1427603296.76,A,376,74
1427603296.12,1427603296.76,B,64,74
1427603296.16,1427603296.8,A,428,107
1427603296.16,1427603296.8,B,143,107
1427603296.2,1427603296.84,A,504,112
1427603296.2,1427603296.84,B,137,112
1427603296.24,1427603296.88,A,489,123
1427603296.24,1427603296.88,B,194,123
1427603296.28,1427603296.92,A,580,136
1427603296.28,1427603296.92,B,117,136
1427603296.32,1427603296.96,A,547,143
1427603296.32,1427603296.96,B,91,143
1427603296.36,1427603297.0,A,621,148
1427603296.36,1427603297.0,B,108,148
1427603296.4,1427603297.04,A,601,148
1427603296.4,1427603297.04,B,128,148
1427603296.44,1427603297.08,A,603,148
1427603296.44,1427603297.08,B,113,148
1427603296.48,1427603297.12,A,660,146
1427603296.48,1427603297.12,B,101,146
1427603296.52,1427603297.16,A,653,143
1427603296.52,1427603297.16,B,137,143
1427603296.56,1427603297.2,A,720,158
1427603296.56,1427603297.2,B,170,158
1427603296.6,1427603297.24,A,737,157
1427603296.6,1427603297.24,B,139,157
1427603296.64,1427603297.28,A,744,191
1427603296.64,1427603297.28,B,224,191
1427603296.68,1427603297.32,A,701,201
1427603296.68,1427603297.32,B,284,201
1427603296.72,1427603297.36,A,637,200
1427603296.72,1427603297.36,B,300,200
1427603296.76,1427603297.4,A,643,201
1427603296.76,1427603297.4,B,284,201
1427603296.8,1427603297.44,A,569,197
1427603296.8,1427603297.44,B,220,197
1427603296.84,1427603297.48,A,585,195
1427603296.84,1427603297.48,B,265,195
1427603296.88,1427603297.52,A,557,197
1427603296.88,1427603297.52,B,282,197
1427603296.92,1427603297.56,A,518,199
1427603296.92,1427603297.56,B,364,199
1427603296.96,1427603297.6,A,510,196
1427603296.96,1427603297.6,B,371,196
1427603297.0,1427603297.64,A,378,188
1427603297.0,1427603297.64,B,339,188
1427603297.04,1427603297.68,A,361,186
1427603297.04,1427603297.68,B,339,186
1427603297.08,1427603297.72,A,309,179
1427603297.08,1427603297.72,B,295,179
1427603297.12,1427603297.76,A,300,178
1427603297.12,1427603297.76,B,321,178
1427603297.16,1427603297.8,A,341,179
1427603297.16,1427603297.8,B,342,179
1427603297.2,1427603297.84,A,283,174
1427603297.2,1427603297.84,B,406,174
1427603297.24,1427603297.88,A,351,164
1427603297.24,1427603297.88,B,325,164
1427603297.28,1427603297.92,A,223,138
1427603297.28,1427603297.92,B,308,138
1427603297.32,1427603297.96,A,204,123
1427603297.32,1427603297.96,B,255,123
1427603297.36,1427603298.0,A,108,108
1427603297.36,1427603298.0,B,188,108
1427603297.4,1427603298.04,A,104,106
1427603297.4,1427603298.04,B,172,106
1427603297.44,1427603298.08,A,121,104
1427603297.44,1427603298.08,B,148,104
1427603297.48,1427603298.12,A,133,94
1427603297.48,1427603298.12,B,147,94
1427603297.52,1427603298.16,A,144,95
1427603297.52,1427603298.16,B,141,95
1427603297.56,1427603298.2,A,123,80
1427603297.56,1427603298.2,B,121,80
1427603297.6,1427603298.24,A,123,60
1427603297.6,1427603298.24,B,81,60
1427603297.64,1427603298.28,A,55,39
1427603297.64,1427603298.28,B,80,39
1427603297.68,1427603298.32,A,49,39
1427603297.68,1427603298.32,B,79,39
1427603297.72,1427603298.36,A,27,33
1427603297.72,1427603298.36,B,59,33
1427603297.76,1427603298.4,A,36,33
1427603297.76,1427603298.4,B,56,33
1427603297.8,1427603298.44,A,39,35
1427603297.8,1427603298.44,B,58,35
1427603297.84,1427603298.48,A,52,33
1427603297.84,1427603298.48,B,49,33
1427603297.88,1427603298.52,A,40,28
1427603297.88,1427603298.52,B,52,28
1427603297.92,1427603298.56,A,36,26
1427603297.92,1427603298.56,B,52,26
1427603297.96,1427603298.6,A,32,19
1427603297.96,1427603298.6,B,33,19
1427603298.0,1427603298.64,A,16,17
1427603298.0,1427603298.64,B,33,17
1427603298.04,1427603298.68,A,11,14
1427603298.04,1427603298.68,B,27,14
1427603298.08,1427603298.72,A,7,13
1427603298.08,1427603298.72,B,26,13
1427603298.12,1427603298.76,A,10,13
1427603298.12,1427603298.76,B,24,13
1427603298.16,1427603298.8,A,11,12
1427603298.16,1427603298.8,B,24,12
1427603298.2,1427603298.84,A,17,12
1427603298.2,1427603298.84,B,18,12
1427603298.24,1427603298.88,A,16,12
1427603298.24,1427603298.88,B,13,12
1427603298.28,1427603298.92,A,21,10
1427603298.28,1427603298.92,B,7,10
1427603298.32,1427603298.96,A,15,9
1427603298.32,1427603298.96,B,5,9
1427603298.36,1427603299.0,A,14,9
1427603298.36,1427603299.0,B,6,9
1427603298.4,1427603299.04,A,13,8
1427603298.4,1427603299.04,B,6,8
1427603298.44,1427603299.08,A,13,8
1427603298.44,1427603299.08,B,6,8
1427603298.48,1427603299.12,A,14,8
1427603298.48,1427603299.12,B,6,8
1427603298.52,1427603299.16,A,14,8
1427603298.52,1427603299.16,B,6,8
1427603298.56,1427603299.2,A,16,7
1427603298.56,1427603299.2,B,5,7
1427603298.6,1427603299.24,A,22,7
1427603298.6,1427603299.24,B,10,7
1427603298.64,1427603299.28,A,21,7
1427603298.64,1427603299.28,B,13,7
1427603298.68,1427603299.32,A,24,7
1427603298.68,1427603299.32,B,10,7
1427603298.72,1427603299.36,A,22,7
1427603298.72,1427603299.36,B,6,7
1427603298.76,1427603299.4,A,23,8
1427603298.76,1427603299.4,B,5,8
1427603298.8,1427603299.44,A,19,7
1427603298.8,1427603299.44,B,6,7
1427603298.84,1427603299.48,A,19,8
1427603298.84,1427603299.48,B,6,8
1427603298.88,1427603299.52,A,19,7
1427603298.88,1427603299.52,B,6,7
1427603298.92,1427603299.56,A,17,7
1427603298.92,1427603299.56,B,8,7
1427603298.96,1427603299.6,A,19,8
1427603298.96,1427603299.6,B,8,8
1427603299.0,1427603299.64,A,19,8
1427603299.0,1427603299.64,B,8,8
1427603299.04,1427603299.68,A,20,8
1427603299.04,1427603299.68,B,3,8
1427603299.08,1427603299.72,A,19,7
1427603299.08,1427603299.72,B,4,7
1427603299.12,1427603299.76,A,19,7
1427603299.12,1427603299.76,B,1,7
1427603299.16,1427603299.8,A,21,8
1427603299.16,1427603299.8,B,4,8
1427603299.2,1427603299.84,A,21,8
1427603299.2,1427603299.84,B,4,8
