#targetfile:$(projectRoot)/result/result/50cm/waist-front/hasc-20150329-174535-mag-pca.csv-lowpass.csv
1427618754.8,1427618755.44,A,11,5
1427618754.84,1427618755.48,A,11,5
1427618754.88,1427618755.52,A,14,4
1427618754.92,1427618755.56,A,14,4
1427618754.96,1427618755.6,A,14,4
1427618755.0,1427618755.64,A,13,4
1427618755.04,1427618755.68,A,12,4
1427618755.08,1427618755.72,A,10,4
1427618755.12,1427618755.76,A,8,4
1427618755.16,1427618755.8,A,8,4
1427618755.2,1427618755.84,A,5,3
1427618755.24,1427618755.88,A,6,3
1427618755.28,1427618755.92,A,7,3
1427618755.32,1427618755.96,A,7,3
1427618755.36,1427618756.0,A,7,3
1427618755.4,1427618756.04,A,8,3
1427618755.44,1427618756.08,A,8,3
1427618755.48,1427618756.12,A,13,5
1427618755.52,1427618756.16,A,13,6
1427618755.56,1427618756.2,A,13,6
1427618755.6,1427618756.24,A,11,7
1427618755.64,1427618756.28,A,12,7
1427618755.68,1427618756.32,A,12,7
1427618755.68,1427618756.32,B,15,7
1427618755.72,1427618756.36,A,14,7
1427618755.72,1427618756.36,B,15,7
1427618755.76,1427618756.4,A,14,7
1427618755.76,1427618756.4,B,14,7
1427618755.8,1427618756.44,A,15,7
1427618755.8,1427618756.44,B,14,7
1427618755.84,1427618756.48,A,16,7
1427618755.84,1427618756.48,B,13,7
1427618755.88,1427618756.52,A,16,7
1427618755.88,1427618756.52,B,13,7
1427618755.92,1427618756.56,A,16,7
1427618755.92,1427618756.56,B,12,7
1427618755.96,1427618756.6,A,15,7
1427618755.96,1427618756.6,B,14,7
1427618756.0,1427618756.64,A,13,7
1427618756.0,1427618756.64,B,16,7
1427618756.04,1427618756.68,A,11,6
1427618756.04,1427618756.68,B,17,6
1427618756.08,1427618756.72,A,12,6
1427618756.08,1427618756.72,B,15,6
1427618756.12,1427618756.76,A,7,6
1427618756.12,1427618756.76,B,11,6
1427618756.16,1427618756.8,A,5,5
1427618756.16,1427618756.8,B,10,5
1427618756.2,1427618756.84,A,4,4
1427618756.2,1427618756.84,B,9,4
1427618756.24,1427618756.88,A,6,4
1427618756.24,1427618756.88,B,8,4
1427618756.28,1427618756.92,A,5,4
1427618756.28,1427618756.92,B,6,4
1427618756.32,1427618756.96,A,4,3
1427618756.32,1427618756.96,B,8,3
1427618756.36,1427618757.0,A,6,4
1427618756.36,1427618757.0,B,7,4
1427618756.4,1427618757.04,A,7,4
1427618756.4,1427618757.04,B,7,4
1427618756.44,1427618757.08,A,6,4
1427618756.44,1427618757.08,B,9,4
1427618756.48,1427618757.12,A,7,4
1427618756.48,1427618757.12,B,8,4
1427618756.52,1427618757.16,A,8,5
1427618756.52,1427618757.16,B,7,5
1427618756.56,1427618757.2,A,7,4
1427618756.56,1427618757.2,B,6,4
1427618756.6,1427618757.24,A,7,4
1427618756.6,1427618757.24,B,5,4
1427618756.64,1427618757.28,A,9,4
1427618756.64,1427618757.28,B,2,4
1427618756.68,1427618757.32,A,10,4
1427618756.68,1427618757.32,B,1,4
1427618756.72,1427618757.36,A,11,5
1427618756.72,1427618757.36,B,3,5
1427618756.76,1427618757.4,A,9,4
1427618756.76,1427618757.4,B,5,4
1427618756.8,1427618757.44,A,9,4
1427618756.8,1427618757.44,B,6,4
1427618756.84,1427618757.48,A,9,4
1427618756.84,1427618757.48,B,6,4
1427618756.88,1427618757.52,A,8,4
1427618756.88,1427618757.52,B,6,4
1427618756.92,1427618757.56,A,7,5
1427618756.92,1427618757.56,B,8,5
1427618756.96,1427618757.6,A,6,5
1427618756.96,1427618757.6,B,10,5
1427618757.0,1427618757.64,A,7,6
1427618757.0,1427618757.64,B,9,6
1427618757.04,1427618757.68,A,8,6
1427618757.04,1427618757.68,B,7,6
1427618757.08,1427618757.72,A,10,6
1427618757.08,1427618757.72,B,10,6
1427618757.12,1427618757.76,A,9,6
1427618757.12,1427618757.76,B,11,6
1427618757.16,1427618757.8,A,9,6
1427618757.16,1427618757.8,B,13,6
1427618757.2,1427618757.84,A,11,6
1427618757.2,1427618757.84,B,13,6
1427618757.24,1427618757.88,A,11,6
1427618757.24,1427618757.88,B,12,6
1427618757.28,1427618757.92,A,10,6
1427618757.28,1427618757.92,B,11,6
1427618757.32,1427618757.96,A,13,6
1427618757.32,1427618757.96,B,9,6
1427618757.36,1427618758.0,A,14,6
1427618757.36,1427618758.0,B,9,6
1427618757.4,1427618758.04,A,15,6
1427618757.4,1427618758.04,B,9,6
1427618757.44,1427618758.08,A,18,7
1427618757.44,1427618758.08,B,11,7
1427618757.48,1427618758.12,A,19,7
1427618757.48,1427618758.12,B,12,7
1427618757.52,1427618758.16,A,22,7
1427618757.52,1427618758.16,B,12,7
1427618757.56,1427618758.2,A,22,7
1427618757.56,1427618758.2,B,12,7
1427618757.6,1427618758.24,A,24,6
1427618757.6,1427618758.24,B,10,6
1427618757.64,1427618758.28,A,22,6
1427618757.64,1427618758.28,B,8,6
1427618757.68,1427618758.32,A,22,6
1427618757.68,1427618758.32,B,7,6
1427618757.72,1427618758.36,A,21,5
1427618757.72,1427618758.36,B,5,5
1427618757.76,1427618758.4,A,27,5
1427618757.76,1427618758.4,B,7,5
1427618757.8,1427618758.44,A,28,5
1427618757.8,1427618758.44,B,8,5
1427618757.84,1427618758.48,A,29,5
1427618757.84,1427618758.48,B,6,5
1427618757.88,1427618758.52,A,36,9
1427618757.88,1427618758.52,B,8,9
1427618757.92,1427618758.56,A,39,10
1427618757.92,1427618758.56,B,13,10
1427618757.96,1427618758.6,A,46,11
1427618757.96,1427618758.6,B,15,11
1427618758.0,1427618758.64,A,46,11
1427618758.0,1427618758.64,B,16,11
1427618758.04,1427618758.68,A,48,11
1427618758.04,1427618758.68,B,13,11
1427618758.08,1427618758.72,A,49,11
1427618758.08,1427618758.72,B,13,11
1427618758.12,1427618758.76,A,49,11
1427618758.12,1427618758.76,B,16,11
1427618758.16,1427618758.8,A,54,12
1427618758.16,1427618758.8,B,21,12
1427618758.2,1427618758.84,A,67,15
1427618758.2,1427618758.84,B,17,15
1427618758.24,1427618758.88,A,69,16
1427618758.24,1427618758.88,B,22,16
1427618758.28,1427618758.92,A,87,19
1427618758.28,1427618758.92,B,16,19
1427618758.32,1427618758.96,A,88,19
1427618758.32,1427618758.96,B,14,19
1427618758.36,1427618759.0,A,95,19
1427618758.36,1427618759.0,B,11,19
1427618758.4,1427618759.04,A,107,23
1427618758.4,1427618759.04,B,18,23
1427618758.44,1427618759.08,A,111,22
1427618758.44,1427618759.08,B,13,22
1427618758.48,1427618759.12,A,140,31
1427618758.48,1427618759.12,B,35,31
1427618758.52,1427618759.16,A,156,32
1427618758.52,1427618759.16,B,31,32
1427618758.56,1427618759.2,A,170,39
1427618758.56,1427618759.2,B,37,39
1427618758.6,1427618759.24,A,191,37
1427618758.6,1427618759.24,B,22,37
1427618758.64,1427618759.28,A,192,37
1427618758.64,1427618759.28,B,18,37
1427618758.68,1427618759.32,A,202,38
1427618758.68,1427618759.32,B,15,38
1427618758.72,1427618759.36,A,239,49
1427618758.72,1427618759.36,B,48,49
1427618758.76,1427618759.4,A,246,50
1427618758.76,1427618759.4,B,64,50
1427618758.8,1427618759.44,A,309,62
1427618758.8,1427618759.44,B,62,62
1427618758.84,1427618759.48,A,331,63
1427618758.84,1427618759.48,B,47,63
1427618758.88,1427618759.52,A,374,79
1427618758.88,1427618759.52,B,59,79
1427618758.92,1427618759.56,A,411,79
1427618758.92,1427618759.56,B,38,79
1427618758.96,1427618759.6,A,412,84
1427618758.96,1427618759.6,B,24,84
1427618759.0,1427618759.64,A,454,85
1427618759.0,1427618759.64,B,28,85
1427618759.04,1427618759.68,A,484,88
1427618759.04,1427618759.68,B,38,88
1427618759.08,1427618759.72,A,501,91
1427618759.08,1427618759.72,B,66,91
1427618759.12,1427618759.76,A,593,107
1427618759.12,1427618759.76,B,71,107
1427618759.16,1427618759.8,A,584,111
1427618759.16,1427618759.8,B,95,111
1427618759.2,1427618759.84,A,679,138
1427618759.2,1427618759.84,B,65,138
1427618759.24,1427618759.88,A,651,146
1427618759.24,1427618759.88,B,105,146
1427618759.28,1427618759.92,A,659,146
1427618759.28,1427618759.92,B,100,146
1427618759.32,1427618759.96,A,648,146
1427618759.32,1427618759.96,B,110,146
1427618759.36,1427618760.0,A,636,142
1427618759.36,1427618760.0,B,100,142
1427618759.4,1427618760.04,A,645,144
1427618759.4,1427618760.04,B,118,144
1427618759.44,1427618760.08,A,659,156
1427618759.44,1427618760.08,B,131,156
1427618759.48,1427618760.12,A,679,162
1427618759.48,1427618760.12,B,206,162
1427618759.52,1427618760.16,A,623,183
1427618759.52,1427618760.16,B,267,183
1427618759.56,1427618760.2,A,555,185
1427618759.56,1427618760.2,B,268,185
1427618759.6,1427618760.24,A,490,189
1427618759.6,1427618760.24,B,313,189
1427618759.64,1427618760.28,A,426,182
1427618759.64,1427618760.28,B,273,182
1427618759.68,1427618760.32,A,430,183
1427618759.68,1427618760.32,B,280,183
1427618759.72,1427618760.36,A,462,185
1427618759.72,1427618760.36,B,292,185
1427618759.76,1427618760.4,A,404,177
1427618759.76,1427618760.4,B,399,177
1427618759.8,1427618760.44,A,456,173
1427618759.8,1427618760.44,B,358,173
1427618759.84,1427618760.48,A,311,151
1427618759.84,1427618760.48,B,380,151
1427618759.88,1427618760.52,A,297,141
1427618759.88,1427618760.52,B,360,141
1427618759.92,1427618760.56,A,221,128
1427618759.92,1427618760.56,B,304,128
1427618759.96,1427618760.6,A,214,128
1427618759.96,1427618760.6,B,298,128
1427618760.0,1427618760.64,A,225,131
1427618760.0,1427618760.64,B,296,131
1427618760.04,1427618760.68,A,222,132
1427618760.04,1427618760.68,B,300,132
1427618760.08,1427618760.72,A,254,123
1427618760.08,1427618760.72,B,256,123
1427618760.12,1427618760.76,A,192,114
1427618760.12,1427618760.76,B,237,114
1427618760.16,1427618760.8,A,178,107
1427618760.16,1427618760.8,B,180,107
1427618760.2,1427618760.84,A,82,85
1427618760.2,1427618760.84,B,124,85
1427618760.24,1427618760.88,A,94,80
1427618760.24,1427618760.88,B,130,80
1427618760.28,1427618760.92,A,104,82
1427618760.28,1427618760.92,B,118,82
1427618760.32,1427618760.96,A,151,81
1427618760.32,1427618760.96,B,84,81
1427618760.36,1427618761.0,A,143,69
1427618760.36,1427618761.0,B,102,69
1427618760.4,1427618761.04,A,146,68
1427618760.4,1427618761.04,B,102,68
1427618760.44,1427618761.08,A,116,47
1427618760.44,1427618761.08,B,88,47
1427618760.48,1427618761.12,A,89,40
1427618760.48,1427618761.12,B,104,40
1427618760.52,1427618761.16,A,66,40
1427618760.52,1427618761.16,B,84,40
1427618760.56,1427618761.2,A,56,39
1427618760.56,1427618761.2,B,66,39
1427618760.6,1427618761.24,A,47,29
1427618760.6,1427618761.24,B,48,29
1427618760.64,1427618761.28,A,55,28
1427618760.64,1427618761.28,B,41,28
1427618760.68,1427618761.32,A,65,26
1427618760.68,1427618761.32,B,30,26
1427618760.72,1427618761.36,A,47,24
1427618760.72,1427618761.36,B,36,24
1427618760.76,1427618761.4,A,44,18
1427618760.76,1427618761.4,B,28,18
1427618760.8,1427618761.44,A,25,16
1427618760.8,1427618761.44,B,27,16
1427618760.84,1427618761.48,A,21,14
1427618760.84,1427618761.48,B,22,14
1427618760.88,1427618761.52,A,17,11
1427618760.88,1427618761.52,B,15,11
1427618760.92,1427618761.56,A,19,12
1427618760.92,1427618761.56,B,16,12
1427618760.96,1427618761.6,A,20,12
1427618760.96,1427618761.6,B,15,12
1427618761.0,1427618761.64,A,22,11
1427618761.0,1427618761.64,B,13,11
1427618761.04,1427618761.68,A,19,11
1427618761.04,1427618761.68,B,12,11
1427618761.08,1427618761.72,A,18,8
1427618761.08,1427618761.72,B,5,8
1427618761.12,1427618761.76,A,9,7
1427618761.12,1427618761.76,B,5,7
1427618761.16,1427618761.8,A,10,7
1427618761.16,1427618761.8,B,10,7
1427618761.2,1427618761.84,A,11,7
1427618761.2,1427618761.84,B,11,7
1427618761.24,1427618761.88,A,15,7
1427618761.24,1427618761.88,B,13,7
1427618761.28,1427618761.92,A,15,7
1427618761.28,1427618761.92,B,13,7
1427618761.32,1427618761.96,A,15,7
1427618761.32,1427618761.96,B,14,7
1427618761.36,1427618762.0,A,14,7
1427618761.36,1427618762.0,B,13,7
1427618761.4,1427618762.04,A,13,7
1427618761.4,1427618762.04,B,14,7
1427618761.44,1427618762.08,A,11,7
1427618761.44,1427618762.08,B,13,7
1427618761.48,1427618762.12,A,13,7
1427618761.48,1427618762.12,B,12,7
1427618761.52,1427618762.16,A,14,6
1427618761.52,1427618762.16,B,14,6
1427618761.56,1427618762.2,A,14,7
1427618761.56,1427618762.2,B,16,7
1427618761.6,1427618762.24,A,12,6
1427618761.6,1427618762.24,B,17,6
1427618761.64,1427618762.28,A,11,6
1427618761.64,1427618762.28,B,16,6
1427618761.68,1427618762.32,A,9,6
1427618761.68,1427618762.32,B,15,6
1427618761.72,1427618762.36,A,10,5
1427618761.72,1427618762.36,B,13,5
1427618761.76,1427618762.4,A,11,5
1427618761.76,1427618762.4,B,11,5
1427618761.8,1427618762.44,A,8,5
1427618761.8,1427618762.44,B,8,5
1427618761.84,1427618762.48,A,6,5
1427618761.84,1427618762.48,B,10,5
1427618761.88,1427618762.52,A,4,5
1427618761.88,1427618762.52,B,10,5
1427618761.92,1427618762.56,A,3,5
1427618761.92,1427618762.56,B,9,5
1427618761.96,1427618762.6,A,1,5
1427618761.96,1427618762.6,B,8,5
1427618762.0,1427618762.64,A,2,5
1427618762.0,1427618762.64,B,8,5
1427618762.04,1427618762.68,A,3,5
1427618762.04,1427618762.68,B,9,5
1427618762.08,1427618762.72,A,4,5
1427618762.08,1427618762.72,B,10,5
1427618762.12,1427618762.76,A,5,5
1427618762.12,1427618762.76,B,10,5
1427618762.16,1427618762.8,A,5,5
1427618762.16,1427618762.8,B,9,5
1427618762.2,1427618762.84,A,5,5
1427618762.2,1427618762.84,B,9,5
1427618762.24,1427618762.88,A,5,5
1427618762.24,1427618762.88,B,9,5
1427618762.28,1427618762.92,A,4,5
1427618762.28,1427618762.92,B,6,5
1427618762.32,1427618762.96,A,3,5
1427618762.32,1427618762.96,B,6,5
1427618762.36,1427618763.0,A,2,5
1427618762.36,1427618763.0,B,6,5
1427618762.4,1427618763.04,A,2,5
1427618762.4,1427618763.04,B,6,5
1427618762.44,1427618763.08,A,3,5
1427618762.44,1427618763.08,B,5,5
1427618762.48,1427618763.12,A,2,5
1427618762.48,1427618763.12,B,4,5
1427618762.52,1427618763.16,A,4,5
1427618762.52,1427618763.16,B,5,5
1427618762.56,1427618763.2,A,7,6
1427618762.56,1427618763.2,B,6,6
1427618762.6,1427618763.24,A,9,6
1427618762.6,1427618763.24,B,9,6
1427618762.64,1427618763.28,A,12,6
1427618762.64,1427618763.28,B,8,6
1427618762.68,1427618763.32,A,12,6
1427618762.68,1427618763.32,B,10,6
1427618762.72,1427618763.36,A,11,6
1427618762.72,1427618763.36,B,10,6
1427618762.76,1427618763.4,A,11,6
1427618762.76,1427618763.4,B,9,6
1427618762.8,1427618763.44,A,9,6
1427618762.8,1427618763.44,B,8,6
1427618762.84,1427618763.48,A,9,6
1427618762.84,1427618763.48,B,8,6
1427618762.88,1427618763.52,A,10,6
1427618762.88,1427618763.52,B,7,6
1427618762.92,1427618763.56,A,9,6
1427618762.92,1427618763.56,B,8,6
1427618762.96,1427618763.6,A,8,6
1427618762.96,1427618763.6,B,9,6
1427618763.0,1427618763.64,A,7,6
1427618763.0,1427618763.64,B,10,6
1427618763.04,1427618763.68,A,5,6
1427618763.04,1427618763.68,B,8,6
1427618763.08,1427618763.72,A,6,6
1427618763.08,1427618763.72,B,6,6
1427618763.12,1427618763.76,A,6,5
1427618763.12,1427618763.76,B,6,5
1427618763.16,1427618763.8,A,6,5
1427618763.16,1427618763.8,B,6,5
1427618763.2,1427618763.84,A,5,5
1427618763.2,1427618763.84,B,7,5
1427618763.24,1427618763.88,A,5,5
1427618763.24,1427618763.88,B,8,5
1427618763.28,1427618763.92,A,2,4
1427618763.28,1427618763.92,B,5,4
1427618763.32,1427618763.96,A,3,4
1427618763.32,1427618763.96,B,4,4
1427618763.36,1427618764.0,A,5,4
1427618763.36,1427618764.0,B,5,4
1427618763.4,1427618764.04,A,4,4
1427618763.4,1427618764.04,B,5,4
1427618763.44,1427618764.08,A,4,4
1427618763.44,1427618764.08,B,6,4
1427618763.48,1427618764.12,A,3,4
1427618763.48,1427618764.12,B,8,4
