#targetfile:$(projectRoot)/result/result/50cm/waist-front/hasc-20150329-132822-mag-pca.csv-lowpass.csv
1427603309.04,1427603309.68,A,23,12
1427603309.04,1427603309.68,B,15,12
1427603309.08,1427603309.72,A,24,12
1427603309.08,1427603309.72,B,16,12
1427603309.12,1427603309.76,A,22,12
1427603309.12,1427603309.76,B,16,12
1427603309.16,1427603309.8,A,23,12
1427603309.16,1427603309.8,B,16,12
1427603309.2,1427603309.84,A,23,12
1427603309.2,1427603309.84,B,16,12
1427603309.24,1427603309.88,A,24,12
1427603309.24,1427603309.88,B,17,12
1427603309.28,1427603309.92,A,22,12
1427603309.28,1427603309.92,B,19,12
1427603309.32,1427603309.96,A,20,12
1427603309.32,1427603309.96,B,13,12
1427603309.36,1427603310.0,A,17,11
1427603309.36,1427603310.0,B,10,11
1427603309.4,1427603310.04,A,15,11
1427603309.4,1427603310.04,B,11,11
1427603309.44,1427603310.08,A,18,10
1427603309.44,1427603310.08,B,8,10
1427603309.48,1427603310.12,A,20,10
1427603309.48,1427603310.12,B,7,10
1427603309.52,1427603310.16,A,19,11
1427603309.52,1427603310.16,B,11,11
1427603309.56,1427603310.2,A,21,11
1427603309.56,1427603310.2,B,10,11
1427603309.6,1427603310.24,A,23,11
1427603309.6,1427603310.24,B,8,11
1427603309.64,1427603310.28,A,27,10
1427603309.64,1427603310.28,B,4,10
1427603309.68,1427603310.32,A,26,10
1427603309.68,1427603310.32,B,6,10
1427603309.72,1427603310.36,A,26,10
1427603309.72,1427603310.36,B,6,10
1427603309.76,1427603310.4,A,24,10
1427603309.76,1427603310.4,B,8,10
1427603309.8,1427603310.44,A,25,10
1427603309.8,1427603310.44,B,9,10
1427603309.84,1427603310.48,A,25,11
1427603309.84,1427603310.48,B,8,11
1427603309.88,1427603310.52,A,31,12
1427603309.88,1427603310.52,B,7,12
1427603309.92,1427603310.56,A,32,12
1427603309.92,1427603310.56,B,10,12
1427603309.96,1427603310.6,A,39,13
1427603309.96,1427603310.6,B,11,13
1427603310.0,1427603310.64,A,36,13
1427603310.0,1427603310.64,B,15,13
1427603310.04,1427603310.68,A,37,13
1427603310.04,1427603310.68,B,13,13
1427603310.08,1427603310.72,A,35,13
1427603310.08,1427603310.72,B,13,13
1427603310.12,1427603310.76,A,34,12
1427603310.12,1427603310.76,B,9,12
1427603310.16,1427603310.8,A,30,12
1427603310.16,1427603310.8,B,5,12
1427603310.2,1427603310.84,A,31,12
1427603310.2,1427603310.84,B,7,12
1427603310.24,1427603310.88,A,30,12
1427603310.24,1427603310.88,B,6,12
1427603310.28,1427603310.92,A,34,13
1427603310.28,1427603310.92,B,7,13
1427603310.32,1427603310.96,A,35,13
1427603310.32,1427603310.96,B,9,13
1427603310.36,1427603311.0,A,36,13
1427603310.36,1427603311.0,B,9,13
1427603310.4,1427603311.04,A,33,13
1427603310.4,1427603311.04,B,12,13
1427603310.44,1427603311.08,A,31,12
1427603310.44,1427603311.08,B,15,12
1427603310.48,1427603311.12,A,29,12
1427603310.48,1427603311.12,B,15,12
1427603310.52,1427603311.16,A,26,11
1427603310.52,1427603311.16,B,13,11
1427603310.56,1427603311.2,A,26,11
1427603310.56,1427603311.2,B,13,11
1427603310.6,1427603311.24,A,25,11
1427603310.6,1427603311.24,B,13,11
1427603310.64,1427603311.28,A,25,12
1427603310.64,1427603311.28,B,15,12
1427603310.68,1427603311.32,A,28,12
1427603310.68,1427603311.32,B,11,12
1427603310.72,1427603311.36,A,25,12
1427603310.72,1427603311.36,B,10,12
1427603310.76,1427603311.4,A,28,12
1427603310.76,1427603311.4,B,5,12
1427603310.8,1427603311.44,A,25,11
1427603310.8,1427603311.44,B,6,11
1427603310.84,1427603311.48,A,23,10
1427603310.84,1427603311.48,B,11,10
1427603310.88,1427603311.52,A,24,10
1427603310.88,1427603311.52,B,11,10
1427603310.92,1427603311.56,A,24,11
1427603310.92,1427603311.56,B,11,11
1427603310.96,1427603311.6,A,25,11
1427603310.96,1427603311.6,B,11,11
1427603311.0,1427603311.64,A,31,13
1427603311.0,1427603311.64,B,18,13
1427603311.04,1427603311.68,A,30,13
1427603311.04,1427603311.68,B,22,13
1427603311.08,1427603311.72,A,33,12
1427603311.08,1427603311.72,B,23,12
1427603311.12,1427603311.76,A,31,12
1427603311.12,1427603311.76,B,23,12
1427603311.16,1427603311.8,A,32,12
1427603311.16,1427603311.8,B,19,12
1427603311.2,1427603311.84,A,26,12
1427603311.2,1427603311.84,B,16,12
1427603311.24,1427603311.88,A,28,13
1427603311.24,1427603311.88,B,14,13
1427603311.28,1427603311.92,A,30,13
1427603311.28,1427603311.92,B,18,13
1427603311.32,1427603311.96,A,39,14
1427603311.32,1427603311.96,B,18,14
1427603311.36,1427603312.0,A,39,15
1427603311.36,1427603312.0,B,22,15
1427603311.4,1427603312.04,A,42,16
1427603311.4,1427603312.04,B,18,16
1427603311.44,1427603312.08,A,37,16
1427603311.44,1427603312.08,B,12,16
1427603311.48,1427603312.12,A,35,16
1427603311.48,1427603312.12,B,15,16
1427603311.52,1427603312.16,A,28,16
1427603311.52,1427603312.16,B,17,16
1427603311.56,1427603312.2,A,29,17
1427603311.56,1427603312.2,B,19,17
1427603311.6,1427603312.24,A,28,20
1427603311.6,1427603312.24,B,20,20
1427603311.64,1427603312.28,A,45,23
1427603311.64,1427603312.28,B,28,23
1427603311.68,1427603312.32,A,46,25
1427603311.68,1427603312.32,B,33,25
1427603311.72,1427603312.36,A,60,25
1427603311.72,1427603312.36,B,21,25
1427603311.76,1427603312.4,A,51,25
1427603311.76,1427603312.4,B,30,25
1427603311.8,1427603312.44,A,51,25
1427603311.8,1427603312.44,B,29,25
1427603311.84,1427603312.48,A,40,25
1427603311.84,1427603312.48,B,28,25
1427603311.88,1427603312.52,A,39,25
1427603311.88,1427603312.52,B,30,25
1427603311.92,1427603312.56,A,38,26
1427603311.92,1427603312.56,B,30,26
1427603311.96,1427603312.6,A,48,28
1427603311.96,1427603312.6,B,33,28
1427603312.0,1427603312.64,A,54,31
1427603312.0,1427603312.64,B,21,31
1427603312.04,1427603312.68,A,75,36
1427603312.04,1427603312.68,B,10,36
1427603312.08,1427603312.72,A,70,37
1427603312.08,1427603312.72,B,16,37
1427603312.12,1427603312.76,A,71,39
1427603312.12,1427603312.76,B,22,39
1427603312.16,1427603312.8,A,56,39
1427603312.16,1427603312.8,B,33,39
1427603312.2,1427603312.84,A,51,41
1427603312.2,1427603312.84,B,51,41
1427603312.24,1427603312.88,A,41,40
1427603312.24,1427603312.88,B,44,40
1427603312.28,1427603312.92,A,50,45
1427603312.28,1427603312.92,B,45,45
1427603312.32,1427603312.96,A,71,53
1427603312.32,1427603312.96,B,46,53
1427603312.36,1427603313.0,A,103,71
1427603312.36,1427603313.0,B,89,71
1427603312.4,1427603313.04,A,133,82
1427603312.4,1427603313.04,B,118,82
1427603312.44,1427603313.08,A,131,80
1427603312.44,1427603313.08,B,144,80
1427603312.48,1427603313.12,A,104,84
1427603312.48,1427603313.12,B,154,84
1427603312.52,1427603313.16,A,96,83
1427603312.52,1427603313.16,B,143,83
1427603312.56,1427603313.2,A,72,87
1427603312.56,1427603313.2,B,169,87
1427603312.6,1427603313.24,A,117,87
1427603312.6,1427603313.24,B,207,87
1427603312.64,1427603313.28,A,147,93
1427603312.64,1427603313.28,B,177,93
1427603312.68,1427603313.32,A,200,111
1427603312.68,1427603313.32,B,178,111
1427603312.72,1427603313.36,A,248,114
1427603312.72,1427603313.36,B,174,114
1427603312.76,1427603313.4,A,255,124
1427603312.76,1427603313.4,B,216,124
1427603312.8,1427603313.44,A,306,125
1427603312.8,1427603313.44,B,179,125
1427603312.84,1427603313.48,A,285,135
1427603312.84,1427603313.48,B,109,135
1427603312.88,1427603313.52,A,273,134
1427603312.88,1427603313.52,B,100,134
1427603312.92,1427603313.56,A,249,135
1427603312.92,1427603313.56,B,122,135
1427603312.96,1427603313.6,A,246,140
1427603312.96,1427603313.6,B,152,140
1427603313.0,1427603313.64,A,288,147
1427603313.0,1427603313.64,B,181,147
1427603313.04,1427603313.68,A,335,152
1427603313.04,1427603313.68,B,178,152
1427603313.08,1427603313.72,A,386,175
1427603313.08,1427603313.72,B,198,175
1427603313.12,1427603313.76,A,520,172
1427603313.12,1427603313.76,B,147,172
1427603313.16,1427603313.8,A,514,176
1427603313.16,1427603313.8,B,169,176
1427603313.2,1427603313.84,A,592,173
1427603313.2,1427603313.84,B,146,173
1427603313.24,1427603313.88,A,554,165
1427603313.24,1427603313.88,B,169,165
1427603313.28,1427603313.92,A,562,162
1427603313.28,1427603313.92,B,148,162
1427603313.32,1427603313.96,A,495,152
1427603313.32,1427603313.96,B,95,152
1427603313.36,1427603314.0,A,503,161
1427603313.36,1427603314.0,B,74,161
1427603313.4,1427603314.04,A,490,151
1427603313.4,1427603314.04,B,112,151
1427603313.44,1427603314.08,A,563,160
1427603313.44,1427603314.08,B,167,160
1427603313.48,1427603314.12,A,591,151
1427603313.48,1427603314.12,B,110,151
1427603313.52,1427603314.16,A,665,153
1427603313.52,1427603314.16,B,130,153
1427603313.56,1427603314.2,A,688,151
1427603313.56,1427603314.2,B,114,151
1427603313.6,1427603314.24,A,696,138
1427603313.6,1427603314.24,B,100,138
1427603313.64,1427603314.28,A,619,134
1427603313.64,1427603314.28,B,139,134
1427603313.68,1427603314.32,A,588,131
1427603313.68,1427603314.32,B,132,131
1427603313.72,1427603314.36,A,506,131
1427603313.72,1427603314.36,B,115,131
1427603313.76,1427603314.4,A,453,111
1427603313.76,1427603314.4,B,73,111
1427603313.8,1427603314.44,A,489,106
1427603313.8,1427603314.44,B,80,106
1427603313.84,1427603314.48,A,481,101
1427603313.84,1427603314.48,B,60,101
1427603313.88,1427603314.52,A,508,99
1427603313.88,1427603314.52,B,61,99
1427603313.92,1427603314.56,A,509,99
1427603313.92,1427603314.56,B,65,99
1427603313.96,1427603314.6,A,477,104
1427603313.96,1427603314.6,B,96,104
1427603314.0,1427603314.64,A,409,83
1427603314.0,1427603314.64,B,88,83
1427603314.04,1427603314.68,A,386,87
1427603314.04,1427603314.68,B,129,87
1427603314.08,1427603314.72,A,296,66
1427603314.08,1427603314.72,B,83,66
1427603314.12,1427603314.76,A,294,67
1427603314.12,1427603314.76,B,71,67
1427603314.16,1427603314.8,A,276,54
1427603314.16,1427603314.8,B,19,54
1427603314.2,1427603314.84,A,265,51
1427603314.2,1427603314.84,B,19,51
1427603314.24,1427603314.88,A,263,50
1427603314.24,1427603314.88,B,15,50
1427603314.28,1427603314.92,A,251,53
1427603314.28,1427603314.92,B,23,53
1427603314.32,1427603314.96,A,207,47
1427603314.32,1427603314.96,B,21,47
1427603314.36,1427603315.0,A,202,45
1427603314.36,1427603315.0,B,19,45
1427603314.4,1427603315.04,A,165,41
1427603314.4,1427603315.04,B,46,41
1427603314.44,1427603315.08,A,136,34
1427603314.44,1427603315.08,B,34,34
1427603314.48,1427603315.12,A,130,32
1427603314.48,1427603315.12,B,34,32
1427603314.52,1427603315.16,A,107,25
1427603314.52,1427603315.16,B,13,25
1427603314.56,1427603315.2,A,105,24
1427603314.56,1427603315.2,B,7,24
1427603314.6,1427603315.24,A,105,22
1427603314.6,1427603315.24,B,5,22
1427603314.64,1427603315.28,A,96,22
1427603314.64,1427603315.28,B,8,22
1427603314.68,1427603315.32,A,84,20
1427603314.68,1427603315.32,B,11,20
1427603314.72,1427603315.36,A,77,19
1427603314.72,1427603315.36,B,20,19
1427603314.76,1427603315.4,A,58,16
1427603314.76,1427603315.4,B,18,16
1427603314.8,1427603315.44,A,56,14
1427603314.8,1427603315.44,B,16,14
1427603314.84,1427603315.48,A,47,11
1427603314.84,1427603315.48,B,10,11
1427603314.88,1427603315.52,A,47,11
1427603314.88,1427603315.52,B,10,11
1427603314.92,1427603315.56,A,47,11
1427603314.92,1427603315.56,B,10,11
1427603314.96,1427603315.6,A,47,11
1427603314.96,1427603315.6,B,10,11
1427603315.0,1427603315.64,A,41,10
1427603315.0,1427603315.64,B,8,10
1427603315.04,1427603315.68,A,41,10
1427603315.04,1427603315.68,B,8,10
1427603315.08,1427603315.72,A,30,8
1427603315.08,1427603315.72,B,4,8
1427603315.12,1427603315.76,A,29,8
1427603315.12,1427603315.76,B,4,8
1427603315.16,1427603315.8,A,28,7
1427603315.16,1427603315.8,B,6,7
1427603315.2,1427603315.84,A,28,7
1427603315.2,1427603315.84,B,6,7
1427603315.24,1427603315.88,A,27,7
1427603315.24,1427603315.88,B,7,7
1427603315.28,1427603315.92,A,25,7
1427603315.28,1427603315.92,B,7,7
1427603315.32,1427603315.96,A,24,7
1427603315.32,1427603315.96,B,7,7
1427603315.36,1427603316.0,A,23,7
1427603315.36,1427603316.0,B,6,7
1427603315.4,1427603316.04,A,23,7
1427603315.4,1427603316.04,B,6,7
1427603315.44,1427603316.08,A,19,7
1427603315.44,1427603316.08,B,8,7
1427603315.48,1427603316.12,A,17,7
1427603315.48,1427603316.12,B,9,7
1427603315.52,1427603316.16,A,17,7
1427603315.52,1427603316.16,B,9,7
1427603315.56,1427603316.2,A,18,7
1427603315.56,1427603316.2,B,11,7
1427603315.6,1427603316.24,A,19,7
1427603315.6,1427603316.24,B,12,7
1427603315.64,1427603316.28,A,19,7
1427603315.64,1427603316.28,B,12,7
1427603315.68,1427603316.32,A,19,6
1427603315.68,1427603316.32,B,12,6
1427603315.72,1427603316.36,A,20,6
1427603315.72,1427603316.36,B,11,6
1427603315.76,1427603316.4,A,18,5
1427603315.76,1427603316.4,B,9,5
1427603315.8,1427603316.44,A,17,5
1427603315.8,1427603316.44,B,10,5
1427603315.84,1427603316.48,A,13,4
1427603315.84,1427603316.48,B,7,4
1427603315.88,1427603316.52,A,14,4
1427603315.88,1427603316.52,B,5,4
1427603315.92,1427603316.56,A,14,4
1427603315.92,1427603316.56,B,5,4
1427603315.96,1427603316.6,A,13,4
1427603315.96,1427603316.6,B,7,4
1427603316.0,1427603316.64,A,12,4
1427603316.0,1427603316.64,B,8,4
1427603316.04,1427603316.68,A,11,4
1427603316.04,1427603316.68,B,7,4
1427603316.08,1427603316.72,A,12,4
1427603316.08,1427603316.72,B,6,4
1427603316.12,1427603316.76,A,13,4
1427603316.12,1427603316.76,B,4,4
1427603316.16,1427603316.8,A,9,4
1427603316.16,1427603316.8,B,5,4
1427603316.2,1427603316.84,A,9,4
1427603316.2,1427603316.84,B,4,4
1427603316.24,1427603316.88,A,7,4
1427603316.24,1427603316.88,B,4,4
1427603316.28,1427603316.92,A,4,4
1427603316.28,1427603316.92,B,7,4
1427603316.32,1427603316.96,A,4,4
1427603316.32,1427603316.96,B,7,4
1427603316.36,1427603317.0,A,4,4
1427603316.36,1427603317.0,B,7,4
1427603316.4,1427603317.04,A,3,4
1427603316.4,1427603317.04,B,8,4
1427603316.44,1427603317.08,A,5,4
1427603316.44,1427603317.08,B,7,4
1427603316.48,1427603317.12,A,6,5
1427603316.48,1427603317.12,B,7,5
1427603316.52,1427603317.16,A,8,5
1427603316.52,1427603317.16,B,6,5
1427603316.56,1427603317.2,A,7,5
1427603316.56,1427603317.2,B,6,5
1427603316.6,1427603317.24,A,8,5
1427603316.6,1427603317.24,B,6,5
1427603316.64,1427603317.28,A,9,5
1427603316.64,1427603317.28,B,7,5
1427603316.68,1427603317.32,A,9,5
1427603316.68,1427603317.32,B,8,5
1427603316.72,1427603317.36,A,8,5
1427603316.72,1427603317.36,B,8,5
1427603316.76,1427603317.4,A,8,5
1427603316.76,1427603317.4,B,7,5
1427603316.8,1427603317.44,A,8,5
1427603316.8,1427603317.44,B,8,5
1427603316.84,1427603317.48,A,8,5
1427603316.84,1427603317.48,B,8,5
1427603316.88,1427603317.52,A,8,5
1427603316.88,1427603317.52,B,7,5
1427603316.92,1427603317.56,A,6,5
1427603316.92,1427603317.56,B,7,5
1427603316.96,1427603317.6,A,9,5
1427603316.96,1427603317.6,B,8,5
1427603317.0,1427603317.64,A,9,5
1427603317.0,1427603317.64,B,9,5
1427603317.04,1427603317.68,A,8,5
1427603317.04,1427603317.68,B,10,5
1427603317.08,1427603317.72,A,7,4
1427603317.08,1427603317.72,B,8,4
1427603317.12,1427603317.76,A,5,4
1427603317.12,1427603317.76,B,6,4
1427603317.16,1427603317.8,A,4,4
1427603317.16,1427603317.8,B,7,4
1427603317.2,1427603317.84,A,4,4
1427603317.2,1427603317.84,B,8,4
1427603317.24,1427603317.88,A,3,4
1427603317.24,1427603317.88,B,9,4
1427603317.28,1427603317.92,A,4,3
1427603317.28,1427603317.92,B,9,3
1427603317.32,1427603317.96,A,6,3
1427603317.32,1427603317.96,B,8,3
1427603317.36,1427603318.0,A,6,3
1427603317.36,1427603318.0,B,8,3
1427603317.4,1427603318.04,A,6,3
1427603317.4,1427603318.04,B,7,3
1427603317.44,1427603318.08,A,5,3
1427603317.44,1427603318.08,B,6,3
1427603317.48,1427603318.12,A,4,3
1427603317.48,1427603318.12,B,6,3
1427603317.52,1427603318.16,A,5,3
1427603317.52,1427603318.16,B,6,3
1427603317.56,1427603318.2,A,5,4
1427603317.56,1427603318.2,B,8,4
1427603317.6,1427603318.24,A,2,3
1427603317.6,1427603318.24,B,9,3
1427603317.64,1427603318.28,A,2,3
1427603317.64,1427603318.28,B,10,3
1427603317.68,1427603318.32,A,2,3
1427603317.68,1427603318.32,B,9,3
1427603317.72,1427603318.36,A,0,4
1427603317.72,1427603318.36,B,7,4
1427603317.76,1427603318.4,A,1,4
1427603317.76,1427603318.4,B,7,4
