#targetfile:$(projectRoot)/result/result/50cm/waist-front/hasc-20150329-132745-mag-pca.csv-lowpass.csv
1427603271.58,1427603272.22,A,15,9
1427603271.58,1427603272.22,B,10,9
1427603271.62,1427603272.26,A,15,9
1427603271.62,1427603272.26,B,10,9
1427603271.66,1427603272.3,A,19,9
1427603271.66,1427603272.3,B,13,9
1427603271.7,1427603272.34,A,19,9
1427603271.7,1427603272.34,B,15,9
1427603271.74,1427603272.38,A,22,9
1427603271.74,1427603272.38,B,14,9
1427603271.78,1427603272.42,A,18,9
1427603271.78,1427603272.42,B,16,9
1427603271.82,1427603272.46,A,18,9
1427603271.82,1427603272.46,B,14,9
1427603271.86,1427603272.5,A,16,10
1427603271.86,1427603272.5,B,11,10
1427603271.9,1427603272.54,A,14,9
1427603271.9,1427603272.54,B,9,9
1427603271.94,1427603272.58,A,14,9
1427603271.94,1427603272.58,B,7,9
1427603271.98,1427603272.62,A,20,8
1427603271.98,1427603272.62,B,5,8
1427603272.02,1427603272.66,A,18,8
1427603272.02,1427603272.66,B,9,8
1427603272.06,1427603272.7,A,23,8
1427603272.06,1427603272.7,B,6,8
1427603272.1,1427603272.74,A,19,8
1427603272.1,1427603272.74,B,10,8
1427603272.14,1427603272.78,A,21,8
1427603272.14,1427603272.78,B,11,8
1427603272.18,1427603272.82,A,15,8
1427603272.18,1427603272.82,B,14,8
1427603272.22,1427603272.86,A,15,8
1427603272.22,1427603272.86,B,14,8
1427603272.26,1427603272.9,A,11,8
1427603272.26,1427603272.9,B,14,8
1427603272.3,1427603272.94,A,12,8
1427603272.3,1427603272.94,B,14,8
1427603272.34,1427603272.98,A,12,8
1427603272.34,1427603272.98,B,16,8
1427603272.38,1427603273.02,A,14,9
1427603272.38,1427603273.02,B,15,9
1427603272.42,1427603273.06,A,15,9
1427603272.42,1427603273.06,B,15,9
1427603272.46,1427603273.1,A,13,9
1427603272.46,1427603273.1,B,15,9
1427603272.5,1427603273.14,A,11,8
1427603272.5,1427603273.14,B,12,8
1427603272.54,1427603273.18,A,8,8
1427603272.54,1427603273.18,B,10,8
1427603272.58,1427603273.22,A,8,8
1427603272.58,1427603273.22,B,10,8
1427603272.62,1427603273.26,A,8,9
1427603272.62,1427603273.26,B,9,9
1427603272.66,1427603273.3,A,12,9
1427603272.66,1427603273.3,B,6,9
1427603272.7,1427603273.34,A,11,8
1427603272.7,1427603273.34,B,8,8
1427603272.74,1427603273.38,A,12,8
1427603272.74,1427603273.38,B,7,8
1427603272.78,1427603273.42,A,9,7
1427603272.78,1427603273.42,B,8,7
1427603272.82,1427603273.46,A,9,7
1427603272.82,1427603273.46,B,7,7
1427603272.86,1427603273.5,A,9,7
1427603272.86,1427603273.5,B,7,7
1427603272.9,1427603273.54,A,10,7
1427603272.9,1427603273.54,B,9,7
1427603272.94,1427603273.58,A,10,8
1427603272.94,1427603273.58,B,9,8
1427603272.98,1427603273.62,A,11,7
1427603272.98,1427603273.62,B,8,7
1427603273.02,1427603273.66,A,15,7
1427603273.02,1427603273.66,B,12,7
1427603273.06,1427603273.7,A,17,8
1427603273.06,1427603273.7,B,14,8
1427603273.1,1427603273.74,A,19,8
1427603273.1,1427603273.74,B,16,8
1427603273.14,1427603273.78,A,20,8
1427603273.14,1427603273.78,B,14,8
1427603273.18,1427603273.82,A,19,9
1427603273.18,1427603273.82,B,13,9
1427603273.22,1427603273.86,A,18,8
1427603273.22,1427603273.86,B,14,8
1427603273.26,1427603273.9,A,16,9
1427603273.26,1427603273.9,B,13,9
1427603273.3,1427603273.94,A,15,9
1427603273.3,1427603273.94,B,13,9
1427603273.34,1427603273.98,A,17,9
1427603273.34,1427603273.98,B,14,9
1427603273.38,1427603274.02,A,18,9
1427603273.38,1427603274.02,B,14,9
1427603273.42,1427603274.06,A,26,12
1427603273.42,1427603274.06,B,20,12
1427603273.46,1427603274.1,A,24,12
1427603273.46,1427603274.1,B,22,12
1427603273.5,1427603274.14,A,28,11
1427603273.5,1427603274.14,B,17,11
1427603273.54,1427603274.18,A,20,11
1427603273.54,1427603274.18,B,17,11
1427603273.58,1427603274.22,A,18,10
1427603273.58,1427603274.22,B,18,10
1427603273.62,1427603274.26,A,17,10
1427603273.62,1427603274.26,B,17,10
1427603273.66,1427603274.3,A,20,10
1427603273.66,1427603274.3,B,20,10
1427603273.7,1427603274.34,A,21,10
1427603273.7,1427603274.34,B,24,10
1427603273.74,1427603274.38,A,24,10
1427603273.74,1427603274.38,B,22,10
1427603273.78,1427603274.42,A,23,10
1427603273.78,1427603274.42,B,21,10
1427603273.82,1427603274.46,A,24,11
1427603273.82,1427603274.46,B,17,11
1427603273.86,1427603274.5,A,19,11
1427603273.86,1427603274.5,B,11,11
1427603273.9,1427603274.54,A,18,11
1427603273.9,1427603274.54,B,11,11
1427603273.94,1427603274.58,A,13,11
1427603273.94,1427603274.58,B,7,11
1427603273.98,1427603274.62,A,15,11
1427603273.98,1427603274.62,B,5,11
1427603274.02,1427603274.66,A,22,11
1427603274.02,1427603274.66,B,6,11
1427603274.06,1427603274.7,A,22,11
1427603274.06,1427603274.7,B,8,11
1427603274.1,1427603274.74,A,27,13
1427603274.1,1427603274.74,B,15,13
1427603274.14,1427603274.78,A,25,13
1427603274.14,1427603274.78,B,21,13
1427603274.18,1427603274.82,A,27,14
1427603274.18,1427603274.82,B,20,14
1427603274.22,1427603274.86,A,28,16
1427603274.22,1427603274.86,B,16,16
1427603274.26,1427603274.9,A,25,17
1427603274.26,1427603274.9,B,10,17
1427603274.3,1427603274.94,A,25,17
1427603274.3,1427603274.94,B,10,17
1427603274.34,1427603274.98,A,25,17
1427603274.34,1427603274.98,B,10,17
1427603274.38,1427603275.02,A,25,17
1427603274.38,1427603275.02,B,11,17
1427603274.42,1427603275.06,A,33,17
1427603274.42,1427603275.06,B,8,17
1427603274.46,1427603275.1,A,36,18
1427603274.46,1427603275.1,B,4,18
1427603274.5,1427603275.14,A,51,21
1427603274.5,1427603275.14,B,13,21
1427603274.54,1427603275.18,A,50,23
1427603274.54,1427603275.18,B,24,23
1427603274.58,1427603275.22,A,53,24
1427603274.58,1427603275.22,B,25,24
1427603274.62,1427603275.26,A,47,25
1427603274.62,1427603275.26,B,30,25
1427603274.66,1427603275.3,A,47,25
1427603274.66,1427603275.3,B,34,25
1427603274.7,1427603275.34,A,41,26
1427603274.7,1427603275.34,B,32,26
1427603274.74,1427603275.38,A,59,31
1427603274.74,1427603275.38,B,45,31
1427603274.78,1427603275.42,A,62,31
1427603274.78,1427603275.42,B,44,31
1427603274.82,1427603275.46,A,87,35
1427603274.82,1427603275.46,B,46,35
1427603274.86,1427603275.5,A,82,34
1427603274.86,1427603275.5,B,50,34
1427603274.9,1427603275.54,A,91,41
1427603274.9,1427603275.54,B,37,41
1427603274.94,1427603275.58,A,75,41
1427603274.94,1427603275.58,B,37,41
1427603274.98,1427603275.62,A,74,40
1427603274.98,1427603275.62,B,32,40
1427603275.02,1427603275.66,A,54,40
1427603275.02,1427603275.66,B,20,40
1427603275.06,1427603275.7,A,89,52
1427603275.06,1427603275.7,B,45,52
1427603275.1,1427603275.74,A,104,60
1427603275.1,1427603275.74,B,74,60
1427603275.14,1427603275.78,A,143,64
1427603275.14,1427603275.78,B,77,64
1427603275.18,1427603275.82,A,133,75
1427603275.18,1427603275.82,B,110,75
1427603275.22,1427603275.86,A,141,74
1427603275.22,1427603275.86,B,112,74
1427603275.26,1427603275.9,A,128,74
1427603275.26,1427603275.9,B,99,74
1427603275.3,1427603275.94,A,130,76
1427603275.3,1427603275.94,B,85,76
1427603275.34,1427603275.98,A,105,75
1427603275.34,1427603275.98,B,66,75
1427603275.38,1427603276.02,A,110,84
1427603275.38,1427603276.02,B,69,84
1427603275.42,1427603276.06,A,133,88
1427603275.42,1427603276.06,B,93,88
1427603275.46,1427603276.1,A,199,97
1427603275.46,1427603276.1,B,111,97
1427603275.5,1427603276.14,A,222,110
1427603275.5,1427603276.14,B,140,110
1427603275.54,1427603276.18,A,284,115
1427603275.54,1427603276.18,B,90,115
1427603275.58,1427603276.22,A,269,118
1427603275.58,1427603276.22,B,101,118
1427603275.62,1427603276.26,A,293,124
1427603275.62,1427603276.26,B,89,124
1427603275.66,1427603276.3,A,284,123
1427603275.66,1427603276.3,B,88,123
1427603275.7,1427603276.34,A,282,123
1427603275.7,1427603276.34,B,76,123
1427603275.74,1427603276.38,A,286,124
1427603275.74,1427603276.38,B,79,124
1427603275.78,1427603276.42,A,315,135
1427603275.78,1427603276.42,B,78,135
1427603275.82,1427603276.46,A,326,134
1427603275.82,1427603276.46,B,66,134
1427603275.86,1427603276.5,A,465,150
1427603275.86,1427603276.5,B,79,150
1427603275.9,1427603276.54,A,461,150
1427603275.9,1427603276.54,B,84,150
1427603275.94,1427603276.58,A,563,173
1427603275.94,1427603276.58,B,133,173
1427603275.98,1427603276.62,A,596,170
1427603275.98,1427603276.62,B,110,170
1427603276.02,1427603276.66,A,634,170
1427603276.02,1427603276.66,B,93,170
1427603276.06,1427603276.7,A,663,167
1427603276.06,1427603276.7,B,66,167
1427603276.1,1427603276.74,A,647,158
1427603276.1,1427603276.74,B,45,158
1427603276.14,1427603276.78,A,657,156
1427603276.14,1427603276.78,B,30,156
1427603276.18,1427603276.82,A,646,156
1427603276.18,1427603276.82,B,35,156
1427603276.22,1427603276.86,A,654,159
1427603276.22,1427603276.86,B,26,159
1427603276.26,1427603276.9,A,701,164
1427603276.26,1427603276.9,B,60,164
1427603276.3,1427603276.94,A,730,161
1427603276.3,1427603276.94,B,67,161
1427603276.34,1427603276.98,A,778,161
1427603276.34,1427603276.98,B,131,161
1427603276.38,1427603277.02,A,809,164
1427603276.38,1427603277.02,B,133,164
1427603276.42,1427603277.06,A,799,152
1427603276.42,1427603277.06,B,170,152
1427603276.46,1427603277.1,A,800,149
1427603276.46,1427603277.1,B,163,149
1427603276.5,1427603277.14,A,713,127
1427603276.5,1427603277.14,B,133,127
1427603276.54,1427603277.18,A,706,126
1427603276.54,1427603277.18,B,138,126
1427603276.58,1427603277.22,A,607,112
1427603276.58,1427603277.22,B,64,112
1427603276.62,1427603277.26,A,608,109
1427603276.62,1427603277.26,B,49,109
1427603276.66,1427603277.3,A,601,112
1427603276.66,1427603277.3,B,23,112
1427603276.7,1427603277.34,A,602,117
1427603276.7,1427603277.34,B,35,117
1427603276.74,1427603277.38,A,598,110
1427603276.74,1427603277.38,B,79,110
1427603276.78,1427603277.42,A,537,102
1427603276.78,1427603277.42,B,133,102
1427603276.82,1427603277.46,A,486,94
1427603276.82,1427603277.46,B,132,94
1427603276.86,1427603277.5,A,457,88
1427603276.86,1427603277.5,B,129,88
1427603276.9,1427603277.54,A,383,73
1427603276.9,1427603277.54,B,72,73
1427603276.94,1427603277.58,A,377,73
1427603276.94,1427603277.58,B,65,73
1427603276.98,1427603277.62,A,352,73
1427603276.98,1427603277.62,B,66,73
1427603277.02,1427603277.66,A,313,72
1427603277.02,1427603277.66,B,98,72
1427603277.06,1427603277.7,A,309,71
1427603277.06,1427603277.7,B,91,71
1427603277.1,1427603277.74,A,257,68
1427603277.1,1427603277.74,B,97,68
1427603277.14,1427603277.78,A,229,59
1427603277.14,1427603277.78,B,57,59
1427603277.18,1427603277.82,A,206,54
1427603277.18,1427603277.82,B,35,54
1427603277.22,1427603277.86,A,180,53
1427603277.22,1427603277.86,B,48,53
1427603277.26,1427603277.9,A,182,55
1427603277.26,1427603277.9,B,39,55
1427603277.3,1427603277.94,A,174,44
1427603277.3,1427603277.94,B,24,44
1427603277.34,1427603277.98,A,149,33
1427603277.34,1427603277.98,B,31,33
1427603277.38,1427603278.02,A,152,32
1427603277.38,1427603278.02,B,25,32
1427603277.42,1427603278.06,A,123,29
1427603277.42,1427603278.06,B,24,29
1427603277.46,1427603278.1,A,124,23
1427603277.46,1427603278.1,B,12,23
1427603277.5,1427603278.14,A,101,23
1427603277.5,1427603278.14,B,20,23
1427603277.54,1427603278.18,A,92,17
1427603277.54,1427603278.18,B,10,17
1427603277.58,1427603278.22,A,84,16
1427603277.58,1427603278.22,B,13,16
1427603277.62,1427603278.26,A,69,15
1427603277.62,1427603278.26,B,9,15
1427603277.66,1427603278.3,A,70,15
1427603277.66,1427603278.3,B,7,15
1427603277.7,1427603278.34,A,59,15
1427603277.7,1427603278.34,B,8,15
1427603277.74,1427603278.38,A,56,12
1427603277.74,1427603278.38,B,11,12
1427603277.78,1427603278.42,A,48,13
1427603277.78,1427603278.42,B,18,13
1427603277.82,1427603278.46,A,40,11
1427603277.82,1427603278.46,B,13,11
1427603277.86,1427603278.5,A,38,10
1427603277.86,1427603278.5,B,11,10
1427603277.9,1427603278.54,A,30,8
1427603277.9,1427603278.54,B,4,8
1427603277.94,1427603278.58,A,28,8
1427603277.94,1427603278.58,B,5,8
1427603277.98,1427603278.62,A,24,8
1427603277.98,1427603278.62,B,8,8
1427603278.02,1427603278.66,A,20,7
1427603278.02,1427603278.66,B,10,7
1427603278.06,1427603278.7,A,21,7
1427603278.06,1427603278.7,B,10,7
1427603278.1,1427603278.74,A,19,7
1427603278.1,1427603278.74,B,8,7
1427603278.14,1427603278.78,A,18,7
1427603278.14,1427603278.78,B,10,7
1427603278.18,1427603278.82,A,20,7
1427603278.18,1427603278.82,B,9,7
1427603278.22,1427603278.86,A,14,7
1427603278.22,1427603278.86,B,15,7
1427603278.26,1427603278.9,A,13,7
1427603278.26,1427603278.9,B,15,7
1427603278.3,1427603278.94,A,7,5
1427603278.3,1427603278.94,B,16,5
1427603278.34,1427603278.98,A,6,5
1427603278.34,1427603278.98,B,15,5
1427603278.38,1427603279.02,A,6,5
1427603278.38,1427603279.02,B,12,5
1427603278.42,1427603279.06,A,7,5
1427603278.42,1427603279.06,B,12,5
1427603278.46,1427603279.1,A,7,5
1427603278.46,1427603279.1,B,11,5
1427603278.5,1427603279.14,A,9,5
1427603278.5,1427603279.14,B,8,5
1427603278.54,1427603279.18,A,5,4
1427603278.54,1427603279.18,B,6,4
1427603278.58,1427603279.22,A,7,5
1427603278.58,1427603279.22,B,6,5
1427603278.62,1427603279.26,A,4,5
1427603278.62,1427603279.26,B,8,5
1427603278.66,1427603279.3,A,6,5
1427603278.66,1427603279.3,B,7,5
1427603278.7,1427603279.34,A,6,5
1427603278.7,1427603279.34,B,8,5
1427603278.74,1427603279.38,A,7,5
1427603278.74,1427603279.38,B,9,5
1427603278.78,1427603279.42,A,12,5
1427603278.78,1427603279.42,B,7,5
1427603278.82,1427603279.46,A,12,4
1427603278.82,1427603279.46,B,6,4
1427603278.86,1427603279.5,A,12,4
1427603278.86,1427603279.5,B,7,4
1427603278.9,1427603279.54,A,13,5
1427603278.9,1427603279.54,B,7,5
1427603278.94,1427603279.58,A,15,5
1427603278.94,1427603279.58,B,10,5
1427603278.98,1427603279.62,A,15,5
1427603278.98,1427603279.62,B,10,5
1427603279.02,1427603279.66,A,15,5
1427603279.02,1427603279.66,B,10,5
1427603279.06,1427603279.7,A,15,5
1427603279.06,1427603279.7,B,10,5
1427603279.1,1427603279.74,A,15,5
1427603279.1,1427603279.74,B,10,5
1427603279.14,1427603279.78,A,16,5
1427603279.14,1427603279.78,B,12,5
1427603279.18,1427603279.82,A,14,5
1427603279.18,1427603279.82,B,13,5
1427603279.22,1427603279.86,A,14,5
1427603279.22,1427603279.86,B,11,5
1427603279.26,1427603279.9,A,13,4
1427603279.26,1427603279.9,B,11,4
1427603279.3,1427603279.94,A,14,5
1427603279.3,1427603279.94,B,10,5
1427603279.34,1427603279.98,A,14,5
1427603279.34,1427603279.98,B,10,5
1427603279.38,1427603280.02,A,14,5
1427603279.38,1427603280.02,B,7,5
1427603279.42,1427603280.06,A,12,5
1427603279.42,1427603280.06,B,7,5
1427603279.46,1427603280.1,A,13,5
1427603279.46,1427603280.1,B,8,5
1427603279.5,1427603280.14,A,11,5
1427603279.5,1427603280.14,B,9,5
1427603279.54,1427603280.18,A,11,5
1427603279.54,1427603280.18,B,7,5
1427603279.58,1427603280.22,A,10,4
1427603279.58,1427603280.22,B,5,4
1427603279.62,1427603280.26,A,10,4
1427603279.62,1427603280.26,B,5,4
1427603279.66,1427603280.3,A,11,4
1427603279.66,1427603280.3,B,5,4
1427603279.7,1427603280.34,A,12,5
1427603279.7,1427603280.34,B,6,5
1427603279.74,1427603280.38,A,13,5
1427603279.74,1427603280.38,B,7,5
1427603279.78,1427603280.42,A,15,5
1427603279.78,1427603280.42,B,9,5
1427603279.82,1427603280.46,A,15,6
1427603279.82,1427603280.46,B,9,6
1427603279.86,1427603280.5,A,17,5
1427603279.86,1427603280.5,B,7,5
1427603279.9,1427603280.54,A,18,5
1427603279.9,1427603280.54,B,7,5
1427603279.94,1427603280.58,A,18,5
1427603279.94,1427603280.58,B,11,5
1427603279.98,1427603280.62,A,16,5
1427603279.98,1427603280.62,B,13,5
1427603280.02,1427603280.66,A,15,5
1427603280.02,1427603280.66,B,14,5
1427603280.06,1427603280.7,A,15,5
1427603280.06,1427603280.7,B,13,5
1427603280.1,1427603280.74,A,14,4
1427603280.1,1427603280.74,B,13,4
1427603280.14,1427603280.78,A,14,4
1427603280.14,1427603280.78,B,12,4
1427603280.18,1427603280.82,A,16,5
1427603280.18,1427603280.82,B,12,5
1427603280.22,1427603280.86,A,15,5
1427603280.22,1427603280.86,B,12,5
1427603280.26,1427603280.9,A,17,6
1427603280.26,1427603280.9,B,15,6
1427603280.3,1427603280.94,A,15,5
1427603280.3,1427603280.94,B,16,5
1427603280.34,1427603280.98,A,15,5
1427603280.34,1427603280.98,B,14,5
1427603280.38,1427603281.02,A,12,5
1427603280.38,1427603281.02,B,11,5
1427603280.42,1427603281.06,A,10,5
1427603280.42,1427603281.06,B,9,5
1427603280.46,1427603281.1,A,10,5
1427603280.46,1427603281.1,B,9,5
1427603280.5,1427603281.14,A,7,5
1427603280.5,1427603281.14,B,10,5
1427603280.54,1427603281.18,A,6,5
1427603280.54,1427603281.18,B,9,5
1427603280.58,1427603281.22,A,5,5
1427603280.58,1427603281.22,B,9,5
1427603280.62,1427603281.26,A,6,5
1427603280.62,1427603281.26,B,11,5
1427603280.66,1427603281.3,A,7,5
1427603280.66,1427603281.3,B,10,5
1427603280.7,1427603281.34,A,7,5
1427603280.7,1427603281.34,B,9,5
1427603280.74,1427603281.38,A,7,5
1427603280.74,1427603281.38,B,9,5
1427603280.78,1427603281.42,A,8,5
1427603280.78,1427603281.42,B,10,5
1427603280.82,1427603281.46,A,8,5
1427603280.82,1427603281.46,B,9,5
1427603280.86,1427603281.5,A,6,5
1427603280.86,1427603281.5,B,8,5
1427603280.9,1427603281.54,A,8,4
1427603280.9,1427603281.54,B,6,4
1427603280.94,1427603281.58,A,8,4
1427603280.94,1427603281.58,B,7,4
1427603280.98,1427603281.62,A,10,4
1427603280.98,1427603281.62,B,8,4
1427603281.02,1427603281.66,A,8,4
1427603281.02,1427603281.66,B,8,4
1427603281.06,1427603281.7,A,8,4
1427603281.06,1427603281.7,B,8,4
1427603281.1,1427603281.74,A,6,4
1427603281.1,1427603281.74,B,10,4
1427603281.14,1427603281.78,A,7,4
1427603281.14,1427603281.78,B,9,4
1427603281.18,1427603281.82,A,5,5
1427603281.18,1427603281.82,B,8,5
1427603281.22,1427603281.86,A,6,4
1427603281.22,1427603281.86,B,5,4
1427603281.26,1427603281.9,A,5,4
1427603281.26,1427603281.9,B,4,4
1427603281.3,1427603281.94,A,5,4
1427603281.3,1427603281.94,B,5,4
1427603281.34,1427603281.98,A,8,4
1427603281.34,1427603281.98,B,6,4
1427603281.38,1427603282.02,A,8,4
1427603281.38,1427603282.02,B,8,4
1427603281.42,1427603282.06,A,8,4
1427603281.42,1427603282.06,B,8,4
1427603281.46,1427603282.1,A,7,4
1427603281.46,1427603282.1,B,6,4
1427603281.5,1427603282.14,A,7,4
1427603281.5,1427603282.14,B,6,4
1427603281.54,1427603282.18,A,7,4
1427603281.54,1427603282.18,B,6,4
1427603281.58,1427603282.22,A,6,3
1427603281.58,1427603282.22,B,5,3
1427603281.62,1427603282.26,A,6,3
1427603281.62,1427603282.26,B,5,3
1427603281.66,1427603282.3,A,9,4
1427603281.66,1427603282.3,B,8,4
