#targetfile:$(projectRoot)/result/result/50cm/waist-front/hasc-20150329-174607-mag-pca.csv-lowpass.csv
1427618773.3,1427618773.94,A,10,6
1427618773.34,1427618773.98,A,11,6
1427618773.38,1427618774.02,A,16,6
1427618773.42,1427618774.06,A,15,5
1427618773.46,1427618774.1,A,16,5
1427618773.5,1427618774.14,A,15,4
1427618773.54,1427618774.18,A,15,4
1427618773.58,1427618774.22,A,16,4
1427618773.62,1427618774.26,A,15,4
1427618773.66,1427618774.3,A,17,4
1427618773.7,1427618774.34,A,16,5
1427618773.74,1427618774.38,A,16,4
1427618773.78,1427618774.42,A,15,4
1427618773.82,1427618774.46,A,15,4
1427618773.86,1427618774.5,A,17,5
1427618773.9,1427618774.54,A,16,5
1427618773.94,1427618774.58,A,17,6
1427618773.98,1427618774.62,A,19,6
1427618774.02,1427618774.66,A,18,6
1427618774.06,1427618774.7,A,17,7
1427618774.1,1427618774.74,A,16,6
1427618774.14,1427618774.78,A,18,6
1427618774.18,1427618774.82,A,17,6
1427618774.22,1427618774.86,A,17,6
1427618774.26,1427618774.9,A,20,7
1427618774.3,1427618774.94,A,18,6
1427618774.34,1427618774.98,A,18,6
1427618774.38,1427618775.02,A,17,6
1427618774.42,1427618775.06,A,17,6
1427618774.46,1427618775.1,A,16,6
1427618774.5,1427618775.14,A,14,6
1427618774.54,1427618775.18,A,13,6
1427618774.58,1427618775.22,A,10,6
1427618774.62,1427618775.26,A,10,6
1427618774.66,1427618775.3,A,7,5
1427618774.7,1427618775.34,A,10,6
1427618774.74,1427618775.38,A,9,6
1427618774.78,1427618775.42,A,9,6
1427618774.82,1427618775.46,A,10,6
1427618774.86,1427618775.5,A,14,7
1427618774.9,1427618775.54,A,15,7
1427618774.94,1427618775.58,A,17,7
1427618774.98,1427618775.62,A,16,8
1427618775.02,1427618775.66,A,17,8
1427618775.06,1427618775.7,A,16,8
1427618775.1,1427618775.74,A,16,8
1427618775.14,1427618775.78,A,16,9
1427618775.18,1427618775.82,A,18,9
1427618775.22,1427618775.86,A,20,9
1427618775.26,1427618775.9,A,24,9
1427618775.3,1427618775.94,A,26,9
1427618775.34,1427618775.98,A,25,9
1427618775.38,1427618776.02,A,24,10
1427618775.42,1427618776.06,A,22,10
1427618775.46,1427618776.1,A,20,10
1427618775.5,1427618776.14,A,20,10
1427618775.54,1427618776.18,A,19,11
1427618775.58,1427618776.22,A,26,12
1427618775.62,1427618776.26,A,29,13
1427618775.66,1427618776.3,A,33,13
1427618775.7,1427618776.34,A,30,13
1427618775.74,1427618776.38,A,25,13
1427618775.74,1427618776.38,B,18,13
1427618775.78,1427618776.42,A,23,13
1427618775.78,1427618776.42,B,18,13
1427618775.82,1427618776.46,A,25,15
1427618775.82,1427618776.46,B,20,15
1427618775.86,1427618776.5,A,30,16
1427618775.86,1427618776.5,B,22,16
1427618775.9,1427618776.54,A,41,19
1427618775.9,1427618776.54,B,20,19
1427618775.94,1427618776.58,A,43,19
1427618775.94,1427618776.58,B,18,19
1427618775.98,1427618776.62,A,48,20
1427618775.98,1427618776.62,B,14,20
1427618776.02,1427618776.66,A,44,21
1427618776.02,1427618776.66,B,16,21
1427618776.06,1427618776.7,A,40,21
1427618776.06,1427618776.7,B,18,21
1427618776.1,1427618776.74,A,41,24
1427618776.1,1427618776.74,B,20,24
1427618776.14,1427618776.78,A,52,24
1427618776.14,1427618776.78,B,20,24
1427618776.18,1427618776.82,A,62,29
1427618776.18,1427618776.82,B,29,29
1427618776.22,1427618776.86,A,84,31
1427618776.22,1427618776.86,B,28,31
1427618776.26,1427618776.9,A,84,37
1427618776.26,1427618776.9,B,40,37
1427618776.3,1427618776.94,A,89,36
1427618776.3,1427618776.94,B,38,36
1427618776.34,1427618776.98,A,79,38
1427618776.34,1427618776.98,B,33,38
1427618776.38,1427618777.02,A,67,42
1427618776.38,1427618777.02,B,46,42
1427618776.42,1427618777.06,A,56,47
1427618776.42,1427618777.06,B,50,47
1427618776.46,1427618777.1,A,86,55
1427618776.46,1427618777.1,B,64,55
1427618776.5,1427618777.14,A,93,59
1427618776.5,1427618777.14,B,72,59
1427618776.54,1427618777.18,A,157,71
1427618776.54,1427618777.18,B,73,71
1427618776.58,1427618777.22,A,151,76
1427618776.58,1427618777.22,B,98,76
1427618776.62,1427618777.26,A,176,75
1427618776.62,1427618777.26,B,79,75
1427618776.66,1427618777.3,A,153,73
1427618776.66,1427618777.3,B,79,73
1427618776.7,1427618777.34,A,137,77
1427618776.7,1427618777.34,B,92,77
1427618776.74,1427618777.38,A,121,77
1427618776.74,1427618777.38,B,89,77
1427618776.78,1427618777.42,A,161,87
1427618776.78,1427618777.42,B,97,87
1427618776.82,1427618777.46,A,173,99
1427618776.82,1427618777.46,B,83,99
1427618776.86,1427618777.5,A,246,104
1427618776.86,1427618777.5,B,81,104
1427618776.9,1427618777.54,A,283,113
1427618776.9,1427618777.54,B,30,113
1427618776.94,1427618777.58,A,330,125
1427618776.94,1427618777.58,B,41,125
1427618776.98,1427618777.62,A,333,127
1427618776.98,1427618777.62,B,44,127
1427618777.02,1427618777.66,A,332,126
1427618777.02,1427618777.66,B,46,126
1427618777.06,1427618777.7,A,327,126
1427618777.06,1427618777.7,B,47,126
1427618777.1,1427618777.74,A,362,132
1427618777.1,1427618777.74,B,90,132
1427618777.14,1427618777.78,A,363,133
1427618777.14,1427618777.78,B,90,133
1427618777.18,1427618777.82,A,391,145
1427618777.18,1427618777.82,B,58,145
1427618777.22,1427618777.86,A,461,149
1427618777.22,1427618777.86,B,124,149
1427618777.26,1427618777.9,A,483,151
1427618777.26,1427618777.9,B,152,151
1427618777.3,1427618777.94,A,565,154
1427618777.3,1427618777.94,B,112,154
1427618777.34,1427618777.98,A,571,155
1427618777.34,1427618777.98,B,91,155
1427618777.38,1427618778.02,A,574,151
1427618777.38,1427618778.02,B,95,151
1427618777.42,1427618778.06,A,555,149
1427618777.42,1427618778.06,B,97,149
1427618777.46,1427618778.1,A,532,151
1427618777.46,1427618778.1,B,143,151
1427618777.5,1427618778.14,A,478,143
1427618777.5,1427618778.14,B,149,143
1427618777.54,1427618778.18,A,512,148
1427618777.54,1427618778.18,B,169,148
1427618777.58,1427618778.22,A,520,139
1427618777.58,1427618778.22,B,111,139
1427618777.62,1427618778.26,A,580,135
1427618777.62,1427618778.26,B,91,135
1427618777.66,1427618778.3,A,590,133
1427618777.66,1427618778.3,B,84,133
1427618777.7,1427618778.34,A,588,132
1427618777.7,1427618778.34,B,87,132
1427618777.74,1427618778.38,A,488,117
1427618777.74,1427618778.38,B,121,117
1427618777.78,1427618778.42,A,488,117
1427618777.78,1427618778.42,B,164,117
1427618777.82,1427618778.46,A,417,94
1427618777.82,1427618778.46,B,122,94
1427618777.86,1427618778.5,A,385,90
1427618777.86,1427618778.5,B,85,90
1427618777.9,1427618778.54,A,409,76
1427618777.9,1427618778.54,B,17,76
1427618777.94,1427618778.58,A,382,77
1427618777.94,1427618778.58,B,45,77
1427618777.98,1427618778.62,A,367,77
1427618777.98,1427618778.62,B,36,77
1427618778.02,1427618778.66,A,361,78
1427618778.02,1427618778.66,B,31,78
1427618778.06,1427618778.7,A,288,77
1427618778.06,1427618778.7,B,56,77
1427618778.1,1427618778.74,A,253,68
1427618778.1,1427618778.74,B,40,68
1427618778.14,1427618778.78,A,241,68
1427618778.14,1427618778.78,B,80,68
1427618778.18,1427618778.82,A,183,58
1427618778.18,1427618778.82,B,52,58
1427618778.22,1427618778.86,A,173,49
1427618778.22,1427618778.86,B,36,49
1427618778.26,1427618778.9,A,169,46
1427618778.26,1427618778.9,B,55,46
1427618778.3,1427618778.94,A,137,45
1427618778.3,1427618778.94,B,28,45
1427618778.34,1427618778.98,A,135,41
1427618778.34,1427618778.98,B,37,41
1427618778.38,1427618779.02,A,131,42
1427618778.38,1427618779.02,B,47,42
1427618778.42,1427618779.06,A,96,32
1427618778.42,1427618779.06,B,21,32
1427618778.46,1427618779.1,A,104,25
1427618778.46,1427618779.1,B,12,25
1427618778.5,1427618779.14,A,104,23
1427618778.5,1427618779.14,B,25,23
1427618778.54,1427618779.18,A,96,22
1427618778.54,1427618779.18,B,20,22
1427618778.58,1427618779.22,A,95,22
1427618778.58,1427618779.22,B,21,22
1427618778.62,1427618779.26,A,93,21
1427618778.62,1427618779.26,B,16,21
1427618778.66,1427618779.3,A,85,21
1427618778.66,1427618779.3,B,22,21
1427618778.7,1427618779.34,A,77,18
1427618778.7,1427618779.34,B,12,18
1427618778.74,1427618779.38,A,67,17
1427618778.74,1427618779.38,B,15,17
1427618778.78,1427618779.42,A,53,15
1427618778.78,1427618779.42,B,16,15
1427618778.82,1427618779.46,A,51,14
1427618778.82,1427618779.46,B,13,14
1427618778.86,1427618779.5,A,46,13
1427618778.86,1427618779.5,B,8,13
1427618778.9,1427618779.54,A,41,13
1427618778.9,1427618779.54,B,12,13
1427618778.94,1427618779.58,A,40,13
1427618778.94,1427618779.58,B,8,13
1427618778.98,1427618779.62,A,31,13
1427618778.98,1427618779.62,B,9,13
1427618779.02,1427618779.66,A,23,10
1427618779.02,1427618779.66,B,13,10
1427618779.06,1427618779.7,A,20,9
1427618779.06,1427618779.7,B,16,9
1427618779.1,1427618779.74,A,12,7
1427618779.1,1427618779.74,B,12,7
1427618779.14,1427618779.78,A,16,8
1427618779.14,1427618779.78,B,13,8
1427618779.18,1427618779.82,A,16,7
1427618779.18,1427618779.82,B,11,7
1427618779.22,1427618779.86,A,16,7
1427618779.22,1427618779.86,B,10,7
1427618779.26,1427618779.9,A,14,7
1427618779.26,1427618779.9,B,10,7
1427618779.3,1427618779.94,A,12,6
1427618779.3,1427618779.94,B,13,6
1427618779.34,1427618779.98,A,11,6
1427618779.34,1427618779.98,B,13,6
1427618779.38,1427618780.02,A,12,6
1427618779.38,1427618780.02,B,11,6
1427618779.42,1427618780.06,A,12,7
1427618779.42,1427618780.06,B,9,7
1427618779.46,1427618780.1,A,14,6
1427618779.46,1427618780.1,B,8,6
1427618779.5,1427618780.14,A,15,7
1427618779.5,1427618780.14,B,9,7
1427618779.54,1427618780.18,A,15,6
1427618779.54,1427618780.18,B,9,6
1427618779.58,1427618780.22,A,14,6
1427618779.58,1427618780.22,B,9,6
1427618779.62,1427618780.26,A,15,6
1427618779.62,1427618780.26,B,9,6
1427618779.66,1427618780.3,A,11,7
1427618779.66,1427618780.3,B,10,7
1427618779.7,1427618780.34,A,10,7
1427618779.7,1427618780.34,B,12,7
1427618779.74,1427618780.38,A,9,7
1427618779.74,1427618780.38,B,12,7
1427618779.78,1427618780.42,A,4,7
1427618779.78,1427618780.42,B,8,7
1427618779.82,1427618780.46,A,3,7
1427618779.82,1427618780.46,B,7,7
1427618779.86,1427618780.5,A,2,7
1427618779.86,1427618780.5,B,9,7
1427618779.9,1427618780.54,A,2,7
1427618779.9,1427618780.54,B,9,7
1427618779.94,1427618780.58,A,1,7
1427618779.94,1427618780.58,B,9,7
1427618779.98,1427618780.62,A,4,6
1427618779.98,1427618780.62,B,6,6
1427618780.02,1427618780.66,A,6,5
1427618780.02,1427618780.66,B,5,5
1427618780.06,1427618780.7,A,4,6
1427618780.06,1427618780.7,B,6,6
1427618780.1,1427618780.74,A,4,6
1427618780.1,1427618780.74,B,9,6
1427618780.14,1427618780.78,A,1,5
1427618780.14,1427618780.78,B,13,5
1427618780.18,1427618780.82,A,0,5
1427618780.18,1427618780.82,B,14,5
1427618780.22,1427618780.86,A,3,5
1427618780.22,1427618780.86,B,11,5
1427618780.26,1427618780.9,A,6,6
1427618780.26,1427618780.9,B,10,6
1427618780.3,1427618780.94,A,6,5
1427618780.3,1427618780.94,B,13,5
1427618780.34,1427618780.98,A,9,5
1427618780.34,1427618780.98,B,13,5
1427618780.38,1427618781.02,A,8,5
1427618780.38,1427618781.02,B,13,5
1427618780.42,1427618781.06,A,10,5
1427618780.42,1427618781.06,B,10,5
1427618780.46,1427618781.1,A,10,5
1427618780.46,1427618781.1,B,8,5
1427618780.5,1427618781.14,A,10,4
1427618780.5,1427618781.14,B,9,4
1427618780.54,1427618781.18,A,8,4
1427618780.54,1427618781.18,B,8,4
1427618780.58,1427618781.22,A,8,4
1427618780.58,1427618781.22,B,8,4
1427618780.62,1427618781.26,A,9,4
1427618780.62,1427618781.26,B,8,4
1427618780.66,1427618781.3,A,6,5
1427618780.66,1427618781.3,B,7,5
1427618780.7,1427618781.34,A,6,5
1427618780.7,1427618781.34,B,7,5
1427618780.74,1427618781.38,A,0,4
1427618780.74,1427618781.38,B,6,4
1427618780.78,1427618781.42,A,4,4
1427618780.78,1427618781.42,B,9,4
1427618780.82,1427618781.46,A,4,4
1427618780.82,1427618781.46,B,8,4
1427618780.86,1427618781.5,A,4,4
1427618780.86,1427618781.5,B,8,4
1427618780.9,1427618781.54,A,3,4
1427618780.9,1427618781.54,B,8,4
1427618780.94,1427618781.58,A,4,4
1427618780.94,1427618781.58,B,6,4
1427618780.98,1427618781.62,A,5,4
1427618780.98,1427618781.62,B,6,4
1427618781.02,1427618781.66,A,7,4
1427618781.02,1427618781.66,B,7,4
1427618781.06,1427618781.7,A,8,5
1427618781.06,1427618781.7,B,5,5
1427618781.1,1427618781.74,A,9,5
1427618781.1,1427618781.74,B,5,5
1427618781.14,1427618781.78,A,10,5
1427618781.14,1427618781.78,B,5,5
1427618781.18,1427618781.82,A,10,5
1427618781.18,1427618781.82,B,5,5
1427618781.22,1427618781.86,A,12,5
1427618781.22,1427618781.86,B,7,5
1427618781.26,1427618781.9,A,12,5
1427618781.26,1427618781.9,B,7,5
1427618781.3,1427618781.94,A,13,5
1427618781.3,1427618781.94,B,6,5
1427618781.34,1427618781.98,A,12,5
1427618781.34,1427618781.98,B,5,5
1427618781.38,1427618782.02,A,11,5
1427618781.38,1427618782.02,B,3,5
1427618781.42,1427618782.06,A,8,4
1427618781.42,1427618782.06,B,4,4
1427618781.46,1427618782.1,A,7,4
1427618781.46,1427618782.1,B,4,4
1427618781.5,1427618782.14,A,7,4
1427618781.5,1427618782.14,B,4,4
1427618781.54,1427618782.18,A,4,4
1427618781.54,1427618782.18,B,4,4
1427618781.58,1427618782.22,A,4,4
1427618781.58,1427618782.22,B,6,4
1427618781.62,1427618782.26,A,2,4
1427618781.62,1427618782.26,B,8,4
1427618781.66,1427618782.3,A,3,4
1427618781.66,1427618782.3,B,8,4
1427618781.7,1427618782.34,A,6,4
1427618781.7,1427618782.34,B,6,4
1427618781.74,1427618782.38,A,7,5
1427618781.74,1427618782.38,B,8,5
1427618781.78,1427618782.42,A,7,5
1427618781.78,1427618782.42,B,8,5
1427618781.82,1427618782.46,A,7,5
1427618781.82,1427618782.46,B,9,5
1427618781.86,1427618782.5,A,10,4
1427618781.86,1427618782.5,B,10,4
1427618781.9,1427618782.54,A,9,4
1427618781.9,1427618782.54,B,9,4
1427618781.94,1427618782.58,A,10,4
1427618781.94,1427618782.58,B,8,4
1427618781.98,1427618782.62,A,9,4
1427618781.98,1427618782.62,B,7,4
1427618782.02,1427618782.66,A,9,4
1427618782.02,1427618782.66,B,7,4
1427618782.06,1427618782.7,A,9,4
1427618782.06,1427618782.7,B,7,4
1427618782.1,1427618782.74,A,8,4
1427618782.1,1427618782.74,B,7,4
1427618782.14,1427618782.78,A,9,4
1427618782.14,1427618782.78,B,7,4
1427618782.18,1427618782.82,A,8,4
1427618782.18,1427618782.82,B,6,4
1427618782.22,1427618782.86,A,8,4
1427618782.22,1427618782.86,B,6,4
1427618782.26,1427618782.9,A,8,4
1427618782.26,1427618782.9,B,6,4
1427618782.3,1427618782.94,A,7,4
1427618782.3,1427618782.94,B,7,4
1427618782.34,1427618782.98,A,7,3
1427618782.34,1427618782.98,B,6,3
1427618782.38,1427618783.02,A,7,3
1427618782.38,1427618783.02,B,5,3
1427618782.42,1427618783.06,A,5,4
1427618782.42,1427618783.06,B,8,4
1427618782.46,1427618783.1,A,6,4
1427618782.46,1427618783.1,B,8,4
1427618782.5,1427618783.14,A,4,4
1427618782.5,1427618783.14,B,8,4
1427618782.54,1427618783.18,A,6,5
1427618782.54,1427618783.18,B,8,5
1427618782.58,1427618783.22,A,6,5
1427618782.58,1427618783.22,B,8,5
1427618782.62,1427618783.26,A,7,5
1427618782.62,1427618783.26,B,10,5
1427618782.66,1427618783.3,A,8,5
1427618782.66,1427618783.3,B,9,5
1427618782.7,1427618783.34,A,7,5
1427618782.7,1427618783.34,B,7,5
1427618782.74,1427618783.38,A,5,5
1427618782.74,1427618783.38,B,7,5
1427618782.78,1427618783.42,A,6,5
1427618782.78,1427618783.42,B,7,5
1427618782.82,1427618783.46,A,7,5
1427618782.82,1427618783.46,B,7,5
