#targetfile:$(projectRoot)/result/result/50cm/waist-front/hasc-20150329-132622-mag-pca.csv-lowpass.csv
1427603255.89,1427603256.53,A,16,5
1427603255.93,1427603256.57,A,18,5
1427603255.97,1427603256.61,A,20,6
1427603256.01,1427603256.65,A,20,6
1427603256.05,1427603256.69,A,20,7
1427603256.09,1427603256.73,A,25,7
1427603256.13,1427603256.77,A,24,6
1427603256.17,1427603256.81,A,30,8
1427603256.21,1427603256.85,A,30,8
1427603256.25,1427603256.89,A,30,8
1427603256.29,1427603256.93,A,30,9
1427603256.33,1427603256.97,A,28,8
1427603256.37,1427603257.01,A,31,9
1427603256.41,1427603257.05,A,32,9
1427603256.45,1427603257.09,A,36,10
1427603256.49,1427603257.13,A,39,11
1427603256.53,1427603257.17,A,39,13
1427603256.53,1427603257.17,B,20,13
1427603256.57,1427603257.21,A,52,13
1427603256.57,1427603257.21,B,9,13
1427603256.61,1427603257.25,A,46,17
1427603256.61,1427603257.25,B,18,17
1427603256.65,1427603257.29,A,56,17
1427603256.65,1427603257.29,B,13,17
1427603256.69,1427603257.33,A,53,19
1427603256.69,1427603257.33,B,8,19
1427603256.73,1427603257.37,A,62,20
1427603256.73,1427603257.37,B,12,20
1427603256.77,1427603257.41,A,64,20
1427603256.77,1427603257.41,B,11,20
1427603256.81,1427603257.45,A,68,21
1427603256.81,1427603257.45,B,10,21
1427603256.85,1427603257.49,A,86,21
1427603256.85,1427603257.49,B,9,21
1427603256.89,1427603257.53,A,81,22
1427603256.89,1427603257.53,B,23,22
1427603256.93,1427603257.57,A,115,30
1427603256.93,1427603257.57,B,27,30
1427603256.97,1427603257.61,A,106,40
1427603256.97,1427603257.61,B,47,40
1427603257.01,1427603257.65,A,131,42
1427603257.01,1427603257.65,B,53,42
1427603257.05,1427603257.69,A,131,41
1427603257.05,1427603257.69,B,51,41
1427603257.09,1427603257.73,A,142,47
1427603257.09,1427603257.73,B,23,47
1427603257.13,1427603257.77,A,158,48
1427603257.13,1427603257.77,B,27,48
1427603257.17,1427603257.81,A,153,50
1427603257.17,1427603257.81,B,40,50
1427603257.21,1427603257.85,A,203,54
1427603257.21,1427603257.85,B,45,54
1427603257.25,1427603257.89,A,202,59
1427603257.25,1427603257.89,B,69,59
1427603257.29,1427603257.93,A,241,66
1427603257.29,1427603257.93,B,84,66
1427603257.33,1427603257.97,A,273,66
1427603257.33,1427603257.97,B,55,66
1427603257.37,1427603258.01,A,293,94
1427603257.37,1427603258.01,B,72,94
1427603257.41,1427603258.05,A,314,98
1427603257.41,1427603258.05,B,75,98
1427603257.45,1427603258.09,A,297,109
1427603257.45,1427603258.09,B,105,109
1427603257.49,1427603258.13,A,344,108
1427603257.49,1427603258.13,B,68,108
1427603257.53,1427603258.17,A,303,112
1427603257.53,1427603258.17,B,82,112
1427603257.57,1427603258.21,A,365,111
1427603257.57,1427603258.21,B,27,111
1427603257.61,1427603258.25,A,356,112
1427603257.61,1427603258.25,B,48,112
1427603257.65,1427603258.29,A,396,128
1427603257.65,1427603258.29,B,128,128
1427603257.69,1427603258.33,A,421,126
1427603257.69,1427603258.33,B,135,126
1427603257.73,1427603258.37,A,435,158
1427603257.73,1427603258.37,B,163,158
1427603257.77,1427603258.41,A,460,195
1427603257.77,1427603258.41,B,183,195
1427603257.81,1427603258.45,A,384,202
1427603257.81,1427603258.45,B,251,202
1427603257.85,1427603258.49,A,367,202
1427603257.85,1427603258.49,B,263,202
1427603257.89,1427603258.53,A,325,199
1427603257.89,1427603258.53,B,229,199
1427603257.93,1427603258.57,A,339,203
1427603257.93,1427603258.57,B,239,203
1427603257.97,1427603258.61,A,416,210
1427603257.97,1427603258.61,B,305,210
1427603258.01,1427603258.65,A,393,208
1427603258.01,1427603258.65,B,449,208
1427603258.05,1427603258.69,A,427,225
1427603258.05,1427603258.69,B,498,225
1427603258.09,1427603258.73,A,347,226
1427603258.09,1427603258.73,B,579,226
1427603258.13,1427603258.77,A,338,220
1427603258.13,1427603258.77,B,555,220
1427603258.17,1427603258.81,A,241,216
1427603258.17,1427603258.81,B,482,216
1427603258.21,1427603258.85,A,217,216
1427603258.21,1427603258.85,B,468,216
1427603258.25,1427603258.89,A,216,215
1427603258.25,1427603258.89,B,461,215
1427603258.29,1427603258.93,A,238,218
1427603258.29,1427603258.93,B,519,218
1427603258.33,1427603258.97,A,305,223
1427603258.33,1427603258.97,B,510,223
1427603258.37,1427603259.01,A,313,222
1427603258.37,1427603259.01,B,502,222
1427603258.41,1427603259.05,A,331,187
1427603258.41,1427603259.05,B,471,187
1427603258.45,1427603259.09,A,271,151
1427603258.45,1427603259.09,B,394,151
1427603258.49,1427603259.13,A,209,158
1427603258.49,1427603259.13,B,386,158
1427603258.53,1427603259.17,A,150,141
1427603258.53,1427603259.17,B,318,141
1427603258.57,1427603259.21,A,130,133
1427603258.57,1427603259.21,B,285,133
1427603258.61,1427603259.25,A,166,135
1427603258.61,1427603259.25,B,280,135
1427603258.65,1427603259.29,A,160,142
1427603258.65,1427603259.29,B,299,142
1427603258.69,1427603259.33,A,193,131
1427603258.69,1427603259.33,B,267,131
1427603258.73,1427603259.37,A,157,115
1427603258.73,1427603259.37,B,238,115
1427603258.77,1427603259.41,A,136,106
1427603258.77,1427603259.41,B,209,106
1427603258.81,1427603259.45,A,115,79
1427603258.81,1427603259.45,B,127,79
1427603258.85,1427603259.49,A,47,65
1427603258.85,1427603259.49,B,101,65
1427603258.89,1427603259.53,A,33,60
1427603258.89,1427603259.53,B,80,60
1427603258.93,1427603259.57,A,12,53
1427603258.93,1427603259.57,B,63,53
1427603258.97,1427603259.61,A,52,48
1427603258.97,1427603259.61,B,68,48
1427603259.01,1427603259.65,A,52,41
1427603259.01,1427603259.65,B,92,41
1427603259.05,1427603259.69,A,61,41
1427603259.05,1427603259.69,B,95,41
1427603259.09,1427603259.73,A,56,36
1427603259.09,1427603259.73,B,90,36
1427603259.13,1427603259.77,A,52,31
1427603259.13,1427603259.77,B,87,31
1427603259.17,1427603259.81,A,37,31
1427603259.17,1427603259.81,B,72,31
1427603259.21,1427603259.85,A,21,24
1427603259.21,1427603259.85,B,62,24
1427603259.25,1427603259.89,A,12,20
1427603259.25,1427603259.89,B,53,20
1427603259.29,1427603259.93,A,16,18
1427603259.29,1427603259.93,B,45,18
1427603259.33,1427603259.97,A,24,18
1427603259.33,1427603259.97,B,44,18
1427603259.37,1427603260.01,A,21,19
1427603259.37,1427603260.01,B,46,19
1427603259.41,1427603260.05,A,28,16
1427603259.41,1427603260.05,B,35,16
1427603259.45,1427603260.09,A,16,14
1427603259.45,1427603260.09,B,30,14
1427603259.49,1427603260.13,A,19,13
1427603259.49,1427603260.13,B,23,13
1427603259.53,1427603260.17,A,11,8
1427603259.53,1427603260.17,B,15,8
1427603259.57,1427603260.21,A,5,9
1427603259.57,1427603260.21,B,17,9
1427603259.61,1427603260.25,A,5,8
1427603259.61,1427603260.25,B,13,8
1427603259.65,1427603260.29,A,2,7
1427603259.65,1427603260.29,B,12,7
1427603259.69,1427603260.33,A,3,7
1427603259.69,1427603260.33,B,11,7
1427603259.73,1427603260.37,A,5,7
1427603259.73,1427603260.37,B,14,7
1427603259.77,1427603260.41,A,11,6
1427603259.77,1427603260.41,B,18,6
1427603259.81,1427603260.45,A,11,6
1427603259.81,1427603260.45,B,21,6
1427603259.85,1427603260.49,A,15,6
1427603259.85,1427603260.49,B,18,6
1427603259.89,1427603260.53,A,14,6
1427603259.89,1427603260.53,B,16,6
1427603259.93,1427603260.57,A,15,6
1427603259.93,1427603260.57,B,14,6
1427603259.97,1427603260.61,A,13,5
1427603259.97,1427603260.61,B,12,5
1427603260.01,1427603260.65,A,12,5
1427603260.01,1427603260.65,B,11,5
1427603260.05,1427603260.69,A,11,5
1427603260.05,1427603260.69,B,11,5
1427603260.09,1427603260.73,A,11,5
1427603260.09,1427603260.73,B,11,5
1427603260.13,1427603260.77,A,12,5
1427603260.13,1427603260.77,B,10,5
1427603260.17,1427603260.81,A,9,5
1427603260.17,1427603260.81,B,8,5
1427603260.21,1427603260.85,A,8,4
1427603260.21,1427603260.85,B,6,4
1427603260.25,1427603260.89,A,7,4
1427603260.25,1427603260.89,B,6,4
1427603260.29,1427603260.93,A,7,4
1427603260.29,1427603260.93,B,6,4
1427603260.33,1427603260.97,A,6,5
1427603260.33,1427603260.97,B,8,5
1427603260.37,1427603261.01,A,6,5
1427603260.37,1427603261.01,B,8,5
1427603260.41,1427603261.05,A,7,5
1427603260.41,1427603261.05,B,9,5
1427603260.45,1427603261.09,A,7,5
1427603260.45,1427603261.09,B,9,5
1427603260.49,1427603261.13,A,7,5
1427603260.49,1427603261.13,B,10,5
1427603260.53,1427603261.17,A,6,5
1427603260.53,1427603261.17,B,10,5
1427603260.57,1427603261.21,A,6,5
1427603260.57,1427603261.21,B,10,5
1427603260.61,1427603261.25,A,3,5
1427603260.61,1427603261.25,B,7,5
1427603260.65,1427603261.29,A,3,4
1427603260.65,1427603261.29,B,7,4
1427603260.69,1427603261.33,A,2,4
1427603260.69,1427603261.33,B,7,4
1427603260.73,1427603261.37,A,3,5
1427603260.73,1427603261.37,B,5,5
1427603260.77,1427603261.41,A,5,6
1427603260.77,1427603261.41,B,6,6
1427603260.81,1427603261.45,A,4,6
1427603260.81,1427603261.45,B,8,6
1427603260.85,1427603261.49,A,9,6
1427603260.85,1427603261.49,B,5,6
1427603260.89,1427603261.53,A,7,6
1427603260.89,1427603261.53,B,5,6
1427603260.93,1427603261.57,A,10,6
1427603260.93,1427603261.57,B,4,6
1427603260.97,1427603261.61,A,11,6
1427603260.97,1427603261.61,B,5,6
1427603261.01,1427603261.65,A,11,6
1427603261.01,1427603261.65,B,6,6
1427603261.05,1427603261.69,A,16,6
1427603261.05,1427603261.69,B,5,6
1427603261.09,1427603261.73,A,16,6
1427603261.09,1427603261.73,B,6,6
1427603261.13,1427603261.77,A,18,6
1427603261.13,1427603261.77,B,8,6
1427603261.17,1427603261.81,A,16,6
1427603261.17,1427603261.81,B,9,6
1427603261.21,1427603261.85,A,17,6
1427603261.21,1427603261.85,B,7,6
1427603261.25,1427603261.89,A,14,6
1427603261.25,1427603261.89,B,5,6
1427603261.29,1427603261.93,A,14,6
1427603261.29,1427603261.93,B,6,6
1427603261.33,1427603261.97,A,14,6
1427603261.33,1427603261.97,B,5,6
1427603261.37,1427603262.01,A,13,6
1427603261.37,1427603262.01,B,6,6
1427603261.41,1427603262.05,A,14,6
1427603261.41,1427603262.05,B,6,6
1427603261.45,1427603262.09,A,13,6
1427603261.45,1427603262.09,B,6,6
1427603261.49,1427603262.13,A,11,6
1427603261.49,1427603262.13,B,4,6
1427603261.53,1427603262.17,A,10,5
1427603261.53,1427603262.17,B,4,5
1427603261.57,1427603262.21,A,7,4
1427603261.57,1427603262.21,B,3,4
