#targetfile:$(projectRoot)/result/result/50cm/waist-front/hasc-20150329-174626-mag-pca.csv-lowpass.csv
1427618793.19,1427618793.83,B,10,7
1427618793.23,1427618793.87,B,11,7
1427618793.27,1427618793.91,B,13,6
1427618793.31,1427618793.95,B,14,6
1427618793.35,1427618793.99,B,13,6
1427618793.39,1427618794.03,B,12,6
1427618793.43,1427618794.07,A,11,6
1427618793.43,1427618794.07,B,11,6
1427618793.47,1427618794.11,A,10,6
1427618793.47,1427618794.11,B,13,6
1427618793.51,1427618794.15,A,10,6
1427618793.51,1427618794.15,B,13,6
1427618793.55,1427618794.19,A,7,6
1427618793.55,1427618794.19,B,12,6
1427618793.59,1427618794.23,A,6,5
1427618793.59,1427618794.23,B,11,5
1427618793.63,1427618794.27,A,3,5
1427618793.63,1427618794.27,B,10,5
1427618793.67,1427618794.31,A,4,5
1427618793.67,1427618794.31,B,10,5
1427618793.71,1427618794.35,A,4,5
1427618793.71,1427618794.35,B,11,5
1427618793.75,1427618794.39,A,1,5
1427618793.75,1427618794.39,B,7,5
1427618793.79,1427618794.43,A,7,5
1427618793.79,1427618794.43,B,3,5
1427618793.83,1427618794.47,A,9,5
1427618793.83,1427618794.47,B,6,5
1427618793.87,1427618794.51,A,11,6
1427618793.87,1427618794.51,B,9,6
1427618793.91,1427618794.55,A,12,6
1427618793.91,1427618794.55,B,8,6
1427618793.95,1427618794.59,A,12,6
1427618793.95,1427618794.59,B,8,6
1427618793.99,1427618794.63,A,13,6
1427618793.99,1427618794.63,B,8,6
1427618794.03,1427618794.67,A,12,5
1427618794.03,1427618794.67,B,7,5
1427618794.07,1427618794.71,A,12,5
1427618794.07,1427618794.71,B,7,5
1427618794.11,1427618794.75,A,14,5
1427618794.11,1427618794.75,B,7,5
1427618794.15,1427618794.79,A,14,5
1427618794.15,1427618794.79,B,7,5
1427618794.19,1427618794.83,A,16,5
1427618794.19,1427618794.83,B,9,5
1427618794.23,1427618794.87,A,16,5
1427618794.23,1427618794.87,B,9,5
1427618794.27,1427618794.91,A,17,5
1427618794.27,1427618794.91,B,6,5
1427618794.31,1427618794.95,A,16,5
1427618794.31,1427618794.95,B,6,5
1427618794.35,1427618794.99,A,15,5
1427618794.35,1427618794.99,B,7,5
1427618794.39,1427618795.03,A,16,5
1427618794.39,1427618795.03,B,6,5
1427618794.43,1427618795.07,A,13,5
1427618794.43,1427618795.07,B,8,5
1427618794.47,1427618795.11,A,13,5
1427618794.47,1427618795.11,B,7,5
1427618794.51,1427618795.15,A,10,4
1427618794.51,1427618795.15,B,6,4
1427618794.55,1427618795.19,A,9,4
1427618794.55,1427618795.19,B,6,4
1427618794.59,1427618795.23,A,9,4
1427618794.59,1427618795.23,B,5,4
1427618794.63,1427618795.27,A,8,4
1427618794.63,1427618795.27,B,5,4
1427618794.67,1427618795.31,A,8,4
1427618794.67,1427618795.31,B,5,4
1427618794.71,1427618795.35,A,9,4
1427618794.71,1427618795.35,B,6,4
1427618794.75,1427618795.39,A,8,4
1427618794.75,1427618795.39,B,8,4
1427618794.79,1427618795.43,A,8,4
1427618794.79,1427618795.43,B,8,4
1427618794.83,1427618795.47,A,6,4
1427618794.83,1427618795.47,B,6,4
1427618794.87,1427618795.51,A,6,4
1427618794.87,1427618795.51,B,5,4
1427618794.91,1427618795.55,A,3,4
1427618794.91,1427618795.55,B,8,4
1427618794.95,1427618795.59,A,3,4
1427618794.95,1427618795.59,B,9,4
1427618794.99,1427618795.63,A,2,3
1427618794.99,1427618795.63,B,8,3
1427618795.03,1427618795.67,A,2,3
1427618795.03,1427618795.67,B,7,3
1427618795.07,1427618795.71,A,2,3
1427618795.07,1427618795.71,B,6,3
1427618795.11,1427618795.75,A,2,4
1427618795.11,1427618795.75,B,6,4
1427618795.15,1427618795.79,A,1,4
1427618795.15,1427618795.79,B,3,4
1427618795.19,1427618795.83,A,1,4
1427618795.19,1427618795.83,B,5,4
1427618795.23,1427618795.87,A,3,4
1427618795.23,1427618795.87,B,5,4
1427618795.27,1427618795.91,A,3,4
1427618795.27,1427618795.91,B,5,4
1427618795.31,1427618795.95,A,6,5
1427618795.31,1427618795.95,B,6,5
1427618795.35,1427618795.99,A,9,5
1427618795.35,1427618795.99,B,7,5
1427618795.39,1427618796.03,A,10,5
1427618795.39,1427618796.03,B,11,5
1427618795.43,1427618796.07,A,9,5
1427618795.43,1427618796.07,B,13,5
1427618795.47,1427618796.11,A,8,5
1427618795.47,1427618796.11,B,15,5
1427618795.51,1427618796.15,A,7,5
1427618795.51,1427618796.15,B,16,5
1427618795.55,1427618796.19,A,6,5
1427618795.55,1427618796.19,B,15,5
1427618795.59,1427618796.23,A,6,5
1427618795.59,1427618796.23,B,15,5
1427618795.63,1427618796.27,A,7,5
1427618795.63,1427618796.27,B,16,5
1427618795.67,1427618796.31,A,7,5
1427618795.67,1427618796.31,B,17,5
1427618795.71,1427618796.35,A,9,6
1427618795.71,1427618796.35,B,15,6
1427618795.75,1427618796.39,A,9,6
1427618795.75,1427618796.39,B,13,6
1427618795.79,1427618796.43,A,11,5
1427618795.79,1427618796.43,B,12,5
1427618795.83,1427618796.47,A,10,5
1427618795.83,1427618796.47,B,11,5
1427618795.87,1427618796.51,A,11,5
1427618795.87,1427618796.51,B,13,5
1427618795.91,1427618796.55,A,10,5
1427618795.91,1427618796.55,B,13,5
1427618795.95,1427618796.59,A,11,5
1427618795.95,1427618796.59,B,11,5
1427618795.99,1427618796.63,A,13,5
1427618795.99,1427618796.63,B,9,5
1427618796.03,1427618796.67,A,14,5
1427618796.03,1427618796.67,B,9,5
1427618796.07,1427618796.71,A,16,6
1427618796.07,1427618796.71,B,13,6
1427618796.11,1427618796.75,A,14,6
1427618796.11,1427618796.75,B,14,6
1427618796.15,1427618796.79,A,14,6
1427618796.15,1427618796.79,B,14,6
1427618796.19,1427618796.83,A,15,6
1427618796.19,1427618796.83,B,13,6
1427618796.23,1427618796.87,A,14,7
1427618796.23,1427618796.87,B,11,7
1427618796.27,1427618796.91,A,14,6
1427618796.27,1427618796.91,B,9,6
1427618796.31,1427618796.95,A,14,6
1427618796.31,1427618796.95,B,11,6
1427618796.35,1427618796.99,A,14,6
1427618796.35,1427618796.99,B,11,6
1427618796.39,1427618797.03,A,15,6
1427618796.39,1427618797.03,B,11,6
1427618796.43,1427618797.07,A,17,6
1427618796.43,1427618797.07,B,10,6
1427618796.47,1427618797.11,A,17,6
1427618796.47,1427618797.11,B,10,6
1427618796.51,1427618797.15,A,19,7
1427618796.51,1427618797.15,B,10,7
1427618796.55,1427618797.19,A,22,7
1427618796.55,1427618797.19,B,9,7
1427618796.59,1427618797.23,A,26,7
1427618796.59,1427618797.23,B,10,7
1427618796.63,1427618797.27,A,29,7
1427618796.63,1427618797.27,B,6,7
1427618796.67,1427618797.31,A,29,7
1427618796.67,1427618797.31,B,4,7
1427618796.71,1427618797.35,A,28,7
1427618796.71,1427618797.35,B,5,7
1427618796.75,1427618797.39,A,28,7
1427618796.75,1427618797.39,B,6,7
1427618796.79,1427618797.43,A,28,7
1427618796.79,1427618797.43,B,6,7
1427618796.83,1427618797.47,A,30,7
1427618796.83,1427618797.47,B,8,7
1427618796.87,1427618797.51,A,30,7
1427618796.87,1427618797.51,B,6,7
1427618796.91,1427618797.55,A,36,9
1427618796.91,1427618797.55,B,6,9
1427618796.95,1427618797.59,A,39,9
1427618796.95,1427618797.59,B,9,9
1427618796.99,1427618797.63,A,41,9
1427618796.99,1427618797.63,B,9,9
1427618797.03,1427618797.67,A,45,10
1427618797.03,1427618797.67,B,5,10
1427618797.07,1427618797.71,A,44,10
1427618797.07,1427618797.71,B,7,10
1427618797.11,1427618797.75,A,47,10
1427618797.11,1427618797.75,B,4,10
1427618797.15,1427618797.79,A,47,10
1427618797.15,1427618797.79,B,4,10
1427618797.19,1427618797.83,A,48,9
1427618797.19,1427618797.83,B,4,9
1427618797.23,1427618797.87,A,56,11
1427618797.23,1427618797.87,B,9,11
1427618797.27,1427618797.91,A,57,11
1427618797.27,1427618797.91,B,10,11
1427618797.31,1427618797.95,A,64,13
1427618797.31,1427618797.95,B,11,13
1427618797.35,1427618797.99,A,67,13
1427618797.35,1427618797.99,B,10,13
1427618797.39,1427618798.03,A,68,13
1427618797.39,1427618798.03,B,7,13
1427618797.43,1427618798.07,A,72,13
1427618797.43,1427618798.07,B,6,13
1427618797.47,1427618798.11,A,78,14
1427618797.47,1427618798.11,B,11,14
1427618797.51,1427618798.15,A,81,16
1427618797.51,1427618798.15,B,18,16
1427618797.55,1427618798.19,A,98,20
1427618797.55,1427618798.19,B,18,20
1427618797.59,1427618798.23,A,100,19
1427618797.59,1427618798.23,B,15,19
1427618797.63,1427618798.27,A,111,21
1427618797.63,1427618798.27,B,9,21
1427618797.67,1427618798.31,A,129,25
1427618797.67,1427618798.31,B,13,25
1427618797.71,1427618798.35,A,131,28
1427618797.71,1427618798.35,B,19,28
1427618797.75,1427618798.39,A,146,27
1427618797.75,1427618798.39,B,24,27
1427618797.79,1427618798.43,A,158,29
1427618797.79,1427618798.43,B,13,29
1427618797.83,1427618798.47,A,167,32
1427618797.83,1427618798.47,B,26,32
1427618797.87,1427618798.51,A,209,41
1427618797.87,1427618798.51,B,41,41
1427618797.91,1427618798.55,A,214,39
1427618797.91,1427618798.55,B,36,39
1427618797.95,1427618798.59,A,254,54
1427618797.95,1427618798.59,B,54,54
1427618797.99,1427618798.63,A,282,53
1427618797.99,1427618798.63,B,32,53
1427618798.03,1427618798.67,A,289,59
1427618798.03,1427618798.67,B,48,59
1427618798.07,1427618798.71,A,321,56
1427618798.07,1427618798.71,B,25,56
1427618798.11,1427618798.75,A,329,56
1427618798.11,1427618798.75,B,22,56
1427618798.15,1427618798.79,A,337,57
1427618798.15,1427618798.79,B,29,57
1427618798.19,1427618798.83,A,407,76
1427618798.19,1427618798.83,B,56,76
1427618798.23,1427618798.87,A,424,92
1427618798.23,1427618798.87,B,88,92
1427618798.27,1427618798.91,A,518,101
1427618798.27,1427618798.91,B,122,101
1427618798.31,1427618798.95,A,500,110
1427618798.31,1427618798.95,B,151,110
1427618798.35,1427618798.99,A,531,117
1427618798.35,1427618798.99,B,110,117
1427618798.39,1427618799.03,A,579,118
1427618798.39,1427618799.03,B,101,118
1427618798.43,1427618799.07,A,587,121
1427618798.43,1427618799.07,B,115,121
1427618798.47,1427618799.11,A,654,126
1427618798.47,1427618799.11,B,184,126
1427618798.51,1427618799.15,A,699,130
1427618798.51,1427618799.15,B,155,130
1427618798.55,1427618799.19,A,741,150
1427618798.55,1427618799.19,B,156,150
1427618798.59,1427618799.23,A,833,151
1427618798.59,1427618799.23,B,127,151
1427618798.63,1427618799.27,A,811,164
1427618798.63,1427618799.27,B,178,164
1427618798.67,1427618799.31,A,879,173
1427618798.67,1427618799.31,B,112,173
1427618798.71,1427618799.35,A,829,177
1427618798.71,1427618799.35,B,139,177
1427618798.75,1427618799.39,A,831,169
1427618798.75,1427618799.39,B,145,169
1427618798.79,1427618799.43,A,867,169
1427618798.79,1427618799.43,B,135,169
1427618798.83,1427618799.47,A,857,171
1427618798.83,1427618799.47,B,114,171
1427618798.87,1427618799.51,A,915,170
1427618798.87,1427618799.51,B,194,170
1427618798.91,1427618799.55,A,861,184
1427618798.91,1427618799.55,B,281,184
1427618798.95,1427618799.59,A,875,205
1427618798.95,1427618799.59,B,319,205
1427618798.99,1427618799.63,A,771,218
1427618798.99,1427618799.63,B,382,218
1427618799.03,1427618799.67,A,711,206
1427618799.03,1427618799.67,B,315,206
1427618799.07,1427618799.71,A,667,205
1427618799.07,1427618799.71,B,280,205
1427618799.11,1427618799.75,A,617,194
1427618799.11,1427618799.75,B,239,194
1427618799.15,1427618799.79,A,629,194
1427618799.15,1427618799.79,B,328,194
1427618799.19,1427618799.83,A,613,194
1427618799.19,1427618799.83,B,345,194
1427618799.23,1427618799.87,A,558,192
1427618799.23,1427618799.87,B,352,192
1427618799.27,1427618799.91,A,549,190
1427618799.27,1427618799.91,B,340,190
1427618799.31,1427618799.95,A,400,173
1427618799.31,1427618799.95,B,237,173
1427618799.35,1427618799.99,A,371,163
1427618799.35,1427618799.99,B,200,163
1427618799.39,1427618800.03,A,301,152
1427618799.39,1427618800.03,B,139,152
1427618799.43,1427618800.07,A,304,154
1427618799.43,1427618800.07,B,151,154
1427618799.47,1427618800.11,A,342,157
1427618799.47,1427618800.11,B,157,157
1427618799.51,1427618800.15,A,296,157
1427618799.51,1427618800.15,B,190,157
1427618799.55,1427618800.19,A,318,139
1427618799.55,1427618800.19,B,156,139
1427618799.59,1427618800.23,A,190,114
1427618799.59,1427618800.23,B,199,114
1427618799.63,1427618800.27,A,168,108
1427618799.63,1427618800.27,B,206,108
1427618799.67,1427618800.31,A,111,95
1427618799.67,1427618800.31,B,189,95
1427618799.71,1427618800.35,A,137,97
1427618799.71,1427618800.35,B,189,97
1427618799.75,1427618800.39,A,153,96
1427618799.75,1427618800.39,B,207,96
1427618799.79,1427618800.43,A,168,98
1427618799.79,1427618800.43,B,201,98
1427618799.83,1427618800.47,A,160,88
1427618799.83,1427618800.47,B,187,88
1427618799.87,1427618800.51,A,121,74
1427618799.87,1427618800.51,B,200,74
1427618799.91,1427618800.55,A,86,64
1427618799.91,1427618800.55,B,166,64
1427618799.95,1427618800.59,A,56,56
1427618799.95,1427618800.59,B,164,56
1427618799.99,1427618800.63,A,50,51
1427618799.99,1427618800.63,B,142,51
1427618800.03,1427618800.67,A,96,49
1427618800.03,1427618800.67,B,104,49
1427618800.07,1427618800.71,A,105,48
1427618800.07,1427618800.71,B,91,48
1427618800.11,1427618800.75,A,103,46
1427618800.11,1427618800.75,B,80,46
1427618800.15,1427618800.79,A,92,38
1427618800.15,1427618800.79,B,51,38
1427618800.19,1427618800.83,A,65,36
1427618800.19,1427618800.83,B,60,36
1427618800.23,1427618800.87,A,45,31
1427618800.23,1427618800.87,B,51,31
1427618800.27,1427618800.91,A,41,25
1427618800.27,1427618800.91,B,42,25
1427618800.31,1427618800.95,A,45,26
1427618800.31,1427618800.95,B,39,26
1427618800.35,1427618800.99,A,53,25
1427618800.35,1427618800.99,B,28,25
1427618800.39,1427618801.03,A,57,23
1427618800.39,1427618801.03,B,23,23
1427618800.43,1427618801.07,A,43,21
1427618800.43,1427618801.07,B,35,21
1427618800.47,1427618801.11,A,38,19
1427618800.47,1427618801.11,B,36,19
1427618800.51,1427618801.15,A,32,18
1427618800.51,1427618801.15,B,39,18
1427618800.55,1427618801.19,A,24,17
1427618800.55,1427618801.19,B,27,17
1427618800.59,1427618801.23,A,17,13
1427618800.59,1427618801.23,B,19,13
1427618800.63,1427618801.27,A,17,11
1427618800.63,1427618801.27,B,15,11
1427618800.67,1427618801.31,A,17,11
1427618800.67,1427618801.31,B,17,11
1427618800.71,1427618801.35,A,18,10
1427618800.71,1427618801.35,B,15,10
1427618800.75,1427618801.39,A,17,10
1427618800.75,1427618801.39,B,14,10
1427618800.79,1427618801.43,A,14,9
1427618800.79,1427618801.43,B,15,9
1427618800.83,1427618801.47,A,11,7
1427618800.83,1427618801.47,B,10,7
1427618800.87,1427618801.51,A,5,6
1427618800.87,1427618801.51,B,7,6
1427618800.91,1427618801.55,A,6,6
1427618800.91,1427618801.55,B,7,6
1427618800.95,1427618801.59,A,8,5
1427618800.95,1427618801.59,B,7,5
1427618800.99,1427618801.63,A,9,4
1427618800.99,1427618801.63,B,9,4
1427618801.03,1427618801.67,A,13,5
1427618801.03,1427618801.67,B,6,5
1427618801.07,1427618801.71,A,14,5
1427618801.07,1427618801.71,B,9,5
1427618801.11,1427618801.75,A,13,5
1427618801.11,1427618801.75,B,10,5
1427618801.15,1427618801.79,A,12,5
1427618801.15,1427618801.79,B,8,5
1427618801.19,1427618801.83,A,6,5
1427618801.19,1427618801.83,B,8,5
1427618801.23,1427618801.87,A,9,5
1427618801.23,1427618801.87,B,11,5
1427618801.27,1427618801.91,A,10,5
1427618801.27,1427618801.91,B,11,5
1427618801.31,1427618801.95,A,10,5
1427618801.31,1427618801.95,B,12,5
1427618801.35,1427618801.99,A,7,4
1427618801.35,1427618801.99,B,17,4
1427618801.39,1427618802.03,A,6,5
1427618801.39,1427618802.03,B,21,5
1427618801.43,1427618802.07,A,6,5
1427618801.43,1427618802.07,B,21,5
1427618801.47,1427618802.11,A,7,5
1427618801.47,1427618802.11,B,22,5
1427618801.51,1427618802.15,A,8,6
1427618801.51,1427618802.15,B,21,6
1427618801.55,1427618802.19,A,8,6
1427618801.55,1427618802.19,B,20,6
1427618801.59,1427618802.23,A,10,5
1427618801.59,1427618802.23,B,20,5
1427618801.63,1427618802.27,A,10,5
1427618801.63,1427618802.27,B,19,5
1427618801.67,1427618802.31,A,7,5
1427618801.67,1427618802.31,B,17,5
1427618801.71,1427618802.35,A,9,5
1427618801.71,1427618802.35,B,16,5
1427618801.75,1427618802.39,A,8,5
1427618801.75,1427618802.39,B,16,5
1427618801.79,1427618802.43,A,9,5
1427618801.79,1427618802.43,B,16,5
1427618801.83,1427618802.47,A,9,5
1427618801.83,1427618802.47,B,15,5
1427618801.87,1427618802.51,A,7,5
1427618801.87,1427618802.51,B,13,5
1427618801.91,1427618802.55,A,7,4
1427618801.91,1427618802.55,B,13,4
1427618801.95,1427618802.59,A,8,5
1427618801.95,1427618802.59,B,10,5
1427618801.99,1427618802.63,A,8,5
1427618801.99,1427618802.63,B,9,5
1427618802.03,1427618802.67,A,6,3
1427618802.03,1427618802.67,B,7,3
1427618802.07,1427618802.71,A,6,4
1427618802.07,1427618802.71,B,7,4
1427618802.11,1427618802.75,A,3,4
1427618802.11,1427618802.75,B,7,4
1427618802.15,1427618802.79,A,3,4
1427618802.15,1427618802.79,B,7,4
1427618802.19,1427618802.83,A,2,4
1427618802.19,1427618802.83,B,9,4
1427618802.23,1427618802.87,A,3,4
1427618802.23,1427618802.87,B,11,4
1427618802.27,1427618802.91,A,4,4
1427618802.27,1427618802.91,B,11,4
1427618802.31,1427618802.95,A,5,4
1427618802.31,1427618802.95,B,12,4
1427618802.35,1427618802.99,A,5,4
1427618802.35,1427618802.99,B,11,4
1427618802.39,1427618803.03,A,6,5
1427618802.39,1427618803.03,B,10,5
1427618802.43,1427618803.07,A,7,5
1427618802.43,1427618803.07,B,10,5
1427618802.47,1427618803.11,A,7,5
1427618802.47,1427618803.11,B,10,5
1427618802.51,1427618803.15,A,7,5
1427618802.51,1427618803.15,B,10,5
1427618802.55,1427618803.19,A,8,5
1427618802.55,1427618803.19,B,10,5
1427618802.59,1427618803.23,A,8,5
1427618802.59,1427618803.23,B,10,5
1427618802.63,1427618803.27,A,10,5
1427618802.63,1427618803.27,B,9,5
1427618802.67,1427618803.31,A,9,5
1427618802.67,1427618803.31,B,6,5
1427618802.71,1427618803.35,A,8,4
1427618802.71,1427618803.35,B,4,4
1427618802.75,1427618803.39,A,8,4
1427618802.75,1427618803.39,B,4,4
1427618802.79,1427618803.43,A,8,4
1427618802.79,1427618803.43,B,4,4
1427618802.83,1427618803.47,A,7,4
1427618802.83,1427618803.47,B,5,4
1427618802.87,1427618803.51,A,8,4
1427618802.87,1427618803.51,B,5,4
1427618802.91,1427618803.55,A,8,4
1427618802.91,1427618803.55,B,5,4
1427618802.95,1427618803.59,A,7,4
1427618802.95,1427618803.59,B,4,4
1427618802.99,1427618803.63,A,7,4
1427618802.99,1427618803.63,B,4,4
1427618803.03,1427618803.67,A,7,4
1427618803.03,1427618803.67,B,5,4
1427618803.07,1427618803.71,A,6,4
1427618803.07,1427618803.71,B,5,4
1427618803.11,1427618803.75,A,6,4
1427618803.11,1427618803.75,B,5,4
1427618803.15,1427618803.79,A,6,4
1427618803.15,1427618803.79,B,3,4
1427618803.19,1427618803.83,A,5,4
1427618803.19,1427618803.83,B,3,4
1427618803.23,1427618803.87,A,7,3
1427618803.23,1427618803.87,B,5,3
1427618803.27,1427618803.91,A,7,4
1427618803.27,1427618803.91,B,6,4
1427618803.31,1427618803.95,A,6,4
1427618803.31,1427618803.95,B,5,4
1427618803.35,1427618803.99,A,7,4
1427618803.35,1427618803.99,B,3,4
1427618803.39,1427618804.03,A,8,4
1427618803.39,1427618804.03,B,4,4
