#targetfile:$(projectRoot)/result/result/100cm/waist-side/hasc-20150329-180047-mag-pca.csv-lowpass.csv
1427619670.66,1427619671.3,B,13,6
1427619670.7,1427619671.34,B,14,6
1427619670.74,1427619671.38,A,10,6
1427619670.74,1427619671.38,B,15,6
1427619670.78,1427619671.42,A,9,6
1427619670.78,1427619671.42,B,16,6
1427619670.82,1427619671.46,A,10,6
1427619670.82,1427619671.46,B,17,6
1427619670.86,1427619671.5,A,9,6
1427619670.86,1427619671.5,B,14,6
1427619670.9,1427619671.54,A,8,6
1427619670.9,1427619671.54,B,13,6
1427619670.94,1427619671.58,A,9,6
1427619670.94,1427619671.58,B,13,6
1427619670.98,1427619671.62,A,10,5
1427619670.98,1427619671.62,B,11,5
1427619671.02,1427619671.66,A,6,4
1427619671.02,1427619671.66,B,9,4
1427619671.06,1427619671.7,A,6,4
1427619671.06,1427619671.7,B,10,4
1427619671.1,1427619671.74,A,5,4
1427619671.1,1427619671.74,B,10,4
1427619671.14,1427619671.78,A,8,5
1427619671.14,1427619671.78,B,10,5
1427619671.18,1427619671.82,A,8,5
1427619671.18,1427619671.82,B,9,5
1427619671.22,1427619671.86,A,7,4
1427619671.22,1427619671.86,B,9,4
1427619671.26,1427619671.9,A,7,4
1427619671.26,1427619671.9,B,9,4
1427619671.3,1427619671.94,A,8,4
1427619671.3,1427619671.94,B,8,4
1427619671.34,1427619671.98,A,8,4
1427619671.34,1427619671.98,B,7,4
1427619671.38,1427619672.02,A,8,4
1427619671.38,1427619672.02,B,6,4
1427619671.42,1427619672.06,A,6,3
1427619671.42,1427619672.06,B,7,3
1427619671.46,1427619672.1,A,7,3
1427619671.46,1427619672.1,B,7,3
1427619671.5,1427619672.14,A,5,3
1427619671.5,1427619672.14,B,6,3
1427619671.54,1427619672.18,A,7,3
1427619671.54,1427619672.18,B,6,3
1427619671.58,1427619672.22,A,7,3
1427619671.58,1427619672.22,B,7,3
1427619671.62,1427619672.26,A,7,3
1427619671.62,1427619672.26,B,7,3
1427619671.66,1427619672.3,A,6,3
1427619671.66,1427619672.3,B,8,3
1427619671.7,1427619672.34,A,6,4
1427619671.7,1427619672.34,B,9,4
1427619671.74,1427619672.38,A,5,4
1427619671.74,1427619672.38,B,8,4
1427619671.78,1427619672.42,A,3,4
1427619671.78,1427619672.42,B,7,4
1427619671.82,1427619672.46,A,4,4
1427619671.82,1427619672.46,B,8,4
1427619671.86,1427619672.5,A,5,4
1427619671.86,1427619672.5,B,8,4
1427619671.9,1427619672.54,A,8,4
1427619671.9,1427619672.54,B,6,4
1427619671.94,1427619672.58,A,8,4
1427619671.94,1427619672.58,B,5,4
1427619671.98,1427619672.62,A,9,5
1427619671.98,1427619672.62,B,5,5
1427619672.02,1427619672.66,A,9,5
1427619672.02,1427619672.66,B,3,5
1427619672.06,1427619672.7,A,8,5
1427619672.06,1427619672.7,B,3,5
1427619672.1,1427619672.74,A,7,5
1427619672.1,1427619672.74,B,4,5
1427619672.14,1427619672.78,A,9,5
1427619672.14,1427619672.78,B,5,5
1427619672.18,1427619672.82,A,9,5
1427619672.18,1427619672.82,B,7,5
1427619672.22,1427619672.86,A,9,5
1427619672.22,1427619672.86,B,6,5
1427619672.26,1427619672.9,A,10,5
1427619672.26,1427619672.9,B,5,5
1427619672.3,1427619672.94,A,10,5
1427619672.3,1427619672.94,B,6,5
1427619672.34,1427619672.98,A,10,5
1427619672.34,1427619672.98,B,6,5
1427619672.38,1427619673.02,A,11,5
1427619672.38,1427619673.02,B,4,5
1427619672.42,1427619673.06,A,13,5
1427619672.42,1427619673.06,B,6,5
1427619672.46,1427619673.1,A,12,5
1427619672.46,1427619673.1,B,6,5
1427619672.5,1427619673.14,A,13,5
1427619672.5,1427619673.14,B,6,5
1427619672.54,1427619673.18,A,12,5
1427619672.54,1427619673.18,B,7,5
1427619672.58,1427619673.22,A,11,4
1427619672.58,1427619673.22,B,9,4
1427619672.62,1427619673.26,A,10,5
1427619672.62,1427619673.26,B,8,5
1427619672.66,1427619673.3,A,14,5
1427619672.66,1427619673.3,B,8,5
1427619672.7,1427619673.34,A,16,5
1427619672.7,1427619673.34,B,10,5
1427619672.74,1427619673.38,A,15,5
1427619672.74,1427619673.38,B,12,5
1427619672.78,1427619673.42,A,14,4
1427619672.78,1427619673.42,B,12,4
1427619672.82,1427619673.46,A,9,6
1427619672.82,1427619673.46,B,14,6
1427619672.86,1427619673.5,A,7,6
1427619672.86,1427619673.5,B,12,6
1427619672.9,1427619673.54,A,7,6
1427619672.9,1427619673.54,B,12,6
1427619672.94,1427619673.58,A,6,6
1427619672.94,1427619673.58,B,11,6
1427619672.98,1427619673.62,A,7,6
1427619672.98,1427619673.62,B,10,6
1427619673.02,1427619673.66,A,7,6
1427619673.02,1427619673.66,B,10,6
1427619673.06,1427619673.7,A,6,6
1427619673.06,1427619673.7,B,12,6
1427619673.1,1427619673.74,A,7,6
1427619673.1,1427619673.74,B,13,6
1427619673.14,1427619673.78,A,7,6
1427619673.14,1427619673.78,B,13,6
1427619673.18,1427619673.82,A,7,7
1427619673.18,1427619673.82,B,14,7
1427619673.22,1427619673.86,A,6,6
1427619673.22,1427619673.86,B,13,6
1427619673.26,1427619673.9,A,5,6
1427619673.26,1427619673.9,B,13,6
1427619673.3,1427619673.94,A,2,6
1427619673.3,1427619673.94,B,10,6
1427619673.34,1427619673.98,A,1,5
1427619673.34,1427619673.98,B,9,5
1427619673.38,1427619674.02,A,2,5
1427619673.38,1427619674.02,B,7,5
1427619673.42,1427619674.06,A,4,6
1427619673.42,1427619674.06,B,7,6
1427619673.46,1427619674.1,A,8,5
1427619673.46,1427619674.1,B,9,5
1427619673.5,1427619674.14,A,9,5
1427619673.5,1427619674.14,B,9,5
1427619673.54,1427619674.18,A,10,6
1427619673.54,1427619674.18,B,7,6
1427619673.58,1427619674.22,A,14,6
1427619673.58,1427619674.22,B,7,6
1427619673.62,1427619674.26,A,13,6
1427619673.62,1427619674.26,B,9,6
1427619673.66,1427619674.3,A,15,6
1427619673.66,1427619674.3,B,7,6
1427619673.7,1427619674.34,A,14,5
1427619673.7,1427619674.34,B,6,5
1427619673.74,1427619674.38,A,14,5
1427619673.74,1427619674.38,B,5,5
1427619673.78,1427619674.42,A,10,5
1427619673.78,1427619674.42,B,2,5
1427619673.82,1427619674.46,A,10,5
1427619673.82,1427619674.46,B,4,5
1427619673.86,1427619674.5,A,9,5
1427619673.86,1427619674.5,B,4,5
1427619673.9,1427619674.54,A,9,5
1427619673.9,1427619674.54,B,4,5
1427619673.94,1427619674.58,A,10,5
1427619673.94,1427619674.58,B,3,5
1427619673.98,1427619674.62,A,10,5
1427619673.98,1427619674.62,B,2,5
1427619674.02,1427619674.66,A,11,5
1427619674.02,1427619674.66,B,5,5
1427619674.06,1427619674.7,A,11,5
1427619674.06,1427619674.7,B,7,5
1427619674.1,1427619674.74,A,7,5
1427619674.1,1427619674.74,B,9,5
1427619674.14,1427619674.78,A,5,5
1427619674.14,1427619674.78,B,8,5
1427619674.18,1427619674.82,A,3,4
1427619674.18,1427619674.82,B,7,4
1427619674.22,1427619674.86,A,2,3
1427619674.22,1427619674.86,B,6,3
1427619674.26,1427619674.9,A,4,4
1427619674.26,1427619674.9,B,7,4
1427619674.3,1427619674.94,A,5,4
1427619674.3,1427619674.94,B,6,4
1427619674.34,1427619674.98,A,7,4
1427619674.34,1427619674.98,B,5,4
1427619674.38,1427619675.02,A,8,4
1427619674.38,1427619675.02,B,4,4
1427619674.42,1427619675.06,A,8,4
1427619674.42,1427619675.06,B,4,4
1427619674.46,1427619675.1,A,7,3
1427619674.46,1427619675.1,B,5,3
1427619674.5,1427619675.14,A,7,3
1427619674.5,1427619675.14,B,5,3
1427619674.54,1427619675.18,A,8,4
1427619674.54,1427619675.18,B,7,4
1427619674.58,1427619675.22,A,9,4
1427619674.58,1427619675.22,B,8,4
1427619674.62,1427619675.26,A,9,4
1427619674.62,1427619675.26,B,9,4
1427619674.66,1427619675.3,A,8,4
1427619674.66,1427619675.3,B,8,4
1427619674.7,1427619675.34,A,9,4
1427619674.7,1427619675.34,B,8,4
1427619674.74,1427619675.38,A,10,4
1427619674.74,1427619675.38,B,7,4
1427619674.78,1427619675.42,A,10,4
1427619674.78,1427619675.42,B,7,4
1427619674.82,1427619675.46,A,10,4
1427619674.82,1427619675.46,B,8,4
1427619674.86,1427619675.5,A,12,4
1427619674.86,1427619675.5,B,10,4
1427619674.9,1427619675.54,A,10,4
1427619674.9,1427619675.54,B,12,4
1427619674.94,1427619675.58,A,11,4
1427619674.94,1427619675.58,B,10,4
1427619674.98,1427619675.62,A,11,5
1427619674.98,1427619675.62,B,9,5
1427619675.02,1427619675.66,A,10,5
1427619675.02,1427619675.66,B,7,5
1427619675.06,1427619675.7,A,11,5
1427619675.06,1427619675.7,B,8,5
1427619675.1,1427619675.74,A,11,5
1427619675.1,1427619675.74,B,8,5
1427619675.14,1427619675.78,A,13,6
1427619675.14,1427619675.78,B,8,6
1427619675.18,1427619675.82,A,16,5
1427619675.18,1427619675.82,B,8,5
1427619675.22,1427619675.86,A,16,5
1427619675.22,1427619675.86,B,7,5
1427619675.26,1427619675.9,A,22,6
1427619675.26,1427619675.9,B,6,6
1427619675.3,1427619675.94,A,20,7
1427619675.3,1427619675.94,B,8,7
1427619675.34,1427619675.98,A,24,7
1427619675.34,1427619675.98,B,7,7
1427619675.38,1427619676.02,A,24,7
1427619675.38,1427619676.02,B,7,7
1427619675.42,1427619676.06,A,23,7
1427619675.42,1427619676.06,B,6,7
1427619675.46,1427619676.1,A,28,8
1427619675.46,1427619676.1,B,9,8
1427619675.5,1427619676.14,A,28,8
1427619675.5,1427619676.14,B,9,8
1427619675.54,1427619676.18,A,33,9
1427619675.54,1427619676.18,B,13,9
1427619675.58,1427619676.22,A,34,10
1427619675.58,1427619676.22,B,14,10
1427619675.62,1427619676.26,A,34,9
1427619675.62,1427619676.26,B,14,9
1427619675.66,1427619676.3,A,36,10
1427619675.66,1427619676.3,B,12,10
1427619675.7,1427619676.34,A,37,10
1427619675.7,1427619676.34,B,12,10
1427619675.74,1427619676.38,A,39,9
1427619675.74,1427619676.38,B,15,9
1427619675.78,1427619676.42,A,39,9
1427619675.78,1427619676.42,B,15,9
1427619675.82,1427619676.46,A,39,9
1427619675.82,1427619676.46,B,15,9
1427619675.86,1427619676.5,A,46,9
1427619675.86,1427619676.5,B,10,9
1427619675.9,1427619676.54,A,43,9
1427619675.9,1427619676.54,B,15,9
1427619675.94,1427619676.58,A,47,11
1427619675.94,1427619676.58,B,11,11
1427619675.98,1427619676.62,A,45,12
1427619675.98,1427619676.62,B,12,12
1427619676.02,1427619676.66,A,43,13
1427619676.02,1427619676.66,B,18,13
1427619676.06,1427619676.7,A,42,14
1427619676.06,1427619676.7,B,19,14
1427619676.1,1427619676.74,A,39,13
1427619676.1,1427619676.74,B,16,13
1427619676.14,1427619676.78,A,41,13
1427619676.14,1427619676.78,B,14,13
1427619676.18,1427619676.82,A,38,13
1427619676.18,1427619676.82,B,12,13
1427619676.22,1427619676.86,A,40,14
1427619676.22,1427619676.86,B,15,14
1427619676.26,1427619676.9,A,49,15
1427619676.26,1427619676.9,B,16,15
1427619676.3,1427619676.94,A,45,18
1427619676.3,1427619676.94,B,22,18
1427619676.34,1427619676.98,A,52,16
1427619676.34,1427619676.98,B,16,16
1427619676.38,1427619677.02,A,48,16
1427619676.38,1427619677.02,B,15,16
1427619676.42,1427619677.06,A,48,16
1427619676.42,1427619677.06,B,11,16
1427619676.46,1427619677.1,A,58,17
1427619676.46,1427619677.1,B,19,17
1427619676.5,1427619677.14,A,57,17
1427619676.5,1427619677.14,B,23,17
1427619676.54,1427619677.18,A,70,18
1427619676.54,1427619677.18,B,27,18
1427619676.58,1427619677.22,A,69,19
1427619676.58,1427619677.22,B,30,19
1427619676.62,1427619677.26,A,71,20
1427619676.62,1427619677.26,B,28,20
1427619676.66,1427619677.3,A,64,19
1427619676.66,1427619677.3,B,29,19
1427619676.7,1427619677.34,A,62,19
1427619676.7,1427619677.34,B,27,19
1427619676.74,1427619677.38,A,62,19
1427619676.74,1427619677.38,B,26,19
1427619676.78,1427619677.42,A,63,19
1427619676.78,1427619677.42,B,26,19
1427619676.82,1427619677.46,A,65,19
1427619676.82,1427619677.46,B,25,19
1427619676.86,1427619677.5,A,77,17
1427619676.86,1427619677.5,B,16,17
1427619676.9,1427619677.54,A,75,17
1427619676.9,1427619677.54,B,14,17
1427619676.94,1427619677.58,A,82,17
1427619676.94,1427619677.58,B,22,17
1427619676.98,1427619677.62,A,76,18
1427619676.98,1427619677.62,B,23,18
1427619677.02,1427619677.66,A,77,19
1427619677.02,1427619677.66,B,15,19
1427619677.06,1427619677.7,A,71,20
1427619677.06,1427619677.7,B,20,20
1427619677.1,1427619677.74,A,68,19
1427619677.1,1427619677.74,B,16,19
1427619677.14,1427619677.78,A,70,19
1427619677.14,1427619677.78,B,16,19
1427619677.18,1427619677.82,A,68,19
1427619677.18,1427619677.82,B,15,19
1427619677.22,1427619677.86,A,68,18
1427619677.22,1427619677.86,B,25,18
1427619677.26,1427619677.9,A,66,19
1427619677.26,1427619677.9,B,26,19
1427619677.3,1427619677.94,A,63,19
1427619677.3,1427619677.94,B,24,19
1427619677.34,1427619677.98,A,66,18
1427619677.34,1427619677.98,B,20,18
1427619677.38,1427619678.02,A,61,18
1427619677.38,1427619678.02,B,16,18
1427619677.42,1427619678.06,A,61,18
1427619677.42,1427619678.06,B,17,18
1427619677.46,1427619678.1,A,62,18
1427619677.46,1427619678.1,B,16,18
1427619677.5,1427619678.14,A,60,17
1427619677.5,1427619678.14,B,16,17
1427619677.54,1427619678.18,A,61,17
1427619677.54,1427619678.18,B,12,17
1427619677.58,1427619678.22,A,53,16
1427619677.58,1427619678.22,B,15,16
1427619677.62,1427619678.26,A,50,15
1427619677.62,1427619678.26,B,13,15
1427619677.66,1427619678.3,A,45,13
1427619677.66,1427619678.3,B,9,13
1427619677.7,1427619678.34,A,51,14
1427619677.7,1427619678.34,B,10,14
1427619677.74,1427619678.38,A,52,15
1427619677.74,1427619678.38,B,14,15
1427619677.78,1427619678.42,A,53,15
1427619677.78,1427619678.42,B,14,15
1427619677.82,1427619678.46,A,49,14
1427619677.82,1427619678.46,B,18,14
1427619677.86,1427619678.5,A,49,14
1427619677.86,1427619678.5,B,18,14
1427619677.9,1427619678.54,A,39,14
1427619677.9,1427619678.54,B,13,14
1427619677.94,1427619678.58,A,37,14
1427619677.94,1427619678.58,B,18,14
1427619677.98,1427619678.62,A,33,13
1427619677.98,1427619678.62,B,19,13
1427619678.02,1427619678.66,A,36,12
1427619678.02,1427619678.66,B,21,12
1427619678.06,1427619678.7,A,38,13
1427619678.06,1427619678.7,B,22,13
1427619678.1,1427619678.74,A,40,13
1427619678.1,1427619678.74,B,20,13
1427619678.14,1427619678.78,A,38,11
1427619678.14,1427619678.78,B,13,11
1427619678.18,1427619678.82,A,36,11
1427619678.18,1427619678.82,B,13,11
1427619678.22,1427619678.86,A,29,10
1427619678.22,1427619678.86,B,14,10
1427619678.26,1427619678.9,A,28,9
1427619678.26,1427619678.9,B,16,9
1427619678.3,1427619678.94,A,22,8
1427619678.3,1427619678.94,B,16,8
1427619678.34,1427619678.98,A,19,7
1427619678.34,1427619678.98,B,11,7
1427619678.38,1427619679.02,A,14,5
1427619678.38,1427619679.02,B,12,5
1427619678.42,1427619679.06,A,15,6
1427619678.42,1427619679.06,B,13,6
1427619678.46,1427619679.1,A,15,5
1427619678.46,1427619679.1,B,13,5
1427619678.5,1427619679.14,A,13,4
1427619678.5,1427619679.14,B,11,4
1427619678.54,1427619679.18,A,14,4
1427619678.54,1427619679.18,B,10,4
1427619678.58,1427619679.22,A,15,5
1427619678.58,1427619679.22,B,9,5
1427619678.62,1427619679.26,A,11,4
1427619678.62,1427619679.26,B,10,4
1427619678.66,1427619679.3,A,11,4
1427619678.66,1427619679.3,B,9,4
1427619678.7,1427619679.34,A,8,4
1427619678.7,1427619679.34,B,6,4
1427619678.74,1427619679.38,A,9,4
1427619678.74,1427619679.38,B,5,4
1427619678.78,1427619679.42,A,10,4
1427619678.78,1427619679.42,B,3,4
1427619678.82,1427619679.46,A,11,4
1427619678.82,1427619679.46,B,3,4
1427619678.86,1427619679.5,A,13,6
1427619678.86,1427619679.5,B,4,6
1427619678.9,1427619679.54,A,12,6
1427619678.9,1427619679.54,B,5,6
1427619678.94,1427619679.58,A,12,5
1427619678.94,1427619679.58,B,5,5
1427619678.98,1427619679.62,A,13,5
1427619678.98,1427619679.62,B,5,5
1427619679.02,1427619679.66,A,13,5
1427619679.02,1427619679.66,B,6,5
1427619679.06,1427619679.7,A,16,6
1427619679.06,1427619679.7,B,8,6
1427619679.1,1427619679.74,A,16,6
1427619679.1,1427619679.74,B,9,6
1427619679.14,1427619679.78,A,17,6
1427619679.14,1427619679.78,B,10,6
1427619679.18,1427619679.82,A,17,6
1427619679.18,1427619679.82,B,11,6
1427619679.22,1427619679.86,A,17,6
1427619679.22,1427619679.86,B,10,6
1427619679.26,1427619679.9,A,18,6
1427619679.26,1427619679.9,B,10,6
1427619679.3,1427619679.94,A,17,6
1427619679.3,1427619679.94,B,10,6
1427619679.34,1427619679.98,A,18,6
1427619679.34,1427619679.98,B,10,6
1427619679.38,1427619680.02,A,18,6
1427619679.38,1427619680.02,B,10,6
1427619679.42,1427619680.06,A,18,6
1427619679.42,1427619680.06,B,8,6
1427619679.46,1427619680.1,A,18,5
1427619679.46,1427619680.1,B,7,5
1427619679.5,1427619680.14,A,14,4
1427619679.5,1427619680.14,B,6,4
1427619679.54,1427619680.18,A,13,5
1427619679.54,1427619680.18,B,4,5
1427619679.58,1427619680.22,A,9,4
1427619679.58,1427619680.22,B,6,4
1427619679.62,1427619680.26,A,9,4
1427619679.62,1427619680.26,B,8,4
1427619679.66,1427619680.3,A,9,4
1427619679.66,1427619680.3,B,9,4
1427619679.7,1427619680.34,A,9,4
1427619679.7,1427619680.34,B,8,4
1427619679.74,1427619680.38,A,10,5
1427619679.74,1427619680.38,B,9,5
1427619679.78,1427619680.42,A,10,5
1427619679.78,1427619680.42,B,9,5
1427619679.82,1427619680.46,A,8,5
1427619679.82,1427619680.46,B,10,5
1427619679.86,1427619680.5,A,8,5
1427619679.86,1427619680.5,B,10,5
1427619679.9,1427619680.54,A,6,5
1427619679.9,1427619680.54,B,9,5
1427619679.94,1427619680.58,A,7,5
1427619679.94,1427619680.58,B,8,5
1427619679.98,1427619680.62,A,7,5
1427619679.98,1427619680.62,B,8,5
1427619680.02,1427619680.66,A,7,5
1427619680.02,1427619680.66,B,8,5
1427619680.06,1427619680.7,A,8,5
1427619680.06,1427619680.7,B,10,5
1427619680.1,1427619680.74,A,9,5
1427619680.1,1427619680.74,B,10,5
1427619680.14,1427619680.78,A,10,5
1427619680.14,1427619680.78,B,11,5
1427619680.18,1427619680.82,A,11,5
1427619680.18,1427619680.82,B,10,5
1427619680.22,1427619680.86,A,12,5
1427619680.22,1427619680.86,B,10,5
1427619680.26,1427619680.9,A,12,5
1427619680.26,1427619680.9,B,9,5
1427619680.3,1427619680.94,A,12,5
1427619680.3,1427619680.94,B,7,5
1427619680.34,1427619680.98,A,11,5
1427619680.34,1427619680.98,B,7,5
1427619680.38,1427619681.02,A,10,5
1427619680.38,1427619681.02,B,10,5
1427619680.42,1427619681.06,A,7,5
1427619680.42,1427619681.06,B,12,5
1427619680.46,1427619681.1,A,5,5
1427619680.46,1427619681.1,B,12,5
1427619680.5,1427619681.14,A,4,5
1427619680.5,1427619681.14,B,11,5
1427619680.54,1427619681.18,A,3,5
1427619680.54,1427619681.18,B,9,5
1427619680.58,1427619681.22,A,3,5
1427619680.58,1427619681.22,B,8,5
1427619680.62,1427619681.26,A,1,6
1427619680.62,1427619681.26,B,7,6
1427619680.66,1427619681.3,A,1,6
1427619680.66,1427619681.3,B,6,6
1427619680.7,1427619681.34,A,4,6
1427619680.7,1427619681.34,B,6,6
1427619680.74,1427619681.38,A,4,5
1427619680.74,1427619681.38,B,8,5
1427619680.78,1427619681.42,A,6,5
1427619680.78,1427619681.42,B,7,5
1427619680.82,1427619681.46,A,5,5
1427619680.82,1427619681.46,B,7,5
1427619680.86,1427619681.5,A,5,5
1427619680.86,1427619681.5,B,7,5
1427619680.9,1427619681.54,A,5,5
1427619680.9,1427619681.54,B,7,5
1427619680.94,1427619681.58,A,5,5
1427619680.94,1427619681.58,B,6,5
1427619680.98,1427619681.62,A,7,5
1427619680.98,1427619681.62,B,6,5
1427619681.02,1427619681.66,A,5,4
1427619681.02,1427619681.66,B,7,4
1427619681.06,1427619681.7,A,4,4
1427619681.06,1427619681.7,B,9,4
1427619681.1,1427619681.74,A,3,4
1427619681.1,1427619681.74,B,10,4
1427619681.14,1427619681.78,A,4,4
1427619681.14,1427619681.78,B,8,4
1427619681.18,1427619681.82,A,2,3
1427619681.18,1427619681.82,B,6,3
1427619681.22,1427619681.86,A,3,3
1427619681.22,1427619681.86,B,4,3
1427619681.26,1427619681.9,A,3,2
1427619681.26,1427619681.9,B,4,2
1427619681.3,1427619681.94,A,2,2
1427619681.3,1427619681.94,B,3,2
1427619681.34,1427619681.98,A,1,3
1427619681.34,1427619681.98,B,3,3
1427619681.38,1427619682.02,A,1,3
1427619681.38,1427619682.02,B,3,3
