#targetfile:$(projectRoot)/result/result/100cm/waist-side/hasc-20150329-180331-mag-pca.csv-lowpass.csv
1427619821.18,1427619821.82,A,19,8
1427619821.22,1427619821.86,A,18,7
1427619821.22,1427619821.86,B,17,7
1427619821.26,1427619821.9,A,17,7
1427619821.26,1427619821.9,B,18,7
1427619821.3,1427619821.94,A,12,7
1427619821.3,1427619821.94,B,16,7
1427619821.34,1427619821.98,A,9,7
1427619821.34,1427619821.98,B,16,7
1427619821.38,1427619822.02,A,3,6
1427619821.38,1427619822.02,B,9,6
1427619821.42,1427619822.06,A,11,8
1427619821.42,1427619822.06,B,11,8
1427619821.46,1427619822.1,A,14,8
1427619821.46,1427619822.1,B,10,8
1427619821.5,1427619822.14,A,17,8
1427619821.5,1427619822.14,B,9,8
1427619821.54,1427619822.18,A,16,9
1427619821.54,1427619822.18,B,7,9
1427619821.58,1427619822.22,A,14,9
1427619821.58,1427619822.22,B,9,9
1427619821.62,1427619822.26,A,3,10
1427619821.62,1427619822.26,B,17,10
1427619821.66,1427619822.3,A,4,13
1427619821.66,1427619822.3,B,23,13
1427619821.7,1427619822.34,A,16,14
1427619821.7,1427619822.34,B,21,14
1427619821.74,1427619822.38,A,18,16
1427619821.74,1427619822.38,B,26,16
1427619821.78,1427619822.42,A,27,16
1427619821.78,1427619822.42,B,22,16
1427619821.82,1427619822.46,A,26,15
1427619821.82,1427619822.46,B,20,15
1427619821.86,1427619822.5,A,23,15
1427619821.86,1427619822.5,B,21,15
1427619821.9,1427619822.54,A,15,15
1427619821.9,1427619822.54,B,17,15
1427619821.94,1427619822.58,A,16,17
1427619821.94,1427619822.58,B,21,17
1427619821.98,1427619822.62,A,19,20
1427619821.98,1427619822.62,B,16,20
1427619822.02,1427619822.66,A,41,23
1427619822.02,1427619822.66,B,24,23
1427619822.06,1427619822.7,A,48,24
1427619822.06,1427619822.7,B,20,24
1427619822.1,1427619822.74,A,57,23
1427619822.1,1427619822.74,B,21,23
1427619822.14,1427619822.78,A,58,23
1427619822.14,1427619822.78,B,20,23
1427619822.18,1427619822.82,A,57,23
1427619822.18,1427619822.82,B,18,23
1427619822.22,1427619822.86,A,45,24
1427619822.22,1427619822.86,B,19,24
1427619822.26,1427619822.9,A,43,29
1427619822.26,1427619822.9,B,22,29
1427619822.3,1427619822.94,A,44,29
1427619822.3,1427619822.94,B,34,29
1427619822.34,1427619822.98,A,48,29
1427619822.34,1427619822.98,B,36,29
1427619822.38,1427619823.02,A,76,32
1427619822.38,1427619823.02,B,18,32
1427619822.42,1427619823.06,A,82,33
1427619822.42,1427619823.06,B,20,33
1427619822.46,1427619823.1,A,93,33
1427619822.46,1427619823.1,B,22,33
1427619822.5,1427619823.14,A,87,34
1427619822.5,1427619823.14,B,28,34
1427619822.54,1427619823.18,A,79,36
1427619822.54,1427619823.18,B,38,36
1427619822.58,1427619823.22,A,55,36
1427619822.58,1427619823.22,B,44,36
1427619822.62,1427619823.26,A,63,42
1427619822.62,1427619823.26,B,57,42
1427619822.66,1427619823.3,A,67,37
1427619822.66,1427619823.3,B,40,37
1427619822.7,1427619823.34,A,96,41
1427619822.7,1427619823.34,B,50,41
1427619822.74,1427619823.38,A,118,39
1427619822.74,1427619823.38,B,36,39
1427619822.78,1427619823.42,A,122,38
1427619822.78,1427619823.42,B,34,38
1427619822.82,1427619823.46,A,123,38
1427619822.82,1427619823.46,B,30,38
1427619822.86,1427619823.5,A,117,37
1427619822.86,1427619823.5,B,23,37
1427619822.9,1427619823.54,A,95,39
1427619822.9,1427619823.54,B,24,39
1427619822.94,1427619823.58,A,76,37
1427619822.94,1427619823.58,B,23,37
1427619822.98,1427619823.62,A,102,41
1427619822.98,1427619823.62,B,58,41
1427619823.02,1427619823.66,A,103,39
1427619823.02,1427619823.66,B,54,39
1427619823.06,1427619823.7,A,131,38
1427619823.06,1427619823.7,B,51,38
1427619823.1,1427619823.74,A,142,37
1427619823.1,1427619823.74,B,38,37
1427619823.14,1427619823.78,A,146,36
1427619823.14,1427619823.78,B,33,36
1427619823.18,1427619823.82,A,134,36
1427619823.18,1427619823.82,B,31,36
1427619823.22,1427619823.86,A,128,39
1427619823.22,1427619823.86,B,35,39
1427619823.26,1427619823.9,A,97,35
1427619823.26,1427619823.9,B,53,35
1427619823.3,1427619823.94,A,100,35
1427619823.3,1427619823.94,B,54,35
1427619823.34,1427619823.98,A,111,32
1427619823.34,1427619823.98,B,26,32
1427619823.38,1427619824.02,A,114,34
1427619823.38,1427619824.02,B,29,34
1427619823.42,1427619824.06,A,135,32
1427619823.42,1427619824.06,B,34,32
1427619823.46,1427619824.1,A,136,32
1427619823.46,1427619824.1,B,32,32
1427619823.5,1427619824.14,A,131,33
1427619823.5,1427619824.14,B,37,33
1427619823.54,1427619824.18,A,119,32
1427619823.54,1427619824.18,B,36,32
1427619823.58,1427619824.22,A,109,36
1427619823.58,1427619824.22,B,42,36
1427619823.62,1427619824.26,A,75,27
1427619823.62,1427619824.26,B,22,27
1427619823.66,1427619824.3,A,89,25
1427619823.66,1427619824.3,B,31,25
1427619823.7,1427619824.34,A,90,24
1427619823.7,1427619824.34,B,18,24
1427619823.74,1427619824.38,A,90,23
1427619823.74,1427619824.38,B,13,23
1427619823.78,1427619824.42,A,95,23
1427619823.78,1427619824.42,B,8,23
1427619823.82,1427619824.46,A,93,23
1427619823.82,1427619824.46,B,14,23
1427619823.86,1427619824.5,A,79,23
1427619823.86,1427619824.5,B,10,23
1427619823.9,1427619824.54,A,72,21
1427619823.9,1427619824.54,B,5,21
1427619823.94,1427619824.58,A,58,17
1427619823.94,1427619824.58,B,24,17
1427619823.98,1427619824.62,A,49,17
1427619823.98,1427619824.62,B,24,17
1427619824.02,1427619824.66,A,56,17
1427619824.02,1427619824.66,B,26,17
1427619824.06,1427619824.7,A,55,14
1427619824.06,1427619824.7,B,16,14
1427619824.1,1427619824.74,A,62,14
1427619824.1,1427619824.74,B,14,14
1427619824.14,1427619824.78,A,62,14
1427619824.14,1427619824.78,B,14,14
1427619824.18,1427619824.82,A,61,14
1427619824.18,1427619824.82,B,16,14
1427619824.22,1427619824.86,A,50,14
1427619824.22,1427619824.86,B,12,14
1427619824.26,1427619824.9,A,48,13
1427619824.26,1427619824.9,B,10,13
1427619824.3,1427619824.94,A,37,10
1427619824.3,1427619824.94,B,6,10
1427619824.34,1427619824.98,A,36,10
1427619824.34,1427619824.98,B,6,10
1427619824.38,1427619825.02,A,38,10
1427619824.38,1427619825.02,B,6,10
1427619824.42,1427619825.06,A,36,8
1427619824.42,1427619825.06,B,3,8
1427619824.46,1427619825.1,A,37,8
1427619824.46,1427619825.1,B,2,8
1427619824.5,1427619825.14,A,37,8
1427619824.5,1427619825.14,B,2,8
1427619824.54,1427619825.18,A,33,9
1427619824.54,1427619825.18,B,6,9
1427619824.58,1427619825.22,A,28,8
1427619824.58,1427619825.22,B,6,8
1427619824.62,1427619825.26,A,25,8
1427619824.62,1427619825.26,B,11,8
1427619824.66,1427619825.3,A,18,6
1427619824.66,1427619825.3,B,10,6
1427619824.7,1427619825.34,A,20,6
1427619824.7,1427619825.34,B,10,6
1427619824.74,1427619825.38,A,21,4
1427619824.74,1427619825.38,B,5,4
1427619824.78,1427619825.42,A,22,4
1427619824.78,1427619825.42,B,5,4
1427619824.82,1427619825.46,A,23,4
1427619824.82,1427619825.46,B,4,4
1427619824.86,1427619825.5,A,23,4
1427619824.86,1427619825.5,B,5,4
1427619824.9,1427619825.54,A,20,4
1427619824.9,1427619825.54,B,3,4
1427619824.94,1427619825.58,A,19,5
1427619824.94,1427619825.58,B,3,5
1427619824.98,1427619825.62,A,18,4
1427619824.98,1427619825.62,B,2,4
1427619825.02,1427619825.66,A,15,4
1427619825.02,1427619825.66,B,2,4
1427619825.06,1427619825.7,A,16,5
1427619825.06,1427619825.7,B,3,5
1427619825.1,1427619825.74,A,15,4
1427619825.1,1427619825.74,B,2,4
1427619825.14,1427619825.78,A,13,4
1427619825.14,1427619825.78,B,1,4
1427619825.18,1427619825.82,A,12,5
1427619825.18,1427619825.82,B,2,5
1427619825.22,1427619825.86,A,10,5
1427619825.22,1427619825.86,B,5,5
1427619825.26,1427619825.9,A,9,4
1427619825.26,1427619825.9,B,5,4
1427619825.3,1427619825.94,A,9,4
1427619825.3,1427619825.94,B,4,4
1427619825.34,1427619825.98,A,8,4
1427619825.34,1427619825.98,B,3,4
1427619825.38,1427619826.02,A,11,4
1427619825.38,1427619826.02,B,6,4
1427619825.42,1427619826.06,A,14,4
1427619825.42,1427619826.06,B,6,4
1427619825.46,1427619826.1,A,15,5
1427619825.46,1427619826.1,B,8,5
1427619825.5,1427619826.14,A,14,5
1427619825.5,1427619826.14,B,9,5
1427619825.54,1427619826.18,A,14,5
1427619825.54,1427619826.18,B,9,5
1427619825.58,1427619826.22,A,13,5
1427619825.58,1427619826.22,B,8,5
1427619825.62,1427619826.26,A,11,5
1427619825.62,1427619826.26,B,8,5
1427619825.66,1427619826.3,A,9,5
1427619825.66,1427619826.3,B,10,5
1427619825.7,1427619826.34,A,10,5
1427619825.7,1427619826.34,B,12,5
1427619825.74,1427619826.38,A,9,5
1427619825.74,1427619826.38,B,12,5
1427619825.78,1427619826.42,A,10,5
1427619825.78,1427619826.42,B,13,5
1427619825.82,1427619826.46,A,9,5
1427619825.82,1427619826.46,B,13,5
1427619825.86,1427619826.5,A,10,5
1427619825.86,1427619826.5,B,12,5
1427619825.9,1427619826.54,A,8,5
1427619825.9,1427619826.54,B,10,5
1427619825.94,1427619826.58,A,7,5
1427619825.94,1427619826.58,B,8,5
1427619825.98,1427619826.62,A,6,5
1427619825.98,1427619826.62,B,9,5
1427619826.02,1427619826.66,A,6,5
1427619826.02,1427619826.66,B,9,5
1427619826.06,1427619826.7,A,6,5
1427619826.06,1427619826.7,B,9,5
1427619826.1,1427619826.74,A,6,5
1427619826.1,1427619826.74,B,7,5
1427619826.14,1427619826.78,A,11,5
1427619826.14,1427619826.78,B,7,5
1427619826.18,1427619826.82,A,10,5
1427619826.18,1427619826.82,B,7,5
1427619826.22,1427619826.86,A,9,6
1427619826.22,1427619826.86,B,8,6
1427619826.26,1427619826.9,A,8,6
1427619826.26,1427619826.9,B,10,6
1427619826.3,1427619826.94,A,9,5
1427619826.3,1427619826.94,B,10,5
1427619826.34,1427619826.98,A,4,5
1427619826.34,1427619826.98,B,6,5
1427619826.38,1427619827.02,A,6,5
1427619826.38,1427619827.02,B,5,5
1427619826.42,1427619827.06,A,7,5
1427619826.42,1427619827.06,B,6,5
1427619826.46,1427619827.1,A,8,5
1427619826.46,1427619827.1,B,7,5
1427619826.5,1427619827.14,A,9,5
1427619826.5,1427619827.14,B,6,5
1427619826.54,1427619827.18,A,10,5
1427619826.54,1427619827.18,B,4,5
1427619826.58,1427619827.22,A,8,5
1427619826.58,1427619827.22,B,1,5
1427619826.62,1427619827.26,A,8,5
1427619826.62,1427619827.26,B,1,5
1427619826.66,1427619827.3,A,7,5
1427619826.66,1427619827.3,B,2,5
1427619826.7,1427619827.34,A,6,5
1427619826.7,1427619827.34,B,1,5
1427619826.74,1427619827.38,A,6,5
1427619826.74,1427619827.38,B,1,5
1427619826.78,1427619827.42,A,3,4
1427619826.78,1427619827.42,B,4,4
1427619826.82,1427619827.46,A,2,5
1427619826.82,1427619827.46,B,7,5
1427619826.86,1427619827.5,A,2,4
1427619826.86,1427619827.5,B,8,4
1427619826.9,1427619827.54,A,3,4
1427619826.9,1427619827.54,B,10,4
1427619826.94,1427619827.58,A,4,4
1427619826.94,1427619827.58,B,11,4
1427619826.98,1427619827.62,A,4,5
1427619826.98,1427619827.62,B,12,5
1427619827.02,1427619827.66,A,5,5
1427619827.02,1427619827.66,B,12,5
1427619827.06,1427619827.7,A,4,5
1427619827.06,1427619827.7,B,13,5
1427619827.1,1427619827.74,A,4,5
1427619827.1,1427619827.74,B,11,5
1427619827.14,1427619827.78,A,5,5
1427619827.14,1427619827.78,B,11,5
1427619827.18,1427619827.82,A,5,5
1427619827.18,1427619827.82,B,11,5
1427619827.22,1427619827.86,A,5,5
1427619827.22,1427619827.86,B,10,5
1427619827.26,1427619827.9,A,6,5
1427619827.26,1427619827.9,B,9,5
1427619827.3,1427619827.94,A,7,5
1427619827.3,1427619827.94,B,8,5
1427619827.34,1427619827.98,A,5,4
1427619827.34,1427619827.98,B,8,4
1427619827.38,1427619828.02,A,5,5
1427619827.38,1427619828.02,B,10,5
1427619827.42,1427619828.06,A,6,5
1427619827.42,1427619828.06,B,10,5
1427619827.46,1427619828.1,A,7,4
1427619827.46,1427619828.1,B,10,4
1427619827.5,1427619828.14,A,7,4
1427619827.5,1427619828.14,B,11,4
1427619827.54,1427619828.18,A,6,4
1427619827.54,1427619828.18,B,12,4
1427619827.58,1427619828.22,A,5,4
1427619827.58,1427619828.22,B,12,4
1427619827.62,1427619828.26,A,5,4
1427619827.62,1427619828.26,B,12,4
1427619827.66,1427619828.3,A,5,4
1427619827.66,1427619828.3,B,12,4
1427619827.7,1427619828.34,A,8,4
1427619827.7,1427619828.34,B,9,4
1427619827.74,1427619828.38,A,8,4
1427619827.74,1427619828.38,B,10,4
1427619827.78,1427619828.42,A,10,4
1427619827.78,1427619828.42,B,10,4
1427619827.82,1427619828.46,A,11,4
1427619827.82,1427619828.46,B,9,4
1427619827.86,1427619828.5,A,11,4
1427619827.86,1427619828.5,B,10,4
1427619827.9,1427619828.54,A,10,4
1427619827.9,1427619828.54,B,11,4
