#targetfile:$(projectRoot)/result/result/100cm/waist-side/hasc-20150329-180126-mag-pca.csv-lowpass.csv
1427619691.93,1427619692.57,A,14,5
1427619691.97,1427619692.61,A,14,5
1427619692.01,1427619692.65,A,16,5
1427619692.05,1427619692.69,A,16,5
1427619692.09,1427619692.73,A,16,5
1427619692.13,1427619692.77,A,15,6
1427619692.17,1427619692.81,A,13,6
1427619692.21,1427619692.85,A,14,6
1427619692.25,1427619692.89,A,11,5
1427619692.29,1427619692.93,A,11,5
1427619692.33,1427619692.97,A,12,6
1427619692.37,1427619693.01,A,12,6
1427619692.41,1427619693.05,A,11,6
1427619692.45,1427619693.09,A,14,6
1427619692.49,1427619693.13,A,13,6
1427619692.53,1427619693.17,A,12,6
1427619692.57,1427619693.21,A,14,6
1427619692.61,1427619693.25,A,14,6
1427619692.65,1427619693.29,A,16,6
1427619692.69,1427619693.33,A,16,6
1427619692.73,1427619693.37,A,16,6
1427619692.77,1427619693.41,A,16,6
1427619692.81,1427619693.45,A,15,6
1427619692.85,1427619693.49,A,14,6
1427619692.89,1427619693.53,A,14,6
1427619692.93,1427619693.57,A,14,6
1427619692.97,1427619693.61,A,13,6
1427619693.01,1427619693.65,A,15,6
1427619693.05,1427619693.69,A,16,5
1427619693.09,1427619693.73,A,13,5
1427619693.13,1427619693.77,A,13,5
1427619693.17,1427619693.81,A,13,5
1427619693.21,1427619693.85,A,12,5
1427619693.25,1427619693.89,A,10,5
1427619693.29,1427619693.93,A,10,6
1427619693.33,1427619693.97,A,11,6
1427619693.37,1427619694.01,A,12,6
1427619693.41,1427619694.05,A,11,6
1427619693.45,1427619694.09,A,13,6
1427619693.49,1427619694.13,A,13,6
1427619693.53,1427619694.17,A,10,6
1427619693.57,1427619694.21,A,9,6
1427619693.61,1427619694.25,A,9,6
1427619693.65,1427619694.29,A,8,6
1427619693.69,1427619694.33,A,7,6
1427619693.73,1427619694.37,A,7,5
1427619693.77,1427619694.41,A,5,6
1427619693.81,1427619694.45,A,5,5
1427619693.85,1427619694.49,A,3,5
1427619693.89,1427619694.53,A,2,5
1427619693.93,1427619694.57,A,1,4
1427619693.97,1427619694.61,A,2,4
1427619694.01,1427619694.65,A,5,3
1427619694.05,1427619694.69,A,4,3
1427619694.09,1427619694.73,A,4,3
1427619694.13,1427619694.77,A,5,3
1427619694.17,1427619694.81,A,6,3
1427619694.21,1427619694.85,A,6,3
1427619694.25,1427619694.89,A,6,3
1427619694.29,1427619694.93,A,6,3
1427619694.33,1427619694.97,A,11,4
1427619694.37,1427619695.01,A,8,6
1427619694.41,1427619695.05,A,8,7
1427619694.45,1427619695.09,A,7,7
1427619694.49,1427619695.13,A,7,7
1427619694.53,1427619695.17,A,10,7
1427619694.57,1427619695.21,A,11,7
1427619694.61,1427619695.25,A,13,7
1427619694.65,1427619695.29,A,17,8
1427619694.69,1427619695.33,A,17,7
1427619694.73,1427619695.37,A,19,8
1427619694.77,1427619695.41,A,18,8
1427619694.81,1427619695.45,A,17,7
1427619694.85,1427619695.49,A,16,7
1427619694.89,1427619695.53,A,15,8
1427619694.93,1427619695.57,A,15,7
1427619694.97,1427619695.61,A,14,7
1427619695.01,1427619695.65,A,14,6
1427619695.05,1427619695.69,A,15,6
1427619695.09,1427619695.73,A,15,6
1427619695.13,1427619695.77,A,13,6
1427619695.17,1427619695.81,A,10,6
1427619695.21,1427619695.85,A,10,6
1427619695.25,1427619695.89,A,9,6
1427619695.29,1427619695.93,A,7,5
1427619695.33,1427619695.97,A,13,7
1427619695.37,1427619696.01,A,14,7
1427619695.41,1427619696.05,A,15,7
1427619695.45,1427619696.09,A,14,7
1427619695.49,1427619696.13,A,9,8
1427619695.49,1427619696.13,B,19,8
1427619695.53,1427619696.17,A,10,8
1427619695.53,1427619696.17,B,21,8
1427619695.57,1427619696.21,A,14,9
1427619695.57,1427619696.21,B,23,9
1427619695.61,1427619696.25,A,15,9
1427619695.61,1427619696.25,B,22,9
1427619695.65,1427619696.29,A,23,10
1427619695.65,1427619696.29,B,17,10
1427619695.69,1427619696.33,A,24,10
1427619695.69,1427619696.33,B,13,10
1427619695.73,1427619696.37,A,29,11
1427619695.73,1427619696.37,B,11,11
1427619695.77,1427619696.41,A,26,10
1427619695.77,1427619696.41,B,13,10
1427619695.81,1427619696.45,A,25,10
1427619695.81,1427619696.45,B,13,10
1427619695.85,1427619696.49,A,22,10
1427619695.85,1427619696.49,B,11,10
1427619695.89,1427619696.53,A,23,11
1427619695.89,1427619696.53,B,14,11
1427619695.93,1427619696.57,A,24,11
1427619695.93,1427619696.57,B,17,11
1427619695.97,1427619696.61,A,28,12
1427619695.97,1427619696.61,B,19,12
1427619696.01,1427619696.65,A,32,12
1427619696.01,1427619696.65,B,12,12
1427619696.05,1427619696.69,A,40,14
1427619696.05,1427619696.69,B,17,14
1427619696.09,1427619696.73,A,42,14
1427619696.09,1427619696.73,B,16,14
1427619696.13,1427619696.77,A,44,13
1427619696.13,1427619696.77,B,11,13
1427619696.17,1427619696.81,A,36,14
1427619696.17,1427619696.81,B,10,14
1427619696.21,1427619696.85,A,29,14
1427619696.21,1427619696.85,B,16,14
1427619696.25,1427619696.89,A,17,16
1427619696.25,1427619696.89,B,27,16
1427619696.29,1427619696.93,A,12,16
1427619696.29,1427619696.93,B,26,16
1427619696.33,1427619696.97,A,28,18
1427619696.33,1427619696.97,B,27,18
1427619696.37,1427619697.01,A,30,18
1427619696.37,1427619697.01,B,25,18
1427619696.41,1427619697.05,A,38,17
1427619696.41,1427619697.05,B,21,17
1427619696.45,1427619697.09,A,38,17
1427619696.45,1427619697.09,B,19,17
1427619696.49,1427619697.13,A,36,18
1427619696.49,1427619697.13,B,19,18
1427619696.53,1427619697.17,A,25,16
1427619696.53,1427619697.17,B,12,16
1427619696.57,1427619697.21,A,25,18
1427619696.57,1427619697.21,B,12,18
1427619696.61,1427619697.25,A,25,19
1427619696.61,1427619697.25,B,18,19
1427619696.65,1427619697.29,A,30,21
1427619696.65,1427619697.29,B,19,21
1427619696.69,1427619697.33,A,55,21
1427619696.69,1427619697.33,B,28,21
1427619696.73,1427619697.37,A,58,21
1427619696.73,1427619697.37,B,30,21
1427619696.77,1427619697.41,A,71,22
1427619696.77,1427619697.41,B,27,22
1427619696.81,1427619697.45,A,69,22
1427619696.81,1427619697.45,B,27,22
1427619696.85,1427619697.49,A,65,21
1427619696.85,1427619697.49,B,28,21
1427619696.89,1427619697.53,A,50,20
1427619696.89,1427619697.53,B,27,20
1427619696.93,1427619697.57,A,54,23
1427619696.93,1427619697.57,B,34,23
1427619696.97,1427619697.61,A,48,19
1427619696.97,1427619697.61,B,20,19
1427619697.01,1427619697.65,A,67,21
1427619697.01,1427619697.65,B,22,21
1427619697.05,1427619697.69,A,79,19
1427619697.05,1427619697.69,B,10,19
1427619697.09,1427619697.73,A,83,19
1427619697.09,1427619697.73,B,9,19
1427619697.13,1427619697.77,A,86,18
1427619697.13,1427619697.77,B,9,18
1427619697.17,1427619697.81,A,84,18
1427619697.17,1427619697.81,B,11,18
1427619697.21,1427619697.85,A,75,19
1427619697.21,1427619697.85,B,11,19
1427619697.25,1427619697.89,A,65,18
1427619697.25,1427619697.89,B,12,18
1427619697.29,1427619697.93,A,64,19
1427619697.29,1427619697.93,B,27,19
1427619697.33,1427619697.97,A,58,17
1427619697.33,1427619697.97,B,26,17
1427619697.37,1427619698.01,A,68,17
1427619697.37,1427619698.01,B,27,17
1427619697.41,1427619698.05,A,71,15
1427619697.41,1427619698.05,B,18,15
1427619697.45,1427619698.09,A,76,15
1427619697.45,1427619698.09,B,14,15
1427619697.49,1427619698.13,A,75,16
1427619697.49,1427619698.13,B,11,16
1427619697.53,1427619698.17,A,73,16
1427619697.53,1427619698.17,B,12,16
1427619697.57,1427619698.21,A,57,14
1427619697.57,1427619698.21,B,18,14
1427619697.61,1427619698.25,A,55,14
1427619697.61,1427619698.25,B,19,14
1427619697.65,1427619698.29,A,46,14
1427619697.65,1427619698.29,B,15,14
1427619697.69,1427619698.33,A,45,13
1427619697.69,1427619698.33,B,16,13
1427619697.73,1427619698.37,A,52,13
1427619697.73,1427619698.37,B,14,13
1427619697.77,1427619698.41,A,51,13
1427619697.77,1427619698.41,B,9,13
1427619697.81,1427619698.45,A,56,13
1427619697.81,1427619698.45,B,11,13
1427619697.85,1427619698.49,A,56,12
1427619697.85,1427619698.49,B,11,12
1427619697.89,1427619698.53,A,53,13
1427619697.89,1427619698.53,B,14,13
1427619697.93,1427619698.57,A,43,11
1427619697.93,1427619698.57,B,8,11
1427619697.97,1427619698.61,A,43,11
1427619697.97,1427619698.61,B,15,11
1427619698.01,1427619698.65,A,38,10
1427619698.01,1427619698.65,B,14,10
1427619698.05,1427619698.69,A,41,10
1427619698.05,1427619698.69,B,15,10
1427619698.09,1427619698.73,A,43,9
1427619698.09,1427619698.73,B,11,9
1427619698.13,1427619698.77,A,40,9
1427619698.13,1427619698.77,B,13,9
1427619698.17,1427619698.81,A,41,10
1427619698.17,1427619698.81,B,11,10
1427619698.21,1427619698.85,A,40,10
1427619698.21,1427619698.85,B,11,10
1427619698.25,1427619698.89,A,35,9
1427619698.25,1427619698.89,B,7,9
1427619698.29,1427619698.93,A,32,8
1427619698.29,1427619698.93,B,8,8
1427619698.33,1427619698.97,A,28,8
1427619698.33,1427619698.97,B,12,8
1427619698.37,1427619699.01,A,25,7
1427619698.37,1427619699.01,B,13,7
1427619698.41,1427619699.05,A,24,7
1427619698.41,1427619699.05,B,12,7
1427619698.45,1427619699.09,A,22,7
1427619698.45,1427619699.09,B,9,7
1427619698.49,1427619699.13,A,22,7
1427619698.49,1427619699.13,B,9,7
1427619698.53,1427619699.17,A,22,7
1427619698.53,1427619699.17,B,9,7
1427619698.57,1427619699.21,A,21,6
1427619698.57,1427619699.21,B,10,6
1427619698.61,1427619699.25,A,18,6
1427619698.61,1427619699.25,B,7,6
1427619698.65,1427619699.29,A,17,6
1427619698.65,1427619699.29,B,11,6
1427619698.69,1427619699.33,A,15,6
1427619698.69,1427619699.33,B,9,6
1427619698.73,1427619699.37,A,16,5
1427619698.73,1427619699.37,B,6,5
1427619698.77,1427619699.41,A,17,4
1427619698.77,1427619699.41,B,5,4
1427619698.81,1427619699.45,A,21,5
1427619698.81,1427619699.45,B,7,5
1427619698.85,1427619699.49,A,20,5
1427619698.85,1427619699.49,B,9,5
1427619698.89,1427619699.53,A,21,6
1427619698.89,1427619699.53,B,9,6
1427619698.93,1427619699.57,A,20,6
1427619698.93,1427619699.57,B,7,6
1427619698.97,1427619699.61,A,20,6
1427619698.97,1427619699.61,B,5,6
1427619699.01,1427619699.65,A,17,6
1427619699.01,1427619699.65,B,5,6
1427619699.05,1427619699.69,A,17,6
1427619699.05,1427619699.69,B,5,6
1427619699.09,1427619699.73,A,16,5
1427619699.09,1427619699.73,B,5,5
1427619699.13,1427619699.77,A,16,5
1427619699.13,1427619699.77,B,5,5
1427619699.17,1427619699.81,A,17,6
1427619699.17,1427619699.81,B,6,6
1427619699.21,1427619699.85,A,17,6
1427619699.21,1427619699.85,B,8,6
1427619699.25,1427619699.89,A,15,6
1427619699.25,1427619699.89,B,10,6
1427619699.29,1427619699.93,A,14,6
1427619699.29,1427619699.93,B,8,6
1427619699.33,1427619699.97,A,12,6
1427619699.33,1427619699.97,B,6,6
1427619699.37,1427619700.01,A,12,6
1427619699.37,1427619700.01,B,7,6
1427619699.41,1427619700.05,A,14,6
1427619699.41,1427619700.05,B,7,6
1427619699.45,1427619700.09,A,9,5
1427619699.45,1427619700.09,B,11,5
1427619699.49,1427619700.13,A,9,5
1427619699.49,1427619700.13,B,12,5
1427619699.53,1427619700.17,A,7,4
1427619699.53,1427619700.17,B,13,4
1427619699.57,1427619700.21,A,6,4
1427619699.57,1427619700.21,B,10,4
1427619699.61,1427619700.25,A,3,4
1427619699.61,1427619700.25,B,10,4
1427619699.65,1427619700.29,A,2,5
1427619699.65,1427619700.29,B,9,5
1427619699.69,1427619700.33,A,0,5
1427619699.69,1427619700.33,B,8,5
1427619699.73,1427619700.37,A,1,5
1427619699.73,1427619700.37,B,9,5
1427619699.77,1427619700.41,A,2,5
1427619699.77,1427619700.41,B,10,5
1427619699.81,1427619700.45,A,3,5
1427619699.81,1427619700.45,B,9,5
1427619699.85,1427619700.49,A,4,5
1427619699.85,1427619700.49,B,7,5
1427619699.89,1427619700.53,A,7,5
1427619699.89,1427619700.53,B,4,5
1427619699.93,1427619700.57,A,6,4
1427619699.93,1427619700.57,B,3,4
1427619699.97,1427619700.61,A,6,4
1427619699.97,1427619700.61,B,2,4
1427619700.01,1427619700.65,A,5,4
1427619700.01,1427619700.65,B,2,4
1427619700.05,1427619700.69,A,5,4
1427619700.05,1427619700.69,B,3,4
1427619700.09,1427619700.73,A,6,4
1427619700.09,1427619700.73,B,4,4
1427619700.13,1427619700.77,A,8,4
1427619700.13,1427619700.77,B,5,4
1427619700.17,1427619700.81,A,8,4
1427619700.17,1427619700.81,B,6,4
1427619700.21,1427619700.85,A,10,4
1427619700.21,1427619700.85,B,5,4
1427619700.25,1427619700.89,A,9,4
1427619700.25,1427619700.89,B,5,4
1427619700.29,1427619700.93,A,9,4
1427619700.29,1427619700.93,B,5,4
1427619700.33,1427619700.97,A,7,4
1427619700.33,1427619700.97,B,3,4
1427619700.37,1427619701.01,A,6,3
1427619700.37,1427619701.01,B,3,3
1427619700.41,1427619701.05,A,4,3
1427619700.41,1427619701.05,B,3,3
1427619700.45,1427619701.09,A,3,3
1427619700.45,1427619701.09,B,2,3
1427619700.49,1427619701.13,A,3,3
1427619700.49,1427619701.13,B,3,3
1427619700.53,1427619701.17,A,2,3
1427619700.53,1427619701.17,B,4,3
1427619700.57,1427619701.21,A,2,3
1427619700.57,1427619701.21,B,4,3
1427619700.61,1427619701.25,A,3,3
1427619700.61,1427619701.25,B,5,3
1427619700.65,1427619701.29,A,3,4
1427619700.65,1427619701.29,B,5,4
1427619700.69,1427619701.33,A,4,4
1427619700.69,1427619701.33,B,5,4
1427619700.73,1427619701.37,A,4,4
1427619700.73,1427619701.37,B,6,4
1427619700.77,1427619701.41,A,3,4
1427619700.77,1427619701.41,B,6,4
1427619700.81,1427619701.45,A,3,3
1427619700.81,1427619701.45,B,5,3
1427619700.85,1427619701.49,A,3,3
1427619700.85,1427619701.49,B,5,3
1427619700.89,1427619701.53,A,2,3
1427619700.89,1427619701.53,B,4,3
1427619700.93,1427619701.57,A,2,3
1427619700.93,1427619701.57,B,3,3
1427619700.97,1427619701.61,A,5,3
1427619700.97,1427619701.61,B,5,3
1427619701.01,1427619701.65,A,5,3
1427619701.01,1427619701.65,B,5,3
1427619701.05,1427619701.69,A,5,3
1427619701.05,1427619701.69,B,5,3
1427619701.09,1427619701.73,A,5,3
1427619701.09,1427619701.73,B,5,3
1427619701.13,1427619701.77,A,5,3
1427619701.13,1427619701.77,B,4,3
1427619701.17,1427619701.81,A,4,3
1427619701.17,1427619701.81,B,3,3
1427619701.21,1427619701.85,A,3,3
1427619701.21,1427619701.85,B,4,3
1427619701.25,1427619701.89,A,4,2
1427619701.25,1427619701.89,B,4,2
1427619701.29,1427619701.93,A,2,2
1427619701.29,1427619701.93,B,2,2
1427619701.33,1427619701.97,A,3,2
1427619701.33,1427619701.97,B,2,2
1427619701.37,1427619702.01,A,4,3
1427619701.37,1427619702.01,B,3,3
1427619701.41,1427619702.05,A,7,3
1427619701.41,1427619702.05,B,6,3
1427619701.45,1427619702.09,A,5,3
1427619701.45,1427619702.09,B,8,3
1427619701.49,1427619702.13,A,6,3
1427619701.49,1427619702.13,B,8,3
1427619701.53,1427619702.17,A,4,3
1427619701.53,1427619702.17,B,10,3
1427619701.57,1427619702.21,A,4,3
1427619701.57,1427619702.21,B,9,3
1427619701.61,1427619702.25,A,4,3
1427619701.61,1427619702.25,B,9,3
