#targetfile:$(projectRoot)/result/result/100cm/waist-side/hasc-20150329-180201-mag-pca.csv-lowpass.csv
1427619744.62,1427619745.26,A,10,3
1427619744.66,1427619745.3,A,9,3
1427619744.7,1427619745.34,A,9,3
1427619744.74,1427619745.38,A,9,3
1427619744.78,1427619745.42,A,7,3
1427619744.82,1427619745.46,A,6,3
1427619744.86,1427619745.5,A,6,2
1427619744.9,1427619745.54,A,7,2
1427619744.94,1427619745.58,A,7,2
1427619744.98,1427619745.62,A,11,3
1427619745.02,1427619745.66,A,10,3
1427619745.06,1427619745.7,A,12,3
1427619745.1,1427619745.74,A,11,3
1427619745.14,1427619745.78,A,13,4
1427619745.18,1427619745.82,A,11,4
1427619745.22,1427619745.86,A,10,3
1427619745.26,1427619745.9,A,8,3
1427619745.3,1427619745.94,A,8,3
1427619745.34,1427619745.98,A,8,3
1427619745.38,1427619746.02,A,11,4
1427619745.42,1427619746.06,A,10,5
1427619745.46,1427619746.1,A,11,5
1427619745.5,1427619746.14,A,10,5
1427619745.54,1427619746.18,A,11,5
1427619745.58,1427619746.22,A,9,5
1427619745.62,1427619746.26,A,10,4
1427619745.66,1427619746.3,A,8,5
1427619745.7,1427619746.34,A,6,5
1427619745.74,1427619746.38,A,7,5
1427619745.78,1427619746.42,A,5,5
1427619745.82,1427619746.46,A,6,5
1427619745.86,1427619746.5,A,6,5
1427619745.9,1427619746.54,A,7,5
1427619745.94,1427619746.58,A,7,5
1427619745.98,1427619746.62,A,9,6
1427619746.02,1427619746.66,A,12,5
1427619746.06,1427619746.7,A,11,4
1427619746.1,1427619746.74,A,11,5
1427619746.14,1427619746.78,A,8,5
1427619746.18,1427619746.82,A,8,5
1427619746.22,1427619746.86,A,7,5
1427619746.26,1427619746.9,A,9,5
1427619746.3,1427619746.94,A,9,5
1427619746.34,1427619746.98,A,8,5
1427619746.38,1427619747.02,A,9,5
1427619746.42,1427619747.06,A,9,5
1427619746.46,1427619747.1,A,9,5
1427619746.5,1427619747.14,A,8,5
1427619746.54,1427619747.18,A,7,5
1427619746.58,1427619747.22,A,10,5
1427619746.62,1427619747.26,A,7,5
1427619746.66,1427619747.3,A,6,4
1427619746.7,1427619747.34,A,5,4
1427619746.74,1427619747.38,A,6,5
1427619746.78,1427619747.42,A,7,4
1427619746.82,1427619747.46,A,7,5
1427619746.86,1427619747.5,A,7,5
1427619746.9,1427619747.54,A,7,5
1427619746.94,1427619747.58,A,6,5
1427619746.98,1427619747.62,A,8,5
1427619747.02,1427619747.66,A,6,4
1427619747.06,1427619747.7,A,6,5
1427619747.1,1427619747.74,A,3,4
1427619747.14,1427619747.78,A,3,5
1427619747.18,1427619747.82,A,6,5
1427619747.22,1427619747.86,A,6,5
1427619747.26,1427619747.9,A,7,5
1427619747.3,1427619747.94,A,7,5
1427619747.34,1427619747.98,A,8,5
1427619747.38,1427619748.02,A,8,5
1427619747.42,1427619748.06,A,8,5
1427619747.46,1427619748.1,A,8,5
1427619747.5,1427619748.14,A,6,5
1427619747.54,1427619748.18,A,7,5
1427619747.58,1427619748.22,A,7,5
1427619747.62,1427619748.26,A,7,5
1427619747.66,1427619748.3,A,9,5
1427619747.7,1427619748.34,A,9,5
1427619747.74,1427619748.38,A,10,5
1427619747.78,1427619748.42,A,10,5
1427619747.82,1427619748.46,A,9,5
1427619747.86,1427619748.5,A,12,6
1427619747.9,1427619748.54,A,11,6
1427619747.94,1427619748.58,A,14,6
1427619747.98,1427619748.62,A,12,6
1427619748.02,1427619748.66,A,12,6
1427619748.06,1427619748.7,A,16,6
1427619748.1,1427619748.74,A,17,6
1427619748.14,1427619748.78,A,18,6
1427619748.18,1427619748.82,A,23,7
1427619748.22,1427619748.86,A,22,7
1427619748.26,1427619748.9,A,24,8
1427619748.3,1427619748.94,A,28,9
1427619748.34,1427619748.98,A,29,9
1427619748.38,1427619749.02,A,31,9
1427619748.42,1427619749.06,A,30,9
1427619748.46,1427619749.1,A,29,9
1427619748.5,1427619749.14,A,28,8
1427619748.54,1427619749.18,A,29,8
1427619748.58,1427619749.22,A,32,9
1427619748.62,1427619749.26,A,36,9
1427619748.66,1427619749.3,A,39,8
1427619748.7,1427619749.34,A,37,9
1427619748.74,1427619749.38,A,37,8
1427619748.78,1427619749.42,A,37,8
1427619748.82,1427619749.46,A,35,8
1427619748.86,1427619749.5,A,36,8
1427619748.9,1427619749.54,A,37,8
1427619748.94,1427619749.58,A,35,7
1427619748.98,1427619749.62,A,34,7
1427619749.02,1427619749.66,A,34,7
1427619749.06,1427619749.7,A,35,8
1427619749.1,1427619749.74,A,33,9
1427619749.14,1427619749.78,A,31,9
1427619749.18,1427619749.82,A,32,9
1427619749.22,1427619749.86,A,32,9
1427619749.26,1427619749.9,A,31,8
1427619749.3,1427619749.94,A,37,10
1427619749.34,1427619749.98,A,36,11
1427619749.38,1427619750.02,A,41,12
1427619749.42,1427619750.06,A,46,12
1427619749.46,1427619750.1,A,47,13
1427619749.5,1427619750.14,A,47,12
1427619749.54,1427619750.18,A,45,12
1427619749.58,1427619750.22,A,49,12
1427619749.62,1427619750.26,A,52,12
1427619749.66,1427619750.3,A,54,14
1427619749.7,1427619750.34,A,60,14
1427619749.74,1427619750.38,A,56,15
1427619749.78,1427619750.42,A,66,16
1427619749.82,1427619750.46,A,57,18
1427619749.86,1427619750.5,A,59,17
1427619749.9,1427619750.54,A,54,18
1427619749.94,1427619750.58,A,52,17
1427619749.98,1427619750.62,A,54,16
1427619750.02,1427619750.66,A,53,17
1427619750.06,1427619750.7,A,59,15
1427619750.1,1427619750.74,A,60,16
1427619750.14,1427619750.78,A,59,18
1427619750.18,1427619750.82,A,64,18
1427619750.18,1427619750.82,B,20,18
1427619750.22,1427619750.86,A,56,19
1427619750.22,1427619750.86,B,22,19
1427619750.26,1427619750.9,A,60,19
1427619750.26,1427619750.9,B,14,19
1427619750.3,1427619750.94,A,52,18
1427619750.3,1427619750.94,B,13,18
1427619750.34,1427619750.98,A,54,18
1427619750.34,1427619750.98,B,14,18
1427619750.38,1427619751.02,A,55,18
1427619750.38,1427619751.02,B,13,18
1427619750.42,1427619751.06,A,53,18
1427619750.42,1427619751.06,B,12,18
1427619750.46,1427619751.1,A,57,18
1427619750.46,1427619751.1,B,14,18
1427619750.5,1427619751.14,A,53,18
1427619750.5,1427619751.14,B,18,18
1427619750.54,1427619751.18,A,57,18
1427619750.54,1427619751.18,B,12,18
1427619750.58,1427619751.22,A,61,18
1427619750.58,1427619751.22,B,11,18
1427619750.62,1427619751.26,A,59,18
1427619750.62,1427619751.26,B,14,18
1427619750.66,1427619751.3,A,65,18
1427619750.66,1427619751.3,B,18,18
1427619750.7,1427619751.34,A,61,17
1427619750.7,1427619751.34,B,23,17
1427619750.74,1427619751.38,A,64,15
1427619750.74,1427619751.38,B,18,15
1427619750.78,1427619751.42,A,59,15
1427619750.78,1427619751.42,B,18,15
1427619750.82,1427619751.46,A,57,14
1427619750.82,1427619751.46,B,16,14
1427619750.86,1427619751.5,A,56,14
1427619750.86,1427619751.5,B,16,14
1427619750.9,1427619751.54,A,56,13
1427619750.9,1427619751.54,B,15,13
1427619750.94,1427619751.58,A,57,13
1427619750.94,1427619751.58,B,15,13
1427619750.98,1427619751.62,A,60,14
1427619750.98,1427619751.62,B,12,14
1427619751.02,1427619751.66,A,55,14
1427619751.02,1427619751.66,B,8,14
1427619751.06,1427619751.7,A,54,14
1427619751.06,1427619751.7,B,10,14
1427619751.1,1427619751.74,A,42,12
1427619751.1,1427619751.74,B,12,12
1427619751.14,1427619751.78,A,41,11
1427619751.14,1427619751.78,B,13,11
1427619751.18,1427619751.82,A,37,12
1427619751.18,1427619751.82,B,10,12
1427619751.22,1427619751.86,A,39,11
1427619751.22,1427619751.86,B,11,11
1427619751.26,1427619751.9,A,40,11
1427619751.26,1427619751.9,B,12,11
1427619751.3,1427619751.94,A,40,11
1427619751.3,1427619751.94,B,13,11
1427619751.34,1427619751.98,A,36,11
1427619751.34,1427619751.98,B,15,11
1427619751.38,1427619752.02,A,35,11
1427619751.38,1427619752.02,B,15,11
1427619751.42,1427619752.06,A,27,10
1427619751.42,1427619752.06,B,11,10
1427619751.46,1427619752.1,A,26,9
1427619751.46,1427619752.1,B,7,9
1427619751.5,1427619752.14,A,15,8
1427619751.5,1427619752.14,B,8,8
1427619751.54,1427619752.18,A,14,8
1427619751.54,1427619752.18,B,11,8
1427619751.58,1427619752.22,A,14,8
1427619751.58,1427619752.22,B,13,8
1427619751.62,1427619752.26,A,14,8
1427619751.62,1427619752.26,B,13,8
1427619751.66,1427619752.3,A,13,8
1427619751.66,1427619752.3,B,15,8
1427619751.7,1427619752.34,A,14,8
1427619751.7,1427619752.34,B,16,8
1427619751.74,1427619752.38,A,10,7
1427619751.74,1427619752.38,B,20,7
1427619751.78,1427619752.42,A,11,7
1427619751.78,1427619752.42,B,18,7
1427619751.82,1427619752.46,A,6,7
1427619751.82,1427619752.46,B,17,7
1427619751.86,1427619752.5,A,5,6
1427619751.86,1427619752.5,B,14,6
1427619751.9,1427619752.54,A,0,5
1427619751.9,1427619752.54,B,10,5
1427619751.94,1427619752.58,A,1,5
1427619751.94,1427619752.58,B,10,5
1427619751.98,1427619752.62,A,3,6
1427619751.98,1427619752.62,B,8,6
1427619752.02,1427619752.66,A,6,5
1427619752.02,1427619752.66,B,5,5
1427619752.06,1427619752.7,A,6,5
1427619752.06,1427619752.7,B,5,5
1427619752.1,1427619752.74,A,7,5
1427619752.1,1427619752.74,B,6,5
1427619752.14,1427619752.78,A,8,5
1427619752.14,1427619752.78,B,7,5
1427619752.18,1427619752.82,A,9,5
1427619752.18,1427619752.82,B,7,5
1427619752.22,1427619752.86,A,4,5
1427619752.22,1427619752.86,B,11,5
1427619752.26,1427619752.9,A,2,5
1427619752.26,1427619752.9,B,13,5
1427619752.3,1427619752.94,A,4,5
1427619752.3,1427619752.94,B,14,5
1427619752.34,1427619752.98,A,5,5
1427619752.34,1427619752.98,B,14,5
1427619752.38,1427619753.02,A,9,5
1427619752.38,1427619753.02,B,13,5
1427619752.42,1427619753.06,A,9,5
1427619752.42,1427619753.06,B,12,5
1427619752.46,1427619753.1,A,10,5
1427619752.46,1427619753.1,B,10,5
1427619752.5,1427619753.14,A,7,5
1427619752.5,1427619753.14,B,7,5
1427619752.54,1427619753.18,A,6,5
1427619752.54,1427619753.18,B,6,5
1427619752.58,1427619753.22,A,3,4
1427619752.58,1427619753.22,B,5,4
1427619752.62,1427619753.26,A,4,4
1427619752.62,1427619753.26,B,4,4
1427619752.66,1427619753.3,A,4,4
1427619752.66,1427619753.3,B,5,4
1427619752.7,1427619753.34,A,3,4
1427619752.7,1427619753.34,B,5,4
1427619752.74,1427619753.38,A,4,4
1427619752.74,1427619753.38,B,5,4
1427619752.78,1427619753.42,A,4,4
1427619752.78,1427619753.42,B,4,4
1427619752.82,1427619753.46,A,6,4
1427619752.82,1427619753.46,B,3,4
1427619752.86,1427619753.5,A,5,4
1427619752.86,1427619753.5,B,2,4
1427619752.9,1427619753.54,A,4,3
1427619752.9,1427619753.54,B,3,3
1427619752.94,1427619753.58,A,1,3
1427619752.94,1427619753.58,B,4,3
1427619752.98,1427619753.62,A,3,3
1427619752.98,1427619753.62,B,7,3
1427619753.02,1427619753.66,A,4,3
1427619753.02,1427619753.66,B,6,3
1427619753.06,1427619753.7,A,7,3
1427619753.06,1427619753.7,B,5,3
1427619753.1,1427619753.74,A,8,4
1427619753.1,1427619753.74,B,5,4
1427619753.14,1427619753.78,A,10,4
1427619753.14,1427619753.78,B,6,4
1427619753.18,1427619753.82,A,8,5
1427619753.18,1427619753.82,B,7,5
1427619753.22,1427619753.86,A,8,5
1427619753.22,1427619753.86,B,7,5
1427619753.26,1427619753.9,A,6,5
1427619753.26,1427619753.9,B,9,5
1427619753.3,1427619753.94,A,8,5
1427619753.3,1427619753.94,B,9,5
1427619753.34,1427619753.98,A,10,6
1427619753.34,1427619753.98,B,11,6
1427619753.38,1427619754.02,A,13,6
1427619753.38,1427619754.02,B,11,6
1427619753.42,1427619754.06,A,13,6
1427619753.42,1427619754.06,B,13,6
1427619753.46,1427619754.1,A,14,6
1427619753.46,1427619754.1,B,11,6
1427619753.5,1427619754.14,A,13,6
1427619753.5,1427619754.14,B,10,6
1427619753.54,1427619754.18,A,13,6
1427619753.54,1427619754.18,B,10,6
1427619753.58,1427619754.22,A,12,6
1427619753.58,1427619754.22,B,10,6
1427619753.62,1427619754.26,A,12,6
1427619753.62,1427619754.26,B,9,6
1427619753.66,1427619754.3,A,11,6
1427619753.66,1427619754.3,B,10,6
1427619753.7,1427619754.34,A,13,6
1427619753.7,1427619754.34,B,10,6
1427619753.74,1427619754.38,A,12,6
1427619753.74,1427619754.38,B,11,6
1427619753.78,1427619754.42,A,14,6
1427619753.78,1427619754.42,B,12,6
1427619753.82,1427619754.46,A,15,6
1427619753.82,1427619754.46,B,11,6
1427619753.86,1427619754.5,A,16,6
1427619753.86,1427619754.5,B,11,6
1427619753.9,1427619754.54,A,15,6
1427619753.9,1427619754.54,B,12,6
1427619753.94,1427619754.58,A,15,6
1427619753.94,1427619754.58,B,12,6
1427619753.98,1427619754.62,A,13,5
1427619753.98,1427619754.62,B,11,5
1427619754.02,1427619754.66,A,12,5
1427619754.02,1427619754.66,B,10,5
1427619754.06,1427619754.7,A,11,5
1427619754.06,1427619754.7,B,8,5
1427619754.1,1427619754.74,A,11,5
1427619754.1,1427619754.74,B,8,5
1427619754.14,1427619754.78,A,13,5
1427619754.14,1427619754.78,B,8,5
1427619754.18,1427619754.82,A,15,5
1427619754.18,1427619754.82,B,9,5
1427619754.22,1427619754.86,A,12,6
1427619754.22,1427619754.86,B,11,6
