#targetfile:$(projectRoot)/result/result/100cm/waist-side/hasc-20150329-180308-mag-pca.csv-lowpass.csv
1427619795.33,1427619795.97,B,15,6
1427619795.37,1427619796.01,B,15,6
1427619795.41,1427619796.05,B,13,6
1427619795.45,1427619796.09,B,10,6
1427619795.49,1427619796.13,A,10,6
1427619795.49,1427619796.13,B,8,6
1427619795.53,1427619796.17,A,10,6
1427619795.53,1427619796.17,B,6,6
1427619795.57,1427619796.21,A,9,6
1427619795.57,1427619796.21,B,6,6
1427619795.61,1427619796.25,A,7,6
1427619795.61,1427619796.25,B,4,6
1427619795.65,1427619796.29,A,8,5
1427619795.65,1427619796.29,B,4,5
1427619795.69,1427619796.33,A,8,5
1427619795.69,1427619796.33,B,2,5
1427619795.73,1427619796.37,A,5,5
1427619795.73,1427619796.37,B,5,5
1427619795.77,1427619796.41,A,4,5
1427619795.77,1427619796.41,B,9,5
1427619795.81,1427619796.45,A,5,5
1427619795.81,1427619796.45,B,11,5
1427619795.85,1427619796.49,A,3,4
1427619795.85,1427619796.49,B,9,4
1427619795.89,1427619796.53,A,5,4
1427619795.89,1427619796.53,B,8,4
1427619795.93,1427619796.57,A,4,4
1427619795.93,1427619796.57,B,7,4
1427619795.97,1427619796.61,A,4,4
1427619795.97,1427619796.61,B,6,4
1427619796.01,1427619796.65,A,2,3
1427619796.01,1427619796.65,B,6,3
1427619796.05,1427619796.69,A,2,3
1427619796.05,1427619796.69,B,6,3
1427619796.09,1427619796.73,A,1,3
1427619796.09,1427619796.73,B,5,3
1427619796.13,1427619796.77,A,1,3
1427619796.13,1427619796.77,B,5,3
1427619796.17,1427619796.81,A,2,3
1427619796.17,1427619796.81,B,5,3
1427619796.21,1427619796.85,A,3,4
1427619796.21,1427619796.85,B,6,4
1427619796.25,1427619796.89,A,2,4
1427619796.25,1427619796.89,B,6,4
1427619796.29,1427619796.93,A,5,4
1427619796.29,1427619796.93,B,4,4
1427619796.33,1427619796.97,A,4,4
1427619796.33,1427619796.97,B,2,4
1427619796.37,1427619797.01,A,3,4
1427619796.37,1427619797.01,B,3,4
1427619796.41,1427619797.05,A,3,4
1427619796.41,1427619797.05,B,4,4
1427619796.45,1427619797.09,A,3,4
1427619796.45,1427619797.09,B,4,4
1427619796.49,1427619797.13,A,4,4
1427619796.49,1427619797.13,B,5,4
1427619796.53,1427619797.17,A,4,4
1427619796.53,1427619797.17,B,6,4
1427619796.57,1427619797.21,A,4,4
1427619796.57,1427619797.21,B,6,4
1427619796.61,1427619797.25,A,4,4
1427619796.61,1427619797.25,B,7,4
1427619796.65,1427619797.29,A,4,4
1427619796.65,1427619797.29,B,8,4
1427619796.69,1427619797.33,A,6,4
1427619796.69,1427619797.33,B,8,4
1427619796.73,1427619797.37,A,6,4
1427619796.73,1427619797.37,B,8,4
1427619796.77,1427619797.41,A,7,4
1427619796.77,1427619797.41,B,7,4
1427619796.81,1427619797.45,A,7,4
1427619796.81,1427619797.45,B,7,4
1427619796.85,1427619797.49,A,7,3
1427619796.85,1427619797.49,B,7,3
1427619796.89,1427619797.53,A,6,4
1427619796.89,1427619797.53,B,8,4
1427619796.93,1427619797.57,A,5,3
1427619796.93,1427619797.57,B,8,3
1427619796.97,1427619797.61,A,4,3
1427619796.97,1427619797.61,B,7,3
1427619797.01,1427619797.65,A,5,3
1427619797.01,1427619797.65,B,7,3
1427619797.05,1427619797.69,A,5,3
1427619797.05,1427619797.69,B,8,3
1427619797.09,1427619797.73,A,3,3
1427619797.09,1427619797.73,B,9,3
1427619797.13,1427619797.77,A,2,3
1427619797.13,1427619797.77,B,8,3
1427619797.17,1427619797.81,A,3,3
1427619797.17,1427619797.81,B,9,3
1427619797.21,1427619797.85,A,1,3
1427619797.21,1427619797.85,B,10,3
1427619797.25,1427619797.89,A,1,3
1427619797.25,1427619797.89,B,11,3
1427619797.29,1427619797.93,A,1,3
1427619797.29,1427619797.93,B,10,3
1427619797.33,1427619797.97,A,1,3
1427619797.33,1427619797.97,B,9,3
1427619797.37,1427619798.01,A,1,3
1427619797.37,1427619798.01,B,9,3
1427619797.41,1427619798.05,A,1,3
1427619797.41,1427619798.05,B,9,3
1427619797.45,1427619798.09,A,0,3
1427619797.45,1427619798.09,B,10,3
1427619797.49,1427619798.13,A,1,3
1427619797.49,1427619798.13,B,11,3
1427619797.53,1427619798.17,A,2,3
1427619797.53,1427619798.17,B,11,3
1427619797.57,1427619798.21,A,3,3
1427619797.57,1427619798.21,B,10,3
1427619797.61,1427619798.25,A,4,3
1427619797.61,1427619798.25,B,8,3
1427619797.65,1427619798.29,A,3,3
1427619797.65,1427619798.29,B,7,3
1427619797.69,1427619798.33,A,3,3
1427619797.69,1427619798.33,B,7,3
1427619797.73,1427619798.37,A,3,3
1427619797.73,1427619798.37,B,7,3
1427619797.77,1427619798.41,A,2,3
1427619797.77,1427619798.41,B,7,3
1427619797.81,1427619798.45,A,1,2
1427619797.81,1427619798.45,B,6,2
1427619797.85,1427619798.49,A,3,2
1427619797.85,1427619798.49,B,4,2
1427619797.89,1427619798.53,A,4,2
1427619797.89,1427619798.53,B,3,2
1427619797.93,1427619798.57,A,6,3
1427619797.93,1427619798.57,B,5,3
1427619797.97,1427619798.61,A,6,3
1427619797.97,1427619798.61,B,6,3
1427619798.01,1427619798.65,A,6,3
1427619798.01,1427619798.65,B,6,3
1427619798.05,1427619798.69,A,6,3
1427619798.05,1427619798.69,B,5,3
1427619798.09,1427619798.73,A,6,3
1427619798.09,1427619798.73,B,4,3
1427619798.13,1427619798.77,A,5,3
1427619798.13,1427619798.77,B,3,3
1427619798.17,1427619798.81,A,5,3
1427619798.17,1427619798.81,B,2,3
1427619798.21,1427619798.85,A,6,3
1427619798.21,1427619798.85,B,3,3
1427619798.25,1427619798.89,A,6,3
1427619798.25,1427619798.89,B,3,3
1427619798.29,1427619798.93,A,6,3
1427619798.29,1427619798.93,B,2,3
1427619798.33,1427619798.97,A,5,4
1427619798.33,1427619798.97,B,4,4
1427619798.37,1427619799.01,A,6,4
1427619798.37,1427619799.01,B,6,4
1427619798.41,1427619799.05,A,8,4
1427619798.41,1427619799.05,B,8,4
1427619798.45,1427619799.09,A,6,5
1427619798.45,1427619799.09,B,10,5
1427619798.49,1427619799.13,A,7,5
1427619798.49,1427619799.13,B,9,5
1427619798.53,1427619799.17,A,6,5
1427619798.53,1427619799.17,B,8,5
1427619798.57,1427619799.21,A,5,4
1427619798.57,1427619799.21,B,8,4
1427619798.61,1427619799.25,A,2,4
1427619798.61,1427619799.25,B,9,4
1427619798.65,1427619799.29,A,2,4
1427619798.65,1427619799.29,B,10,4
1427619798.69,1427619799.33,A,2,4
1427619798.69,1427619799.33,B,10,4
1427619798.73,1427619799.37,A,1,4
1427619798.73,1427619799.37,B,11,4
1427619798.77,1427619799.41,A,0,4
1427619798.77,1427619799.41,B,12,4
1427619798.81,1427619799.45,A,2,4
1427619798.81,1427619799.45,B,11,4
1427619798.85,1427619799.49,A,2,4
1427619798.85,1427619799.49,B,8,4
1427619798.89,1427619799.53,A,1,4
1427619798.89,1427619799.53,B,7,4
1427619798.93,1427619799.57,A,1,4
1427619798.93,1427619799.57,B,7,4
1427619798.97,1427619799.61,A,2,4
1427619798.97,1427619799.61,B,6,4
1427619799.01,1427619799.65,A,3,4
1427619799.01,1427619799.65,B,6,4
1427619799.05,1427619799.69,A,3,4
1427619799.05,1427619799.69,B,6,4
1427619799.09,1427619799.73,A,4,4
1427619799.09,1427619799.73,B,6,4
1427619799.13,1427619799.77,A,7,4
1427619799.13,1427619799.77,B,9,4
1427619799.17,1427619799.81,A,7,4
1427619799.17,1427619799.81,B,10,4
1427619799.21,1427619799.85,A,9,4
1427619799.21,1427619799.85,B,9,4
1427619799.25,1427619799.89,A,9,4
1427619799.25,1427619799.89,B,9,4
1427619799.29,1427619799.93,A,10,4
1427619799.29,1427619799.93,B,8,4
1427619799.33,1427619799.97,A,8,4
1427619799.33,1427619799.97,B,5,4
1427619799.37,1427619800.01,A,6,5
1427619799.37,1427619800.01,B,8,5
1427619799.41,1427619800.05,A,4,5
1427619799.41,1427619800.05,B,10,5
1427619799.45,1427619800.09,A,7,5
1427619799.45,1427619800.09,B,12,5
1427619799.49,1427619800.13,A,7,6
1427619799.49,1427619800.13,B,11,6
1427619799.53,1427619800.17,A,11,5
1427619799.53,1427619800.17,B,8,5
1427619799.57,1427619800.21,A,9,5
1427619799.57,1427619800.21,B,6,5
1427619799.61,1427619800.25,A,10,5
1427619799.61,1427619800.25,B,6,5
1427619799.65,1427619800.29,A,10,5
1427619799.65,1427619800.29,B,6,5
1427619799.69,1427619800.33,A,10,5
1427619799.69,1427619800.33,B,6,5
1427619799.73,1427619800.37,A,11,5
1427619799.73,1427619800.37,B,7,5
1427619799.77,1427619800.41,A,10,5
1427619799.77,1427619800.41,B,9,5
1427619799.81,1427619800.45,A,11,5
1427619799.81,1427619800.45,B,7,5
1427619799.85,1427619800.49,A,11,5
1427619799.85,1427619800.49,B,8,5
1427619799.89,1427619800.53,A,11,5
1427619799.89,1427619800.53,B,9,5
1427619799.93,1427619800.57,A,14,6
1427619799.93,1427619800.57,B,11,6
1427619799.97,1427619800.61,A,14,6
1427619799.97,1427619800.61,B,12,6
1427619800.01,1427619800.65,A,16,6
1427619800.01,1427619800.65,B,11,6
1427619800.05,1427619800.69,A,16,6
1427619800.05,1427619800.69,B,11,6
1427619800.09,1427619800.73,A,16,5
1427619800.09,1427619800.73,B,9,5
1427619800.13,1427619800.77,A,15,5
1427619800.13,1427619800.77,B,9,5
1427619800.17,1427619800.81,A,13,5
1427619800.17,1427619800.81,B,9,5
1427619800.21,1427619800.85,A,13,5
1427619800.21,1427619800.85,B,10,5
1427619800.25,1427619800.89,A,10,5
1427619800.25,1427619800.89,B,13,5
1427619800.29,1427619800.93,A,11,6
1427619800.29,1427619800.93,B,12,6
1427619800.33,1427619800.97,A,7,6
1427619800.33,1427619800.97,B,12,6
1427619800.37,1427619801.01,A,7,6
1427619800.37,1427619801.01,B,10,6
1427619800.41,1427619801.05,A,5,6
1427619800.41,1427619801.05,B,9,6
1427619800.45,1427619801.09,A,5,5
1427619800.45,1427619801.09,B,8,5
1427619800.49,1427619801.13,A,5,5
1427619800.49,1427619801.13,B,8,5
1427619800.53,1427619801.17,A,5,6
1427619800.53,1427619801.17,B,9,6
1427619800.57,1427619801.21,A,7,5
1427619800.57,1427619801.21,B,7,5
1427619800.61,1427619801.25,A,6,5
1427619800.61,1427619801.25,B,6,5
1427619800.65,1427619801.29,A,8,5
1427619800.65,1427619801.29,B,6,5
1427619800.69,1427619801.33,A,8,5
1427619800.69,1427619801.33,B,6,5
1427619800.73,1427619801.37,A,11,6
1427619800.73,1427619801.37,B,10,6
1427619800.77,1427619801.41,A,12,7
1427619800.77,1427619801.41,B,9,7
1427619800.81,1427619801.45,A,12,6
1427619800.81,1427619801.45,B,10,6
1427619800.85,1427619801.49,A,14,6
1427619800.85,1427619801.49,B,8,6
1427619800.89,1427619801.53,A,15,7
1427619800.89,1427619801.53,B,8,7
1427619800.93,1427619801.57,A,17,6
1427619800.93,1427619801.57,B,8,6
1427619800.97,1427619801.61,A,17,6
1427619800.97,1427619801.61,B,8,6
1427619801.01,1427619801.65,A,18,7
1427619801.01,1427619801.65,B,9,7
1427619801.05,1427619801.69,A,19,7
1427619801.05,1427619801.69,B,10,7
1427619801.09,1427619801.73,A,23,7
1427619801.09,1427619801.73,B,8,7
1427619801.13,1427619801.77,A,24,8
1427619801.13,1427619801.77,B,10,8
1427619801.17,1427619801.81,A,27,8
1427619801.17,1427619801.81,B,12,8
1427619801.21,1427619801.85,A,29,8
1427619801.21,1427619801.85,B,10,8
1427619801.25,1427619801.89,A,29,8
1427619801.25,1427619801.89,B,10,8
1427619801.29,1427619801.93,A,32,8
1427619801.29,1427619801.93,B,10,8
1427619801.33,1427619801.97,A,32,7
1427619801.33,1427619801.97,B,10,7
1427619801.37,1427619802.01,A,29,6
1427619801.37,1427619802.01,B,7,6
1427619801.41,1427619802.05,A,33,6
1427619801.41,1427619802.05,B,4,6
1427619801.45,1427619802.09,A,34,7
1427619801.45,1427619802.09,B,5,7
1427619801.49,1427619802.13,A,33,7
1427619801.49,1427619802.13,B,5,7
1427619801.53,1427619802.17,A,31,7
1427619801.53,1427619802.17,B,6,7
1427619801.57,1427619802.21,A,31,7
1427619801.57,1427619802.21,B,8,7
1427619801.61,1427619802.25,A,29,7
1427619801.61,1427619802.25,B,6,7
1427619801.65,1427619802.29,A,29,8
1427619801.65,1427619802.29,B,3,8
1427619801.69,1427619802.33,A,31,9
1427619801.69,1427619802.33,B,4,9
1427619801.73,1427619802.37,A,35,9
1427619801.73,1427619802.37,B,6,9
1427619801.77,1427619802.41,A,35,10
1427619801.77,1427619802.41,B,8,10
1427619801.81,1427619802.45,A,35,10
1427619801.81,1427619802.45,B,8,10
1427619801.85,1427619802.49,A,35,10
1427619801.85,1427619802.49,B,9,10
1427619801.89,1427619802.53,A,33,10
1427619801.89,1427619802.53,B,11,10
1427619801.93,1427619802.57,A,35,11
1427619801.93,1427619802.57,B,12,11
1427619801.97,1427619802.61,A,38,11
1427619801.97,1427619802.61,B,10,11
1427619802.01,1427619802.65,A,42,11
1427619802.01,1427619802.65,B,11,11
1427619802.05,1427619802.69,A,46,11
1427619802.05,1427619802.69,B,9,11
1427619802.09,1427619802.73,A,46,11
1427619802.09,1427619802.73,B,9,11
1427619802.13,1427619802.77,A,48,11
1427619802.13,1427619802.77,B,7,11
1427619802.17,1427619802.81,A,48,11
1427619802.17,1427619802.81,B,7,11
1427619802.21,1427619802.85,A,48,11
1427619802.21,1427619802.85,B,7,11
1427619802.25,1427619802.89,A,53,11
1427619802.25,1427619802.89,B,4,11
1427619802.29,1427619802.93,A,55,11
1427619802.29,1427619802.93,B,4,11
1427619802.33,1427619802.97,A,59,12
1427619802.33,1427619802.97,B,5,12
1427619802.37,1427619803.01,A,57,13
1427619802.37,1427619803.01,B,8,13
1427619802.41,1427619803.05,A,57,13
1427619802.41,1427619803.05,B,10,13
1427619802.45,1427619803.09,A,56,13
1427619802.45,1427619803.09,B,10,13
1427619802.49,1427619803.13,A,58,13
1427619802.49,1427619803.13,B,12,13
1427619802.53,1427619803.17,A,58,14
1427619802.53,1427619803.17,B,8,14
1427619802.57,1427619803.21,A,61,14
1427619802.57,1427619803.21,B,9,14
1427619802.61,1427619803.25,A,61,15
1427619802.61,1427619803.25,B,9,15
1427619802.65,1427619803.29,A,61,19
1427619802.65,1427619803.29,B,18,19
1427619802.69,1427619803.33,A,70,21
1427619802.69,1427619803.33,B,25,21
1427619802.73,1427619803.37,A,69,21
1427619802.73,1427619803.37,B,24,21
1427619802.77,1427619803.41,A,67,21
1427619802.77,1427619803.41,B,21,21
1427619802.81,1427619803.45,A,72,21
1427619802.81,1427619803.45,B,21,21
1427619802.85,1427619803.49,A,74,21
1427619802.85,1427619803.49,B,26,21
1427619802.89,1427619803.53,A,80,22
1427619802.89,1427619803.53,B,31,22
1427619802.93,1427619803.57,A,83,22
1427619802.93,1427619803.57,B,30,22
1427619802.97,1427619803.61,A,84,23
1427619802.97,1427619803.61,B,31,23
1427619803.01,1427619803.65,A,84,23
1427619803.01,1427619803.65,B,30,23
1427619803.05,1427619803.69,A,83,23
1427619803.05,1427619803.69,B,28,23
1427619803.09,1427619803.73,A,78,23
1427619803.09,1427619803.73,B,28,23
1427619803.13,1427619803.77,A,77,23
1427619803.13,1427619803.77,B,30,23
1427619803.17,1427619803.81,A,78,23
1427619803.17,1427619803.81,B,31,23
1427619803.21,1427619803.85,A,79,24
1427619803.21,1427619803.85,B,27,24
1427619803.25,1427619803.89,A,78,24
1427619803.25,1427619803.89,B,23,24
1427619803.29,1427619803.93,A,77,20
1427619803.29,1427619803.93,B,13,20
1427619803.33,1427619803.97,A,62,18
1427619803.33,1427619803.97,B,12,18
1427619803.37,1427619804.01,A,63,18
1427619803.37,1427619804.01,B,14,18
1427619803.41,1427619804.05,A,60,18
1427619803.41,1427619804.05,B,11,18
1427619803.45,1427619804.09,A,59,18
1427619803.45,1427619804.09,B,12,18
1427619803.49,1427619804.13,A,58,18
1427619803.49,1427619804.13,B,14,18
1427619803.53,1427619804.17,A,53,17
1427619803.53,1427619804.17,B,19,17
1427619803.57,1427619804.21,A,48,16
1427619803.57,1427619804.21,B,15,16
1427619803.61,1427619804.25,A,44,15
1427619803.61,1427619804.25,B,16,15
1427619803.65,1427619804.29,A,41,14
1427619803.65,1427619804.29,B,15,14
1427619803.69,1427619804.33,A,44,13
1427619803.69,1427619804.33,B,15,13
1427619803.73,1427619804.37,A,45,13
1427619803.73,1427619804.37,B,13,13
1427619803.77,1427619804.41,A,43,13
1427619803.77,1427619804.41,B,14,13
1427619803.81,1427619804.45,A,42,12
1427619803.81,1427619804.45,B,16,12
1427619803.85,1427619804.49,A,39,12
1427619803.85,1427619804.49,B,12,12
1427619803.89,1427619804.53,A,37,11
1427619803.89,1427619804.53,B,11,11
1427619803.93,1427619804.57,A,37,10
1427619803.93,1427619804.57,B,12,10
1427619803.97,1427619804.61,A,35,10
1427619803.97,1427619804.61,B,9,10
1427619804.01,1427619804.65,A,34,11
1427619804.01,1427619804.65,B,10,11
1427619804.05,1427619804.69,A,35,10
1427619804.05,1427619804.69,B,10,10
1427619804.09,1427619804.73,A,29,10
1427619804.09,1427619804.73,B,12,10
1427619804.13,1427619804.77,A,27,10
1427619804.13,1427619804.77,B,12,10
1427619804.17,1427619804.81,A,22,10
1427619804.17,1427619804.81,B,10,10
1427619804.21,1427619804.85,A,20,10
1427619804.21,1427619804.85,B,11,10
1427619804.25,1427619804.89,A,21,10
1427619804.25,1427619804.89,B,13,10
1427619804.29,1427619804.93,A,21,10
1427619804.29,1427619804.93,B,12,10
1427619804.33,1427619804.97,A,21,10
1427619804.33,1427619804.97,B,12,10
1427619804.37,1427619805.01,A,21,10
1427619804.37,1427619805.01,B,13,10
1427619804.41,1427619805.05,A,17,11
1427619804.41,1427619805.05,B,17,11
1427619804.45,1427619805.09,A,13,9
1427619804.45,1427619805.09,B,16,9
1427619804.49,1427619805.13,A,8,9
1427619804.49,1427619805.13,B,14,9
1427619804.53,1427619805.17,A,5,8
1427619804.53,1427619805.17,B,11,8
1427619804.57,1427619805.21,A,12,8
1427619804.57,1427619805.21,B,9,8
1427619804.61,1427619805.25,A,12,8
1427619804.61,1427619805.25,B,11,8
1427619804.65,1427619805.29,A,13,7
1427619804.65,1427619805.29,B,11,7
1427619804.69,1427619805.33,A,12,7
1427619804.69,1427619805.33,B,10,7
1427619804.73,1427619805.37,A,12,7
1427619804.73,1427619805.37,B,8,7
1427619804.77,1427619805.41,A,7,6
1427619804.77,1427619805.41,B,4,6
1427619804.81,1427619805.45,A,4,5
1427619804.81,1427619805.45,B,4,5
1427619804.85,1427619805.49,A,0,5
1427619804.85,1427619805.49,B,4,5
1427619804.89,1427619805.53,A,3,6
1427619804.89,1427619805.53,B,7,6
1427619804.93,1427619805.57,A,5,6
1427619804.93,1427619805.57,B,6,6
1427619804.97,1427619805.61,A,6,6
1427619804.97,1427619805.61,B,6,6
1427619805.01,1427619805.65,A,6,6
1427619805.01,1427619805.65,B,6,6
1427619805.05,1427619805.69,A,7,6
1427619805.05,1427619805.69,B,5,6
1427619805.09,1427619805.73,A,4,5
1427619805.09,1427619805.73,B,6,5
1427619805.13,1427619805.77,A,3,5
1427619805.13,1427619805.77,B,6,5
1427619805.17,1427619805.81,A,3,5
1427619805.17,1427619805.81,B,5,5
1427619805.21,1427619805.85,A,3,5
1427619805.21,1427619805.85,B,4,5
1427619805.25,1427619805.89,A,8,4
1427619805.25,1427619805.89,B,3,4
1427619805.29,1427619805.93,A,7,4
1427619805.29,1427619805.93,B,5,4
1427619805.33,1427619805.97,A,8,4
1427619805.33,1427619805.97,B,4,4
1427619805.37,1427619806.01,A,8,4
1427619805.37,1427619806.01,B,4,4
1427619805.41,1427619806.05,A,7,3
1427619805.41,1427619806.05,B,2,3
1427619805.45,1427619806.09,A,8,4
1427619805.45,1427619806.09,B,2,4
1427619805.49,1427619806.13,A,9,4
1427619805.49,1427619806.13,B,4,4
1427619805.53,1427619806.17,A,9,4
1427619805.53,1427619806.17,B,5,4
1427619805.57,1427619806.21,A,10,4
1427619805.57,1427619806.21,B,4,4
1427619805.61,1427619806.25,A,10,4
1427619805.61,1427619806.25,B,3,4
1427619805.65,1427619806.29,A,11,4
1427619805.65,1427619806.29,B,4,4
1427619805.69,1427619806.33,A,11,4
1427619805.69,1427619806.33,B,4,4
1427619805.73,1427619806.37,A,12,5
1427619805.73,1427619806.37,B,5,5
1427619805.77,1427619806.41,A,10,5
1427619805.77,1427619806.41,B,7,5
1427619805.81,1427619806.45,A,9,5
1427619805.81,1427619806.45,B,8,5
1427619805.85,1427619806.49,A,9,5
1427619805.85,1427619806.49,B,8,5
1427619805.89,1427619806.53,A,9,5
1427619805.89,1427619806.53,B,8,5
1427619805.93,1427619806.57,A,10,5
1427619805.93,1427619806.57,B,8,5
1427619805.97,1427619806.61,A,10,5
1427619805.97,1427619806.61,B,9,5
1427619806.01,1427619806.65,A,9,5
1427619806.01,1427619806.65,B,10,5
1427619806.05,1427619806.69,A,9,5
1427619806.05,1427619806.69,B,10,5
1427619806.09,1427619806.73,A,7,5
1427619806.09,1427619806.73,B,5,5
1427619806.13,1427619806.77,A,6,5
1427619806.13,1427619806.77,B,4,5
1427619806.17,1427619806.81,A,5,6
1427619806.17,1427619806.81,B,10,6
1427619806.21,1427619806.85,A,4,7
1427619806.21,1427619806.85,B,13,7
1427619806.25,1427619806.89,A,6,7
1427619806.25,1427619806.89,B,14,7
1427619806.29,1427619806.93,A,7,7
1427619806.29,1427619806.93,B,13,7
1427619806.33,1427619806.97,A,8,7
1427619806.33,1427619806.97,B,12,7
1427619806.37,1427619807.01,A,10,7
1427619806.37,1427619807.01,B,11,7
1427619806.41,1427619807.05,A,9,6
1427619806.41,1427619807.05,B,12,6
1427619806.45,1427619807.09,A,8,6
1427619806.45,1427619807.09,B,12,6
1427619806.49,1427619807.13,A,11,6
1427619806.49,1427619807.13,B,15,6
1427619806.53,1427619807.17,A,11,6
1427619806.53,1427619807.17,B,16,6
1427619806.57,1427619807.21,A,13,6
1427619806.57,1427619807.21,B,15,6
1427619806.61,1427619807.25,A,13,6
1427619806.61,1427619807.25,B,13,6
1427619806.65,1427619807.29,A,12,6
1427619806.65,1427619807.29,B,12,6
1427619806.69,1427619807.33,A,12,6
1427619806.69,1427619807.33,B,12,6
1427619806.73,1427619807.37,A,13,6
1427619806.73,1427619807.37,B,11,6
1427619806.77,1427619807.41,A,12,6
1427619806.77,1427619807.41,B,11,6
1427619806.81,1427619807.45,A,10,4
1427619806.81,1427619807.45,B,7,4
1427619806.85,1427619807.49,A,8,4
1427619806.85,1427619807.49,B,5,4
1427619806.89,1427619807.53,A,7,4
1427619806.89,1427619807.53,B,6,4
1427619806.93,1427619807.57,A,6,3
1427619806.93,1427619807.57,B,6,3
1427619806.97,1427619807.61,A,6,3
1427619806.97,1427619807.61,B,5,3
1427619807.01,1427619807.65,A,7,3
1427619807.01,1427619807.65,B,5,3
1427619807.05,1427619807.69,A,7,4
1427619807.05,1427619807.69,B,8,4
1427619807.09,1427619807.73,A,4,4
1427619807.09,1427619807.73,B,10,4
1427619807.13,1427619807.77,A,5,4
1427619807.13,1427619807.77,B,12,4
1427619807.17,1427619807.81,A,6,5
1427619807.17,1427619807.81,B,12,5
1427619807.21,1427619807.85,A,8,5
1427619807.21,1427619807.85,B,12,5
1427619807.25,1427619807.89,A,9,6
1427619807.25,1427619807.89,B,11,6
1427619807.29,1427619807.93,A,11,6
1427619807.29,1427619807.93,B,11,6
1427619807.33,1427619807.97,A,10,6
1427619807.33,1427619807.97,B,11,6
1427619807.37,1427619808.01,A,10,6
1427619807.37,1427619808.01,B,11,6
1427619807.41,1427619808.05,A,9,6
1427619807.41,1427619808.05,B,12,6
