#targetfile:$(projectRoot)/result/result/100cm/waist-side/hasc-20150329-180239-mag-pca.csv-lowpass.csv
1427619766.41,1427619767.05,B,10,4
1427619766.45,1427619767.09,B,11,4
1427619766.49,1427619767.13,B,10,4
1427619766.53,1427619767.17,B,11,4
1427619766.57,1427619767.21,B,12,4
1427619766.61,1427619767.25,B,13,4
1427619766.65,1427619767.29,B,14,4
1427619766.69,1427619767.33,B,15,4
1427619766.73,1427619767.37,B,15,4
1427619766.77,1427619767.41,B,14,4
1427619766.81,1427619767.45,B,14,4
1427619766.85,1427619767.49,B,15,4
1427619766.89,1427619767.53,B,13,4
1427619766.93,1427619767.57,B,12,4
1427619766.97,1427619767.61,B,11,4
1427619767.01,1427619767.65,B,9,4
1427619767.05,1427619767.69,B,7,3
1427619767.09,1427619767.73,B,7,3
1427619767.13,1427619767.77,B,6,3
1427619767.17,1427619767.81,B,6,3
1427619767.21,1427619767.85,B,5,4
1427619767.25,1427619767.89,B,6,3
1427619767.29,1427619767.93,B,6,3
1427619767.33,1427619767.97,B,7,3
1427619767.37,1427619768.01,B,8,3
1427619767.41,1427619768.05,B,8,4
1427619767.45,1427619768.09,B,7,4
1427619767.49,1427619768.13,B,6,4
1427619767.53,1427619768.17,B,8,4
1427619767.57,1427619768.21,B,8,4
1427619767.61,1427619768.25,B,9,4
1427619767.65,1427619768.29,B,9,4
1427619767.69,1427619768.33,B,9,4
1427619767.73,1427619768.37,B,9,4
1427619767.77,1427619768.41,B,10,4
1427619767.81,1427619768.45,B,10,4
1427619767.85,1427619768.49,B,8,4
1427619767.89,1427619768.53,B,8,4
1427619767.93,1427619768.57,B,10,4
1427619767.97,1427619768.61,B,11,4
1427619768.01,1427619768.65,B,11,4
1427619768.05,1427619768.69,B,11,4
1427619768.09,1427619768.73,B,12,4
1427619768.13,1427619768.77,B,12,4
1427619768.17,1427619768.81,B,12,4
1427619768.21,1427619768.85,B,13,5
1427619768.25,1427619768.89,B,15,5
1427619768.29,1427619768.93,B,16,5
1427619768.33,1427619768.97,B,15,5
1427619768.37,1427619769.01,B,13,6
1427619768.41,1427619769.05,B,12,5
1427619768.45,1427619769.09,B,10,5
1427619768.49,1427619769.13,B,11,5
1427619768.53,1427619769.17,B,13,5
1427619768.57,1427619769.21,B,13,6
1427619768.61,1427619769.25,B,11,6
1427619768.65,1427619769.29,B,10,5
1427619768.69,1427619769.33,B,9,5
1427619768.73,1427619769.37,B,10,6
1427619768.77,1427619769.41,B,11,5
1427619768.81,1427619769.45,B,12,5
1427619768.85,1427619769.49,B,11,5
1427619768.89,1427619769.53,B,10,5
1427619768.93,1427619769.57,B,10,5
1427619768.97,1427619769.61,B,7,5
1427619769.01,1427619769.65,B,6,5
1427619769.05,1427619769.69,B,6,5
1427619769.09,1427619769.73,B,7,5
1427619769.13,1427619769.77,B,7,5
1427619769.17,1427619769.81,B,6,5
1427619769.21,1427619769.85,B,7,5
1427619769.25,1427619769.89,B,8,5
1427619769.29,1427619769.93,B,10,5
1427619769.33,1427619769.97,B,10,5
1427619769.37,1427619770.01,B,9,5
1427619769.41,1427619770.05,B,9,5
1427619769.45,1427619770.09,B,12,6
1427619769.49,1427619770.13,B,11,6
1427619769.53,1427619770.17,B,10,6
1427619769.57,1427619770.21,B,9,6
1427619769.61,1427619770.25,B,8,6
1427619769.65,1427619770.29,B,7,6
1427619769.69,1427619770.33,B,6,6
1427619769.73,1427619770.37,B,4,6
1427619769.77,1427619770.41,B,6,7
1427619769.81,1427619770.45,B,13,8
1427619769.85,1427619770.49,B,16,8
1427619769.89,1427619770.53,A,17,8
1427619769.89,1427619770.53,B,16,8
1427619769.93,1427619770.57,A,19,8
1427619769.93,1427619770.57,B,15,8
1427619769.97,1427619770.61,A,20,8
1427619769.97,1427619770.61,B,14,8
1427619770.01,1427619770.65,A,18,8
1427619770.01,1427619770.65,B,12,8
1427619770.05,1427619770.69,A,16,8
1427619770.05,1427619770.69,B,11,8
1427619770.09,1427619770.73,A,12,7
1427619770.09,1427619770.73,B,12,7
1427619770.13,1427619770.77,A,13,7
1427619770.13,1427619770.77,B,14,7
1427619770.17,1427619770.81,A,11,6
1427619770.17,1427619770.81,B,10,6
1427619770.21,1427619770.85,A,13,6
1427619770.21,1427619770.85,B,9,6
1427619770.25,1427619770.89,A,14,6
1427619770.25,1427619770.89,B,9,6
1427619770.29,1427619770.93,A,15,7
1427619770.29,1427619770.93,B,10,7
1427619770.33,1427619770.97,A,11,7
1427619770.33,1427619770.97,B,13,7
1427619770.37,1427619771.01,A,10,8
1427619770.37,1427619771.01,B,15,8
1427619770.41,1427619771.05,A,4,9
1427619770.41,1427619771.05,B,18,9
1427619770.45,1427619771.09,A,3,8
1427619770.45,1427619771.09,B,17,8
1427619770.49,1427619771.13,A,6,8
1427619770.49,1427619771.13,B,14,8
1427619770.53,1427619771.17,A,6,8
1427619770.53,1427619771.17,B,15,8
1427619770.57,1427619771.21,A,9,8
1427619770.57,1427619771.21,B,12,8
1427619770.61,1427619771.25,A,9,8
1427619770.61,1427619771.25,B,12,8
1427619770.65,1427619771.29,A,8,8
1427619770.65,1427619771.29,B,11,8
1427619770.69,1427619771.33,A,7,9
1427619770.69,1427619771.33,B,10,9
1427619770.73,1427619771.37,A,14,10
1427619770.73,1427619771.37,B,11,10
1427619770.77,1427619771.41,A,16,10
1427619770.77,1427619771.41,B,11,10
1427619770.81,1427619771.45,A,29,11
1427619770.81,1427619771.45,B,14,11
1427619770.85,1427619771.49,A,30,11
1427619770.85,1427619771.49,B,16,11
1427619770.89,1427619771.53,A,37,13
1427619770.89,1427619771.53,B,17,13
1427619770.93,1427619771.57,A,38,13
1427619770.93,1427619771.57,B,14,13
1427619770.97,1427619771.61,A,39,13
1427619770.97,1427619771.61,B,11,13
1427619771.01,1427619771.65,A,34,13
1427619771.01,1427619771.65,B,12,13
1427619771.05,1427619771.69,A,30,13
1427619771.05,1427619771.69,B,14,13
1427619771.09,1427619771.73,A,24,14
1427619771.09,1427619771.73,B,13,14
1427619771.13,1427619771.77,A,30,15
1427619771.13,1427619771.77,B,17,15
1427619771.17,1427619771.81,A,39,15
1427619771.17,1427619771.81,B,15,15
1427619771.21,1427619771.85,A,44,15
1427619771.21,1427619771.85,B,19,15
1427619771.25,1427619771.89,A,48,15
1427619771.25,1427619771.89,B,17,15
1427619771.29,1427619771.93,A,48,16
1427619771.29,1427619771.93,B,17,16
1427619771.33,1427619771.97,A,42,17
1427619771.33,1427619771.97,B,19,17
1427619771.37,1427619772.01,A,33,16
1427619771.37,1427619772.01,B,14,16
1427619771.41,1427619772.05,A,25,17
1427619771.41,1427619772.05,B,18,17
1427619771.45,1427619772.09,A,7,14
1427619771.45,1427619772.09,B,9,14
1427619771.49,1427619772.13,A,23,19
1427619771.49,1427619772.13,B,21,19
1427619771.53,1427619772.17,A,31,18
1427619771.53,1427619772.17,B,18,18
1427619771.57,1427619772.21,A,38,18
1427619771.57,1427619772.21,B,19,18
1427619771.61,1427619772.25,A,41,18
1427619771.61,1427619772.25,B,18,18
1427619771.65,1427619772.29,A,39,19
1427619771.65,1427619772.29,B,19,19
1427619771.69,1427619772.33,A,25,20
1427619771.69,1427619772.33,B,25,20
1427619771.73,1427619772.37,A,17,18
1427619771.73,1427619772.37,B,19,18
1427619771.77,1427619772.41,A,23,22
1427619771.77,1427619772.41,B,30,22
1427619771.81,1427619772.45,A,25,20
1427619771.81,1427619772.45,B,26,20
1427619771.85,1427619772.49,A,49,24
1427619771.85,1427619772.49,B,21,24
1427619771.89,1427619772.53,A,54,22
1427619771.89,1427619772.53,B,16,22
1427619771.93,1427619772.57,A,60,21
1427619771.93,1427619772.57,B,14,21
1427619771.97,1427619772.61,A,51,22
1427619771.97,1427619772.61,B,18,22
1427619772.01,1427619772.65,A,48,22
1427619772.01,1427619772.65,B,24,22
1427619772.05,1427619772.69,A,36,22
1427619772.05,1427619772.69,B,29,22
1427619772.09,1427619772.73,A,39,22
1427619772.09,1427619772.73,B,31,22
1427619772.13,1427619772.77,A,48,22
1427619772.13,1427619772.77,B,16,22
1427619772.17,1427619772.81,A,54,22
1427619772.17,1427619772.81,B,13,22
1427619772.21,1427619772.85,A,64,22
1427619772.21,1427619772.85,B,18,22
1427619772.25,1427619772.89,A,63,22
1427619772.25,1427619772.89,B,18,22
1427619772.29,1427619772.93,A,56,21
1427619772.29,1427619772.93,B,24,21
1427619772.33,1427619772.97,A,53,21
1427619772.33,1427619772.97,B,23,21
1427619772.37,1427619773.01,A,49,22
1427619772.37,1427619773.01,B,13,22
1427619772.41,1427619773.05,A,34,19
1427619772.41,1427619773.05,B,19,19
1427619772.45,1427619773.09,A,48,21
1427619772.45,1427619773.09,B,31,21
1427619772.49,1427619773.13,A,52,20
1427619772.49,1427619773.13,B,26,20
1427619772.53,1427619773.17,A,54,20
1427619772.53,1427619773.17,B,22,20
1427619772.57,1427619773.21,A,60,20
1427619772.57,1427619773.21,B,18,20
1427619772.61,1427619773.25,A,59,20
1427619772.61,1427619773.25,B,17,20
1427619772.65,1427619773.29,A,43,21
1427619772.65,1427619773.29,B,18,21
1427619772.69,1427619773.33,A,43,19
1427619772.69,1427619773.33,B,23,19
1427619772.73,1427619773.37,A,47,19
1427619772.73,1427619773.37,B,32,19
1427619772.77,1427619773.41,A,47,17
1427619772.77,1427619773.41,B,28,17
1427619772.81,1427619773.45,A,60,18
1427619772.81,1427619773.45,B,18,18
1427619772.85,1427619773.49,A,62,17
1427619772.85,1427619773.49,B,14,17
1427619772.89,1427619773.53,A,58,17
1427619772.89,1427619773.53,B,12,17
1427619772.93,1427619773.57,A,50,16
1427619772.93,1427619773.57,B,13,16
1427619772.97,1427619773.61,A,48,16
1427619772.97,1427619773.61,B,21,16
1427619773.01,1427619773.65,A,39,15
1427619773.01,1427619773.65,B,14,15
1427619773.05,1427619773.69,A,40,15
1427619773.05,1427619773.69,B,9,15
1427619773.09,1427619773.73,A,39,13
1427619773.09,1427619773.73,B,10,13
1427619773.13,1427619773.77,A,43,13
1427619773.13,1427619773.77,B,13,13
1427619773.17,1427619773.81,A,43,13
1427619773.17,1427619773.81,B,16,13
1427619773.21,1427619773.85,A,41,13
1427619773.21,1427619773.85,B,18,13
1427619773.25,1427619773.89,A,34,13
1427619773.25,1427619773.89,B,22,13
1427619773.29,1427619773.93,A,32,13
1427619773.29,1427619773.93,B,21,13
1427619773.33,1427619773.97,A,28,12
1427619773.33,1427619773.97,B,25,12
1427619773.37,1427619774.01,A,21,10
1427619773.37,1427619774.01,B,19,10
1427619773.41,1427619774.05,A,30,11
1427619773.41,1427619774.05,B,23,11
1427619773.45,1427619774.09,A,29,10
1427619773.45,1427619774.09,B,19,10
1427619773.49,1427619774.13,A,34,10
1427619773.49,1427619774.13,B,17,10
1427619773.53,1427619774.17,A,35,10
1427619773.53,1427619774.17,B,15,10
1427619773.57,1427619774.21,A,33,10
1427619773.57,1427619774.21,B,13,10
1427619773.61,1427619774.25,A,26,9
1427619773.61,1427619774.25,B,14,9
1427619773.65,1427619774.29,A,29,9
1427619773.65,1427619774.29,B,18,9
1427619773.69,1427619774.33,A,28,8
1427619773.69,1427619774.33,B,19,8
1427619773.73,1427619774.37,A,28,8
1427619773.73,1427619774.37,B,19,8
1427619773.77,1427619774.41,A,29,8
1427619773.77,1427619774.41,B,15,8
1427619773.81,1427619774.45,A,29,8
1427619773.81,1427619774.45,B,14,8
1427619773.85,1427619774.49,A,29,8
1427619773.85,1427619774.49,B,12,8
1427619773.89,1427619774.53,A,28,8
1427619773.89,1427619774.53,B,12,8
1427619773.93,1427619774.57,A,25,8
1427619773.93,1427619774.57,B,10,8
1427619773.97,1427619774.61,A,23,6
1427619773.97,1427619774.61,B,8,6
1427619774.01,1427619774.65,A,23,6
1427619774.01,1427619774.65,B,7,6
1427619774.05,1427619774.69,A,21,6
1427619774.05,1427619774.69,B,9,6
1427619774.09,1427619774.73,A,21,6
1427619774.09,1427619774.73,B,9,6
1427619774.13,1427619774.77,A,20,5
1427619774.13,1427619774.77,B,8,5
1427619774.17,1427619774.81,A,16,6
1427619774.17,1427619774.81,B,7,6
1427619774.21,1427619774.85,A,17,6
1427619774.21,1427619774.85,B,6,6
1427619774.25,1427619774.89,A,17,6
1427619774.25,1427619774.89,B,7,6
1427619774.29,1427619774.93,A,15,6
1427619774.29,1427619774.93,B,6,6
1427619774.33,1427619774.97,A,15,6
1427619774.33,1427619774.97,B,6,6
1427619774.37,1427619775.01,A,13,6
1427619774.37,1427619775.01,B,7,6
1427619774.41,1427619775.05,A,14,6
1427619774.41,1427619775.05,B,8,6
1427619774.45,1427619775.09,A,14,6
1427619774.45,1427619775.09,B,11,6
1427619774.49,1427619775.13,A,8,7
1427619774.49,1427619775.13,B,16,7
1427619774.53,1427619775.17,A,9,7
1427619774.53,1427619775.17,B,17,7
1427619774.57,1427619775.21,A,7,6
1427619774.57,1427619775.21,B,14,6
1427619774.61,1427619775.25,A,8,6
1427619774.61,1427619775.25,B,12,6
1427619774.65,1427619775.29,A,11,7
1427619774.65,1427619775.29,B,11,7
1427619774.69,1427619775.33,A,11,7
1427619774.69,1427619775.33,B,11,7
1427619774.73,1427619775.37,A,11,7
1427619774.73,1427619775.37,B,10,7
1427619774.77,1427619775.41,A,12,7
1427619774.77,1427619775.41,B,9,7
1427619774.81,1427619775.45,A,13,7
1427619774.81,1427619775.45,B,8,7
1427619774.85,1427619775.49,A,10,7
1427619774.85,1427619775.49,B,6,7
1427619774.89,1427619775.53,A,10,6
1427619774.89,1427619775.53,B,6,6
1427619774.93,1427619775.57,A,7,7
1427619774.93,1427619775.57,B,9,7
1427619774.97,1427619775.61,A,8,7
1427619774.97,1427619775.61,B,12,7
1427619775.01,1427619775.65,A,9,7
1427619775.01,1427619775.65,B,13,7
1427619775.05,1427619775.69,A,10,7
1427619775.05,1427619775.69,B,15,7
1427619775.09,1427619775.73,A,12,8
1427619775.09,1427619775.73,B,13,8
1427619775.13,1427619775.77,A,15,7
1427619775.13,1427619775.77,B,11,7
1427619775.17,1427619775.81,A,10,7
1427619775.17,1427619775.81,B,14,7
1427619775.21,1427619775.85,A,8,7
1427619775.21,1427619775.85,B,15,7
1427619775.25,1427619775.89,A,4,6
1427619775.25,1427619775.89,B,14,6
1427619775.29,1427619775.93,A,2,6
1427619775.29,1427619775.93,B,11,6
1427619775.33,1427619775.97,A,4,6
1427619775.33,1427619775.97,B,10,6
1427619775.37,1427619776.01,A,5,7
1427619775.37,1427619776.01,B,12,7
1427619775.41,1427619776.05,A,5,7
1427619775.41,1427619776.05,B,13,7
1427619775.45,1427619776.09,A,5,7
1427619775.45,1427619776.09,B,13,7
1427619775.49,1427619776.13,A,4,6
1427619775.49,1427619776.13,B,12,6
1427619775.53,1427619776.17,A,4,6
1427619775.53,1427619776.17,B,12,6
1427619775.57,1427619776.21,A,5,6
1427619775.57,1427619776.21,B,10,6
1427619775.61,1427619776.25,A,6,6
1427619775.61,1427619776.25,B,7,6
1427619775.65,1427619776.29,A,5,6
1427619775.65,1427619776.29,B,6,6
1427619775.69,1427619776.33,A,5,6
1427619775.69,1427619776.33,B,5,6
1427619775.73,1427619776.37,A,7,5
1427619775.73,1427619776.37,B,8,5
1427619775.77,1427619776.41,A,10,6
1427619775.77,1427619776.41,B,9,6
1427619775.81,1427619776.45,A,11,6
1427619775.81,1427619776.45,B,8,6
1427619775.85,1427619776.49,A,16,6
1427619775.85,1427619776.49,B,6,6
1427619775.89,1427619776.53,A,15,6
1427619775.89,1427619776.53,B,6,6
1427619775.93,1427619776.57,A,16,6
1427619775.93,1427619776.57,B,5,6
1427619775.97,1427619776.61,A,15,5
1427619775.97,1427619776.61,B,6,5
1427619776.01,1427619776.65,A,15,5
1427619776.01,1427619776.65,B,7,5
1427619776.05,1427619776.69,A,17,5
1427619776.05,1427619776.69,B,10,5
1427619776.09,1427619776.73,A,15,6
1427619776.09,1427619776.73,B,14,6
1427619776.13,1427619776.77,A,15,7
1427619776.13,1427619776.77,B,14,7
1427619776.17,1427619776.81,A,13,7
1427619776.17,1427619776.81,B,14,7
1427619776.21,1427619776.85,A,12,7
1427619776.21,1427619776.85,B,14,7
1427619776.25,1427619776.89,A,11,7
1427619776.25,1427619776.89,B,13,7
1427619776.29,1427619776.93,A,11,7
1427619776.29,1427619776.93,B,12,7
1427619776.33,1427619776.97,A,12,7
1427619776.33,1427619776.97,B,11,7
1427619776.37,1427619777.01,A,12,7
1427619776.37,1427619777.01,B,11,7
1427619776.41,1427619777.05,A,11,7
1427619776.41,1427619777.05,B,12,7
1427619776.45,1427619777.09,A,10,6
1427619776.45,1427619777.09,B,12,6
1427619776.49,1427619777.13,A,5,6
1427619776.49,1427619777.13,B,8,6
1427619776.53,1427619777.17,A,5,6
1427619776.53,1427619777.17,B,5,6
1427619776.57,1427619777.21,A,4,6
1427619776.57,1427619777.21,B,5,6
1427619776.61,1427619777.25,A,4,6
1427619776.61,1427619777.25,B,6,6
1427619776.65,1427619777.29,A,8,6
1427619776.65,1427619777.29,B,8,6
1427619776.69,1427619777.33,A,9,6
1427619776.69,1427619777.33,B,7,6
1427619776.73,1427619777.37,A,13,4
1427619776.73,1427619777.37,B,4,4
1427619776.77,1427619777.41,A,11,5
1427619776.77,1427619777.41,B,8,5
1427619776.81,1427619777.45,A,10,5
1427619776.81,1427619777.45,B,9,5
1427619776.85,1427619777.49,A,10,5
1427619776.85,1427619777.49,B,9,5
1427619776.89,1427619777.53,A,10,5
1427619776.89,1427619777.53,B,8,5
1427619776.93,1427619777.57,A,9,5
1427619776.93,1427619777.57,B,9,5
1427619776.97,1427619777.61,A,11,5
1427619776.97,1427619777.61,B,12,5
1427619777.01,1427619777.65,A,13,5
1427619777.01,1427619777.65,B,13,5
1427619777.05,1427619777.69,A,13,5
1427619777.05,1427619777.69,B,13,5
1427619777.09,1427619777.73,A,13,5
1427619777.09,1427619777.73,B,13,5
1427619777.13,1427619777.77,A,13,5
1427619777.13,1427619777.77,B,12,5
1427619777.17,1427619777.81,A,11,5
1427619777.17,1427619777.81,B,10,5
1427619777.21,1427619777.85,A,13,5
1427619777.21,1427619777.85,B,10,5
1427619777.25,1427619777.89,A,13,5
1427619777.25,1427619777.89,B,10,5
1427619777.29,1427619777.93,A,11,5
1427619777.29,1427619777.93,B,10,5
1427619777.33,1427619777.97,A,14,5
1427619777.33,1427619777.97,B,8,5
1427619777.37,1427619778.01,A,14,5
1427619777.37,1427619778.01,B,9,5
1427619777.41,1427619778.05,A,17,4
1427619777.41,1427619778.05,B,10,4
1427619777.45,1427619778.09,A,16,4
1427619777.45,1427619778.09,B,9,4
1427619777.49,1427619778.13,A,15,4
1427619777.49,1427619778.13,B,9,4
1427619777.53,1427619778.17,A,15,4
1427619777.53,1427619778.17,B,11,4
1427619777.57,1427619778.21,A,16,5
1427619777.57,1427619778.21,B,12,5
1427619777.61,1427619778.25,A,16,5
1427619777.61,1427619778.25,B,11,5
1427619777.65,1427619778.29,A,14,5
1427619777.65,1427619778.29,B,9,5
1427619777.69,1427619778.33,A,13,5
1427619777.69,1427619778.33,B,9,5
1427619777.73,1427619778.37,A,10,5
1427619777.73,1427619778.37,B,12,5
1427619777.77,1427619778.41,A,12,5
1427619777.77,1427619778.41,B,14,5
1427619777.81,1427619778.45,A,12,5
1427619777.81,1427619778.45,B,13,5
1427619777.85,1427619778.49,A,9,5
1427619777.85,1427619778.49,B,12,5
1427619777.89,1427619778.53,A,11,5
1427619777.89,1427619778.53,B,10,5
1427619777.93,1427619778.57,A,11,5
1427619777.93,1427619778.57,B,11,5
1427619777.97,1427619778.61,A,11,5
1427619777.97,1427619778.61,B,11,5
1427619778.01,1427619778.65,A,9,5
1427619778.01,1427619778.65,B,10,5
1427619778.05,1427619778.69,A,7,5
1427619778.05,1427619778.69,B,9,5
1427619778.09,1427619778.73,A,4,5
1427619778.09,1427619778.73,B,11,5
1427619778.13,1427619778.77,A,5,5
1427619778.13,1427619778.77,B,13,5
1427619778.17,1427619778.81,A,5,5
1427619778.17,1427619778.81,B,12,5
1427619778.21,1427619778.85,A,6,5
1427619778.21,1427619778.85,B,10,5
1427619778.25,1427619778.89,A,7,4
1427619778.25,1427619778.89,B,9,4
1427619778.29,1427619778.93,A,7,4
1427619778.29,1427619778.93,B,9,4
1427619778.33,1427619778.97,A,5,5
1427619778.33,1427619778.97,B,10,5
