#targetfile:$(projectRoot)/result/result/50cm/waist-side/hasc-20150329-174324-mag-pca.csv-lowpass.csv
1427618610.34,1427618610.98,A,11,5
1427618610.38,1427618611.02,A,11,5
1427618610.42,1427618611.06,A,12,5
1427618610.46,1427618611.1,A,12,5
1427618610.5,1427618611.14,A,11,6
1427618610.54,1427618611.18,A,8,5
1427618610.54,1427618611.18,B,11,5
1427618610.58,1427618611.22,A,10,5
1427618610.58,1427618611.22,B,13,5
1427618610.62,1427618611.26,A,12,5
1427618610.62,1427618611.26,B,14,5
1427618610.66,1427618611.3,A,12,5
1427618610.66,1427618611.3,B,14,5
1427618610.7,1427618611.34,A,12,5
1427618610.7,1427618611.34,B,15,5
1427618610.74,1427618611.38,A,12,5
1427618610.74,1427618611.38,B,16,5
1427618610.78,1427618611.42,A,12,5
1427618610.78,1427618611.42,B,16,5
1427618610.82,1427618611.46,A,13,5
1427618610.82,1427618611.46,B,13,5
1427618610.86,1427618611.5,A,10,5
1427618610.86,1427618611.5,B,10,5
1427618610.9,1427618611.54,A,9,5
1427618610.9,1427618611.54,B,10,5
1427618610.94,1427618611.58,A,7,4
1427618610.94,1427618611.58,B,9,4
1427618610.98,1427618611.62,A,6,4
1427618610.98,1427618611.62,B,10,4
1427618611.02,1427618611.66,A,7,4
1427618611.02,1427618611.66,B,11,4
1427618611.06,1427618611.7,A,5,5
1427618611.06,1427618611.7,B,9,5
1427618611.1,1427618611.74,A,6,4
1427618611.1,1427618611.74,B,8,4
1427618611.14,1427618611.78,A,6,4
1427618611.14,1427618611.78,B,8,4
1427618611.18,1427618611.82,A,6,4
1427618611.18,1427618611.82,B,8,4
1427618611.22,1427618611.86,A,5,4
1427618611.22,1427618611.86,B,8,4
1427618611.26,1427618611.9,A,3,4
1427618611.26,1427618611.9,B,9,4
1427618611.3,1427618611.94,A,3,4
1427618611.3,1427618611.94,B,8,4
1427618611.34,1427618611.98,A,6,3
1427618611.34,1427618611.98,B,5,3
1427618611.38,1427618612.02,A,7,3
1427618611.38,1427618612.02,B,4,3
1427618611.42,1427618612.06,A,7,3
1427618611.42,1427618612.06,B,4,3
1427618611.46,1427618612.1,A,8,4
1427618611.46,1427618612.1,B,6,4
1427618611.5,1427618612.14,A,8,4
1427618611.5,1427618612.14,B,5,4
1427618611.54,1427618612.18,A,9,4
1427618611.54,1427618612.18,B,5,4
1427618611.58,1427618612.22,A,11,4
1427618611.58,1427618612.22,B,3,4
1427618611.62,1427618612.26,A,12,4
1427618611.62,1427618612.26,B,4,4
1427618611.66,1427618612.3,A,13,4
1427618611.66,1427618612.3,B,3,4
1427618611.7,1427618612.34,A,13,4
1427618611.7,1427618612.34,B,3,4
1427618611.74,1427618612.38,A,13,4
1427618611.74,1427618612.38,B,3,4
1427618611.78,1427618612.42,A,13,4
1427618611.78,1427618612.42,B,3,4
1427618611.82,1427618612.46,A,13,4
1427618611.82,1427618612.46,B,2,4
1427618611.86,1427618612.5,A,11,4
1427618611.86,1427618612.5,B,3,4
1427618611.9,1427618612.54,A,11,4
1427618611.9,1427618612.54,B,3,4
1427618611.94,1427618612.58,A,11,4
1427618611.94,1427618612.58,B,2,4
1427618611.98,1427618612.62,A,10,4
1427618611.98,1427618612.62,B,3,4
1427618612.02,1427618612.66,A,10,4
1427618612.02,1427618612.66,B,3,4
1427618612.06,1427618612.7,A,9,4
1427618612.06,1427618612.7,B,4,4
1427618612.1,1427618612.74,A,7,3
1427618612.1,1427618612.74,B,5,3
1427618612.14,1427618612.78,A,7,3
1427618612.14,1427618612.78,B,6,3
1427618612.18,1427618612.82,A,9,4
1427618612.18,1427618612.82,B,8,4
1427618612.22,1427618612.86,A,8,4
1427618612.22,1427618612.86,B,10,4
1427618612.26,1427618612.9,A,9,5
1427618612.26,1427618612.9,B,10,5
1427618612.3,1427618612.94,A,7,5
1427618612.3,1427618612.94,B,12,5
1427618612.34,1427618612.98,A,8,5
1427618612.34,1427618612.98,B,11,5
1427618612.38,1427618613.02,A,6,5
1427618612.38,1427618613.02,B,10,5
1427618612.42,1427618613.06,A,6,5
1427618612.42,1427618613.06,B,9,5
1427618612.46,1427618613.1,A,5,5
1427618612.46,1427618613.1,B,8,5
1427618612.5,1427618613.14,A,9,5
1427618612.5,1427618613.14,B,10,5
1427618612.54,1427618613.18,A,9,5
1427618612.54,1427618613.18,B,11,5
1427618612.58,1427618613.22,A,8,5
1427618612.58,1427618613.22,B,12,5
1427618612.62,1427618613.26,A,6,5
1427618612.62,1427618613.26,B,13,5
1427618612.66,1427618613.3,A,5,5
1427618612.66,1427618613.3,B,14,5
1427618612.7,1427618613.34,A,5,5
1427618612.7,1427618613.34,B,13,5
1427618612.74,1427618613.38,A,5,5
1427618612.74,1427618613.38,B,13,5
1427618612.78,1427618613.42,A,5,5
1427618612.78,1427618613.42,B,14,5
1427618612.82,1427618613.46,A,1,5
1427618612.82,1427618613.46,B,10,5
1427618612.86,1427618613.5,A,3,5
1427618612.86,1427618613.5,B,8,5
1427618612.9,1427618613.54,A,7,4
1427618612.9,1427618613.54,B,9,4
1427618612.94,1427618613.58,A,8,5
1427618612.94,1427618613.58,B,11,5
1427618612.98,1427618613.62,A,12,5
1427618612.98,1427618613.62,B,9,5
1427618613.02,1427618613.66,A,12,5
1427618613.02,1427618613.66,B,8,5
1427618613.06,1427618613.7,A,12,5
1427618613.06,1427618613.7,B,8,5
1427618613.1,1427618613.74,A,13,5
1427618613.1,1427618613.74,B,8,5
1427618613.14,1427618613.78,A,14,4
1427618613.14,1427618613.78,B,5,4
1427618613.18,1427618613.82,A,19,5
1427618613.18,1427618613.82,B,8,5
1427618613.22,1427618613.86,A,22,5
1427618613.22,1427618613.86,B,7,5
1427618613.26,1427618613.9,A,23,5
1427618613.26,1427618613.9,B,9,5
1427618613.3,1427618613.94,A,22,6
1427618613.3,1427618613.94,B,10,6
1427618613.34,1427618613.98,A,21,5
1427618613.34,1427618613.98,B,9,5
1427618613.38,1427618614.02,A,19,6
1427618613.38,1427618614.02,B,9,6
1427618613.42,1427618614.06,A,17,6
1427618613.42,1427618614.06,B,7,6
1427618613.46,1427618614.1,A,17,6
1427618613.46,1427618614.1,B,4,6
1427618613.5,1427618614.14,A,17,6
1427618613.5,1427618614.14,B,4,6
1427618613.54,1427618614.18,A,18,6
1427618613.54,1427618614.18,B,4,6
1427618613.58,1427618614.22,A,17,6
1427618613.58,1427618614.22,B,5,6
1427618613.62,1427618614.26,A,18,6
1427618613.62,1427618614.26,B,6,6
1427618613.66,1427618614.3,A,20,6
1427618613.66,1427618614.3,B,6,6
1427618613.7,1427618614.34,A,21,6
1427618613.7,1427618614.34,B,8,6
1427618613.74,1427618614.38,A,23,7
1427618613.74,1427618614.38,B,7,7
1427618613.78,1427618614.42,A,24,6
1427618613.78,1427618614.42,B,5,6
1427618613.82,1427618614.46,A,24,6
1427618613.82,1427618614.46,B,5,6
1427618613.86,1427618614.5,A,26,7
1427618613.86,1427618614.5,B,7,7
1427618613.9,1427618614.54,A,26,7
1427618613.9,1427618614.54,B,7,7
1427618613.94,1427618614.58,A,31,7
1427618613.94,1427618614.58,B,8,7
1427618613.98,1427618614.62,A,35,7
1427618613.98,1427618614.62,B,4,7
1427618614.02,1427618614.66,A,38,7
1427618614.02,1427618614.66,B,6,7
1427618614.06,1427618614.7,A,49,8
1427618614.06,1427618614.7,B,7,8
1427618614.1,1427618614.74,A,50,9
1427618614.1,1427618614.74,B,11,9
1427618614.14,1427618614.78,A,58,10
1427618614.14,1427618614.78,B,14,10
1427618614.18,1427618614.82,A,63,10
1427618614.18,1427618614.82,B,10,10
1427618614.22,1427618614.86,A,65,11
1427618614.22,1427618614.86,B,6,11
1427618614.26,1427618614.9,A,77,13
1427618614.26,1427618614.9,B,10,13
1427618614.3,1427618614.94,A,82,13
1427618614.3,1427618614.94,B,14,13
1427618614.34,1427618614.98,A,95,19
1427618614.34,1427618614.98,B,28,19
1427618614.38,1427618615.02,A,122,23
1427618614.38,1427618615.02,B,23,23
1427618614.42,1427618615.06,A,122,26
1427618614.42,1427618615.06,B,34,26
1427618614.46,1427618615.1,A,160,35
1427618614.46,1427618615.1,B,17,35
1427618614.5,1427618615.14,A,163,36
1427618614.5,1427618615.14,B,16,36
1427618614.54,1427618615.18,A,180,37
1427618614.54,1427618615.18,B,15,37
1427618614.58,1427618615.22,A,210,39
1427618614.58,1427618615.22,B,11,39
1427618614.62,1427618615.26,A,215,39
1427618614.62,1427618615.26,B,14,39
1427618614.66,1427618615.3,A,281,65
1427618614.66,1427618615.3,B,65,65
1427618614.7,1427618615.34,A,331,73
1427618614.7,1427618615.34,B,77,73
1427618614.74,1427618615.38,A,385,104
1427618614.74,1427618615.38,B,151,104
1427618614.78,1427618615.42,A,449,98
1427618614.78,1427618615.42,B,131,98
1427618614.82,1427618615.46,A,445,105
1427618614.82,1427618615.46,B,143,105
1427618614.86,1427618615.5,A,507,104
1427618614.86,1427618615.5,B,84,104
1427618614.9,1427618615.54,A,535,104
1427618614.9,1427618615.54,B,104,104
1427618614.94,1427618615.58,A,581,129
1427618614.94,1427618615.58,B,167,129
1427618614.98,1427618615.62,A,715,130
1427618614.98,1427618615.62,B,206,130
1427618615.02,1427618615.66,A,717,167
1427618615.02,1427618615.66,B,275,167
1427618615.06,1427618615.7,A,849,175
1427618615.06,1427618615.7,B,249,175
1427618615.1,1427618615.74,A,796,192
1427618615.1,1427618615.74,B,277,192
1427618615.14,1427618615.78,A,829,174
1427618615.14,1427618615.78,B,200,174
1427618615.18,1427618615.82,A,756,183
1427618615.18,1427618615.82,B,194,183
1427618615.22,1427618615.86,A,755,188
1427618615.22,1427618615.86,B,199,188
1427618615.26,1427618615.9,A,818,208
1427618615.26,1427618615.9,B,264,208
1427618615.3,1427618615.94,A,876,220
1427618615.3,1427618615.94,B,307,220
1427618615.34,1427618615.98,A,928,223
1427618615.34,1427618615.98,B,418,223
1427618615.38,1427618616.02,A,853,222
1427618615.38,1427618616.02,B,482,222
1427618615.42,1427618616.06,A,773,223
1427618615.42,1427618616.06,B,457,223
1427618615.46,1427618616.1,A,676,222
1427618615.46,1427618616.1,B,493,222
1427618615.5,1427618616.14,A,619,211
1427618615.5,1427618616.14,B,439,211
1427618615.54,1427618616.18,A,617,211
1427618615.54,1427618616.18,B,428,211
1427618615.58,1427618616.22,A,610,216
1427618615.58,1427618616.22,B,456,216
1427618615.62,1427618616.26,A,568,207
1427618615.62,1427618616.26,B,498,207
1427618615.66,1427618616.3,A,558,202
1427618615.66,1427618616.3,B,485,202
1427618615.7,1427618616.34,A,379,188
1427618615.7,1427618616.34,B,441,188
1427618615.74,1427618616.38,A,344,192
1427618615.74,1427618616.38,B,420,192
1427618615.78,1427618616.42,A,261,165
1427618615.78,1427618616.42,B,334,165
1427618615.82,1427618616.46,A,311,168
1427618615.82,1427618616.46,B,304,168
1427618615.86,1427618616.5,A,338,171
1427618615.86,1427618616.5,B,291,171
1427618615.9,1427618616.54,A,293,165
1427618615.9,1427618616.54,B,313,165
1427618615.94,1427618616.58,A,243,153
1427618615.94,1427618616.58,B,252,153
1427618615.98,1427618616.62,A,117,121
1427618615.98,1427618616.62,B,254,121
1427618616.02,1427618616.66,A,78,113
1427618616.02,1427618616.66,B,215,113
1427618616.06,1427618616.7,A,126,90
1427618616.06,1427618616.7,B,167,90
1427618616.1,1427618616.74,A,155,93
1427618616.1,1427618616.74,B,177,93
1427618616.14,1427618616.78,A,146,89
1427618616.14,1427618616.78,B,180,89
1427618616.18,1427618616.82,A,158,81
1427618616.18,1427618616.82,B,140,81
1427618616.22,1427618616.86,A,98,74
1427618616.22,1427618616.86,B,141,74
1427618616.26,1427618616.9,A,99,55
1427618616.26,1427618616.9,B,88,55
1427618616.3,1427618616.94,A,24,28
1427618616.3,1427618616.94,B,39,28
1427618616.34,1427618616.98,A,25,23
1427618616.34,1427618616.98,B,31,23
1427618616.38,1427618617.02,A,30,19
1427618616.38,1427618617.02,B,30,19
1427618616.42,1427618617.06,A,32,19
1427618616.42,1427618617.06,B,31,19
1427618616.46,1427618617.1,A,31,19
1427618616.46,1427618617.1,B,31,19
1427618616.5,1427618617.14,A,32,17
1427618616.5,1427618617.14,B,29,17
1427618616.54,1427618617.18,A,24,15
1427618616.54,1427618617.18,B,23,15
1427618616.58,1427618617.22,A,21,11
1427618616.58,1427618617.22,B,16,11
1427618616.62,1427618617.26,A,14,7
1427618616.62,1427618617.26,B,8,7
1427618616.66,1427618617.3,A,12,6
1427618616.66,1427618617.3,B,6,6
1427618616.7,1427618617.34,A,12,6
1427618616.7,1427618617.34,B,6,6
1427618616.74,1427618617.38,A,12,7
1427618616.74,1427618617.38,B,6,7
1427618616.78,1427618617.42,A,15,6
1427618616.78,1427618617.42,B,4,6
1427618616.82,1427618617.46,A,13,6
1427618616.82,1427618617.46,B,6,6
1427618616.86,1427618617.5,A,13,6
1427618616.86,1427618617.5,B,6,6
1427618616.9,1427618617.54,A,9,6
1427618616.9,1427618617.54,B,5,6
1427618616.94,1427618617.58,A,8,6
1427618616.94,1427618617.58,B,5,6
1427618616.98,1427618617.62,A,7,5
1427618616.98,1427618617.62,B,3,5
1427618617.02,1427618617.66,A,9,5
1427618617.02,1427618617.66,B,4,5
1427618617.06,1427618617.7,A,9,6
1427618617.06,1427618617.7,B,6,6
1427618617.1,1427618617.74,A,8,6
1427618617.1,1427618617.74,B,7,6
1427618617.14,1427618617.78,A,8,6
1427618617.14,1427618617.78,B,6,6
1427618617.18,1427618617.82,A,9,6
1427618617.18,1427618617.82,B,5,6
1427618617.22,1427618617.86,A,7,6
1427618617.22,1427618617.86,B,3,6
1427618617.26,1427618617.9,A,7,5
1427618617.26,1427618617.9,B,5,5
1427618617.3,1427618617.94,A,4,4
1427618617.3,1427618617.94,B,8,4
1427618617.34,1427618617.98,A,4,4
1427618617.34,1427618617.98,B,9,4
1427618617.38,1427618618.02,A,1,4
1427618617.38,1427618618.02,B,10,4
1427618617.42,1427618618.06,A,0,3
1427618617.42,1427618618.06,B,11,3
1427618617.46,1427618618.1,A,2,4
1427618617.46,1427618618.1,B,10,4
1427618617.5,1427618618.14,A,2,4
1427618617.5,1427618618.14,B,9,4
1427618617.54,1427618618.18,A,4,4
1427618617.54,1427618618.18,B,6,4
1427618617.58,1427618618.22,A,5,4
1427618617.58,1427618618.22,B,7,4
1427618617.62,1427618618.26,A,6,4
1427618617.62,1427618618.26,B,8,4
1427618617.66,1427618618.3,A,7,5
1427618617.66,1427618618.3,B,8,5
1427618617.7,1427618618.34,A,8,4
1427618617.7,1427618618.34,B,7,4
1427618617.74,1427618618.38,A,8,4
1427618617.74,1427618618.38,B,6,4
1427618617.78,1427618618.42,A,12,5
1427618617.78,1427618618.42,B,8,5
1427618617.82,1427618618.46,A,12,5
1427618617.82,1427618618.46,B,8,5
1427618617.86,1427618618.5,A,14,5
1427618617.86,1427618618.5,B,8,5
1427618617.9,1427618618.54,A,14,5
1427618617.9,1427618618.54,B,8,5
1427618617.94,1427618618.58,A,15,5
1427618617.94,1427618618.58,B,7,5
1427618617.98,1427618618.62,A,13,5
1427618617.98,1427618618.62,B,7,5
1427618618.02,1427618618.66,A,14,5
1427618618.02,1427618618.66,B,7,5
1427618618.06,1427618618.7,A,16,6
1427618618.06,1427618618.7,B,8,6
1427618618.1,1427618618.74,A,15,7
1427618618.1,1427618618.74,B,11,7
1427618618.14,1427618618.78,A,18,7
1427618618.14,1427618618.78,B,13,7
1427618618.18,1427618618.82,A,14,7
1427618618.18,1427618618.82,B,17,7
1427618618.22,1427618618.86,A,15,7
1427618618.22,1427618618.86,B,15,7
1427618618.26,1427618618.9,A,12,7
1427618618.26,1427618618.9,B,14,7
1427618618.3,1427618618.94,A,11,7
1427618618.3,1427618618.94,B,12,7
1427618618.34,1427618618.98,A,11,7
1427618618.34,1427618618.98,B,12,7
1427618618.38,1427618619.02,A,11,6
1427618618.38,1427618619.02,B,12,6
1427618618.42,1427618619.06,A,13,6
1427618618.42,1427618619.06,B,14,6
1427618618.46,1427618619.1,A,10,6
1427618618.46,1427618619.1,B,16,6
1427618618.5,1427618619.14,A,10,5
1427618618.5,1427618619.14,B,14,5
1427618618.54,1427618619.18,A,7,6
1427618618.54,1427618619.18,B,12,6
1427618618.58,1427618619.22,A,6,5
1427618618.58,1427618619.22,B,9,5
1427618618.62,1427618619.26,A,4,5
1427618618.62,1427618619.26,B,7,5
1427618618.66,1427618619.3,A,3,5
1427618618.66,1427618619.3,B,9,5
1427618618.7,1427618619.34,A,7,5
1427618618.7,1427618619.34,B,7,5
1427618618.74,1427618619.38,A,8,5
1427618618.74,1427618619.38,B,6,5
1427618618.78,1427618619.42,A,11,4
1427618618.78,1427618619.42,B,4,4
1427618618.82,1427618619.46,A,12,4
1427618618.82,1427618619.46,B,3,4
1427618618.86,1427618619.5,A,15,5
1427618618.86,1427618619.5,B,4,5
1427618618.9,1427618619.54,A,16,5
1427618618.9,1427618619.54,B,6,5
1427618618.94,1427618619.58,A,15,5
1427618618.94,1427618619.58,B,7,5
1427618618.98,1427618619.62,A,16,5
1427618618.98,1427618619.62,B,7,5
1427618619.02,1427618619.66,A,16,5
1427618619.02,1427618619.66,B,6,5
1427618619.06,1427618619.7,A,17,5
1427618619.06,1427618619.7,B,7,5
1427618619.1,1427618619.74,A,18,5
1427618619.1,1427618619.74,B,9,5
1427618619.14,1427618619.78,A,18,5
1427618619.14,1427618619.78,B,11,5
1427618619.18,1427618619.82,A,17,5
1427618619.18,1427618619.82,B,12,5
1427618619.22,1427618619.86,A,14,5
1427618619.22,1427618619.86,B,14,5
1427618619.26,1427618619.9,A,13,6
1427618619.26,1427618619.9,B,17,6
1427618619.3,1427618619.94,A,13,6
1427618619.3,1427618619.94,B,17,6
1427618619.34,1427618619.98,A,13,6
1427618619.34,1427618619.98,B,18,6
1427618619.38,1427618620.02,A,11,6
1427618619.38,1427618620.02,B,18,6
1427618619.42,1427618620.06,A,12,6
1427618619.42,1427618620.06,B,17,6
1427618619.46,1427618620.1,A,11,5
1427618619.46,1427618620.1,B,15,5
1427618619.5,1427618620.14,A,8,4
1427618619.5,1427618620.14,B,15,4
1427618619.54,1427618620.18,A,6,5
1427618619.54,1427618620.18,B,12,5
1427618619.58,1427618620.22,A,5,4
1427618619.58,1427618620.22,B,10,4
1427618619.62,1427618620.26,A,4,4
1427618619.62,1427618620.26,B,10,4
1427618619.66,1427618620.3,A,5,4
1427618619.66,1427618620.3,B,10,4
1427618619.7,1427618620.34,A,5,4
1427618619.7,1427618620.34,B,8,4
1427618619.74,1427618620.38,A,2,4
1427618619.74,1427618620.38,B,9,4
1427618619.78,1427618620.42,A,1,4
1427618619.78,1427618620.42,B,10,4
1427618619.82,1427618620.46,A,1,4
1427618619.82,1427618620.46,B,11,4
1427618619.86,1427618620.5,A,1,4
1427618619.86,1427618620.5,B,11,4
1427618619.9,1427618620.54,A,3,4
1427618619.9,1427618620.54,B,10,4
1427618619.94,1427618620.58,A,3,4
1427618619.94,1427618620.58,B,8,4
1427618619.98,1427618620.62,A,2,4
1427618619.98,1427618620.62,B,8,4
1427618620.02,1427618620.66,A,2,4
1427618620.02,1427618620.66,B,7,4
1427618620.06,1427618620.7,A,2,4
1427618620.06,1427618620.7,B,7,4
1427618620.1,1427618620.74,A,3,4
1427618620.1,1427618620.74,B,9,4
1427618620.14,1427618620.78,A,4,4
1427618620.14,1427618620.78,B,7,4
1427618620.18,1427618620.82,A,5,4
1427618620.18,1427618620.82,B,7,4
1427618620.22,1427618620.86,A,5,4
1427618620.22,1427618620.86,B,7,4
1427618620.26,1427618620.9,A,5,4
1427618620.26,1427618620.9,B,7,4
1427618620.3,1427618620.94,A,7,5
1427618620.3,1427618620.94,B,8,5
1427618620.34,1427618620.98,A,7,5
1427618620.34,1427618620.98,B,7,5
1427618620.38,1427618621.02,A,8,4
1427618620.38,1427618621.02,B,6,4
1427618620.42,1427618621.06,A,7,4
1427618620.42,1427618621.06,B,6,4
1427618620.46,1427618621.1,A,8,4
1427618620.46,1427618621.1,B,7,4
1427618620.5,1427618621.14,A,13,5
1427618620.5,1427618621.14,B,10,5
1427618620.54,1427618621.18,A,14,5
1427618620.54,1427618621.18,B,9,5
1427618620.58,1427618621.22,A,16,5
1427618620.58,1427618621.22,B,8,5
1427618620.62,1427618621.26,A,16,5
1427618620.62,1427618621.26,B,9,5
1427618620.66,1427618621.3,A,17,5
1427618620.66,1427618621.3,B,7,5
1427618620.7,1427618621.34,A,17,5
1427618620.7,1427618621.34,B,7,5
1427618620.74,1427618621.38,A,15,5
1427618620.74,1427618621.38,B,8,5
