#targetfile:$(projectRoot)/result/result/50cm/waist-side/hasc-20150329-131924-mag-pca.csv-lowpass.csv
1427602770.89,1427602771.53,A,24,8
1427602770.89,1427602771.53,B,11,8
1427602770.93,1427602771.57,A,27,8
1427602770.93,1427602771.57,B,9,8
1427602770.97,1427602771.61,A,24,8
1427602770.97,1427602771.61,B,10,8
1427602771.01,1427602771.65,A,25,8
1427602771.01,1427602771.65,B,8,8
1427602771.05,1427602771.69,A,23,9
1427602771.05,1427602771.69,B,10,9
1427602771.09,1427602771.73,A,24,9
1427602771.09,1427602771.73,B,11,9
1427602771.13,1427602771.77,A,26,9
1427602771.13,1427602771.77,B,13,9
1427602771.17,1427602771.81,A,27,9
1427602771.17,1427602771.81,B,12,9
1427602771.21,1427602771.85,A,29,8
1427602771.21,1427602771.85,B,8,8
1427602771.25,1427602771.89,A,24,9
1427602771.25,1427602771.89,B,12,9
1427602771.29,1427602771.93,A,22,8
1427602771.29,1427602771.93,B,11,8
1427602771.33,1427602771.97,A,21,8
1427602771.33,1427602771.97,B,12,8
1427602771.37,1427602772.01,A,19,8
1427602771.37,1427602772.01,B,10,8
1427602771.41,1427602772.05,A,19,8
1427602771.41,1427602772.05,B,10,8
1427602771.45,1427602772.09,A,21,8
1427602771.45,1427602772.09,B,9,8
1427602771.49,1427602772.13,A,18,8
1427602771.49,1427602772.13,B,12,8
1427602771.53,1427602772.17,A,17,8
1427602771.53,1427602772.17,B,14,8
1427602771.57,1427602772.21,A,10,7
1427602771.57,1427602772.21,B,15,7
1427602771.61,1427602772.25,A,7,8
1427602771.61,1427602772.25,B,14,8
1427602771.65,1427602772.29,A,1,7
1427602771.65,1427602772.29,B,10,7
1427602771.69,1427602772.33,A,5,7
1427602771.69,1427602772.33,B,11,7
1427602771.73,1427602772.37,A,7,7
1427602771.73,1427602772.37,B,12,7
1427602771.77,1427602772.41,A,11,8
1427602771.77,1427602772.41,B,11,8
1427602771.81,1427602772.45,A,10,8
1427602771.81,1427602772.45,B,14,8
1427602771.85,1427602772.49,A,5,6
1427602771.85,1427602772.49,B,18,6
1427602771.89,1427602772.53,A,4,7
1427602771.89,1427602772.53,B,19,7
1427602771.93,1427602772.57,A,3,7
1427602771.93,1427602772.57,B,19,7
1427602771.97,1427602772.61,A,1,7
1427602771.97,1427602772.61,B,17,7
1427602772.01,1427602772.65,A,4,7
1427602772.01,1427602772.65,B,14,7
1427602772.05,1427602772.69,A,5,7
1427602772.05,1427602772.69,B,12,7
1427602772.09,1427602772.73,A,1,7
1427602772.09,1427602772.73,B,14,7
1427602772.13,1427602772.77,A,3,7
1427602772.13,1427602772.77,B,15,7
1427602772.17,1427602772.81,A,11,8
1427602772.17,1427602772.81,B,14,8
1427602772.21,1427602772.85,A,11,8
1427602772.21,1427602772.85,B,14,8
1427602772.25,1427602772.89,A,17,8
1427602772.25,1427602772.89,B,13,8
1427602772.29,1427602772.93,A,15,8
1427602772.29,1427602772.93,B,13,8
1427602772.33,1427602772.97,A,14,8
1427602772.33,1427602772.97,B,12,8
1427602772.37,1427602773.01,A,11,9
1427602772.37,1427602773.01,B,7,9
1427602772.41,1427602773.05,A,12,8
1427602772.41,1427602773.05,B,8,8
1427602772.45,1427602773.09,A,16,7
1427602772.45,1427602773.09,B,11,7
1427602772.49,1427602773.13,A,17,7
1427602772.49,1427602773.13,B,12,7
1427602772.53,1427602773.17,A,17,7
1427602772.53,1427602773.17,B,13,7
1427602772.57,1427602773.21,A,14,7
1427602772.57,1427602773.21,B,15,7
1427602772.61,1427602773.25,A,13,7
1427602772.61,1427602773.25,B,13,7
1427602772.65,1427602773.29,A,10,6
1427602772.65,1427602773.29,B,12,6
1427602772.69,1427602773.33,A,12,7
1427602772.69,1427602773.33,B,11,7
1427602772.73,1427602773.37,A,13,7
1427602772.73,1427602773.37,B,12,7
1427602772.77,1427602773.41,A,15,7
1427602772.77,1427602773.41,B,13,7
1427602772.81,1427602773.45,A,12,7
1427602772.81,1427602773.45,B,16,7
1427602772.85,1427602773.49,A,12,7
1427602772.85,1427602773.49,B,16,7
1427602772.89,1427602773.53,A,6,5
1427602772.89,1427602773.53,B,14,5
1427602772.93,1427602773.57,A,4,5
1427602772.93,1427602773.57,B,14,5
1427602772.97,1427602773.61,A,1,5
1427602772.97,1427602773.61,B,11,5
1427602773.01,1427602773.65,A,8,5
1427602773.01,1427602773.65,B,10,5
1427602773.05,1427602773.69,A,9,7
1427602773.05,1427602773.69,B,12,7
1427602773.09,1427602773.73,A,12,7
1427602773.09,1427602773.73,B,10,7
1427602773.13,1427602773.77,A,13,8
1427602773.13,1427602773.77,B,12,8
1427602773.17,1427602773.81,A,10,7
1427602773.17,1427602773.81,B,14,7
1427602773.21,1427602773.85,A,11,8
1427602773.21,1427602773.85,B,10,8
1427602773.25,1427602773.89,A,5,8
1427602773.25,1427602773.89,B,11,8
1427602773.29,1427602773.93,A,7,9
1427602773.29,1427602773.93,B,15,9
1427602773.33,1427602773.97,A,10,10
1427602773.33,1427602773.97,B,18,10
1427602773.37,1427602774.01,A,24,16
1427602773.37,1427602774.01,B,31,16
1427602773.41,1427602774.05,A,22,17
1427602773.41,1427602774.05,B,40,17
1427602773.45,1427602774.09,A,37,21
1427602773.45,1427602774.09,B,33,21
1427602773.49,1427602774.13,A,33,23
1427602773.49,1427602774.13,B,37,23
1427602773.53,1427602774.17,A,43,24
1427602773.53,1427602774.17,B,27,24
1427602773.57,1427602774.21,A,29,28
1427602773.57,1427602774.21,B,26,28
1427602773.61,1427602774.25,A,20,34
1427602773.61,1427602774.25,B,48,34
1427602773.65,1427602774.29,A,50,41
1427602773.65,1427602774.29,B,76,41
1427602773.69,1427602774.33,A,80,47
1427602773.69,1427602774.33,B,87,47
1427602773.73,1427602774.37,A,122,70
1427602773.73,1427602774.37,B,139,70
1427602773.77,1427602774.41,A,126,76
1427602773.77,1427602774.41,B,161,76
1427602773.81,1427602774.45,A,150,77
1427602773.81,1427602774.45,B,165,77
1427602773.85,1427602774.49,A,115,83
1427602773.85,1427602774.49,B,187,83
1427602773.89,1427602774.53,A,103,84
1427602773.89,1427602774.53,B,204,84
1427602773.93,1427602774.57,A,83,81
1427602773.93,1427602774.57,B,204,81
1427602773.97,1427602774.61,A,158,102
1427602773.97,1427602774.61,B,238,102
1427602774.01,1427602774.65,A,181,109
1427602774.01,1427602774.65,B,240,109
1427602774.05,1427602774.69,A,302,125
1427602774.05,1427602774.69,B,201,125
1427602774.09,1427602774.73,A,316,150
1427602774.09,1427602774.73,B,178,150
1427602774.13,1427602774.77,A,366,145
1427602774.13,1427602774.77,B,113,145
1427602774.17,1427602774.81,A,381,146
1427602774.17,1427602774.81,B,113,146
1427602774.21,1427602774.85,A,386,148
1427602774.21,1427602774.85,B,120,148
1427602774.25,1427602774.89,A,480,162
1427602774.25,1427602774.89,B,197,162
1427602774.29,1427602774.93,A,539,169
1427602774.29,1427602774.93,B,194,169
1427602774.33,1427602774.97,A,599,184
1427602774.33,1427602774.97,B,257,184
1427602774.37,1427602775.01,A,670,188
1427602774.37,1427602775.01,B,197,188
1427602774.41,1427602775.05,A,651,188
1427602774.41,1427602775.05,B,166,188
1427602774.45,1427602775.09,A,657,188
1427602774.45,1427602775.09,B,144,188
1427602774.49,1427602775.13,A,696,199
1427602774.49,1427602775.13,B,192,199
1427602774.53,1427602775.17,A,727,199
1427602774.53,1427602775.17,B,244,199
1427602774.57,1427602775.21,A,820,198
1427602774.57,1427602775.21,B,249,198
1427602774.61,1427602775.25,A,822,195
1427602774.61,1427602775.25,B,274,195
1427602774.65,1427602775.29,A,883,180
1427602774.65,1427602775.29,B,226,180
1427602774.69,1427602775.33,A,808,175
1427602774.69,1427602775.33,B,206,175
1427602774.73,1427602775.37,A,792,159
1427602774.73,1427602775.37,B,150,159
1427602774.77,1427602775.41,A,716,157
1427602774.77,1427602775.41,B,109,157
1427602774.81,1427602775.45,A,703,157
1427602774.81,1427602775.45,B,108,157
1427602774.85,1427602775.49,A,708,158
1427602774.85,1427602775.49,B,114,158
1427602774.89,1427602775.53,A,668,163
1427602774.89,1427602775.53,B,153,163
1427602774.93,1427602775.57,A,664,140
1427602774.93,1427602775.57,B,145,140
1427602774.97,1427602775.61,A,592,146
1427602774.97,1427602775.61,B,190,146
1427602775.01,1427602775.65,A,506,101
1427602775.01,1427602775.65,B,83,101
1427602775.05,1427602775.69,A,443,95
1427602775.05,1427602775.69,B,103,95
1427602775.09,1427602775.73,A,367,82
1427602775.09,1427602775.73,B,54,82
1427602775.13,1427602775.77,A,363,78
1427602775.13,1427602775.77,B,55,78
1427602775.17,1427602775.81,A,331,77
1427602775.17,1427602775.81,B,61,77
1427602775.21,1427602775.85,A,286,83
1427602775.21,1427602775.85,B,106,83
1427602775.25,1427602775.89,A,290,65
1427602775.25,1427602775.89,B,94,65
1427602775.29,1427602775.93,A,215,62
1427602775.29,1427602775.93,B,103,62
1427602775.33,1427602775.97,A,204,42
1427602775.33,1427602775.97,B,64,42
1427602775.37,1427602776.01,A,157,42
1427602775.37,1427602776.01,B,45,42
1427602775.41,1427602776.05,A,134,33
1427602775.41,1427602776.05,B,23,33
1427602775.45,1427602776.09,A,131,32
1427602775.45,1427602776.09,B,28,32
1427602775.49,1427602776.13,A,105,30
1427602775.49,1427602776.13,B,52,30
1427602775.53,1427602776.17,A,108,25
1427602775.53,1427602776.17,B,41,25
1427602775.57,1427602776.21,A,84,24
1427602775.57,1427602776.21,B,48,24
1427602775.61,1427602776.25,A,72,15
1427602775.61,1427602776.25,B,26,15
1427602775.65,1427602776.29,A,61,15
1427602775.65,1427602776.29,B,21,15
1427602775.69,1427602776.33,A,48,13
1427602775.69,1427602776.33,B,14,13
1427602775.73,1427602776.37,A,48,12
1427602775.73,1427602776.37,B,16,12
1427602775.77,1427602776.41,A,43,12
1427602775.77,1427602776.41,B,20,12
1427602775.81,1427602776.45,A,39,12
1427602775.81,1427602776.45,B,15,12
1427602775.85,1427602776.49,A,34,11
1427602775.85,1427602776.49,B,13,11
1427602775.89,1427602776.53,A,24,6
1427602775.89,1427602776.53,B,8,6
1427602775.93,1427602776.57,A,22,6
1427602775.93,1427602776.57,B,10,6
1427602775.97,1427602776.61,A,19,6
1427602775.97,1427602776.61,B,8,6
1427602776.01,1427602776.65,A,18,6
1427602776.01,1427602776.65,B,10,6
1427602776.05,1427602776.69,A,19,6
1427602776.05,1427602776.69,B,10,6
1427602776.09,1427602776.73,A,15,6
1427602776.09,1427602776.73,B,12,6
1427602776.13,1427602776.77,A,16,5
1427602776.13,1427602776.77,B,11,5
1427602776.17,1427602776.81,A,13,4
1427602776.17,1427602776.81,B,11,4
1427602776.21,1427602776.85,A,12,4
1427602776.21,1427602776.85,B,9,4
1427602776.25,1427602776.89,A,10,4
1427602776.25,1427602776.89,B,11,4
1427602776.29,1427602776.93,A,8,4
1427602776.29,1427602776.93,B,9,4
1427602776.33,1427602776.97,A,6,4
1427602776.33,1427602776.97,B,8,4
1427602776.37,1427602777.01,A,6,4
1427602776.37,1427602777.01,B,8,4
1427602776.41,1427602777.05,A,6,4
1427602776.41,1427602777.05,B,8,4
1427602776.45,1427602777.09,A,6,4
1427602776.45,1427602777.09,B,9,4
1427602776.49,1427602777.13,A,6,4
1427602776.49,1427602777.13,B,9,4
1427602776.53,1427602777.17,A,5,4
1427602776.53,1427602777.17,B,9,4
1427602776.57,1427602777.21,A,6,4
1427602776.57,1427602777.21,B,9,4
1427602776.61,1427602777.25,A,5,4
1427602776.61,1427602777.25,B,5,4
1427602776.65,1427602777.29,A,3,4
1427602776.65,1427602777.29,B,4,4
1427602776.69,1427602777.33,A,2,3
1427602776.69,1427602777.33,B,4,3
1427602776.73,1427602777.37,A,2,4
1427602776.73,1427602777.37,B,4,4
1427602776.77,1427602777.41,A,2,4
1427602776.77,1427602777.41,B,6,4
1427602776.81,1427602777.45,A,6,4
1427602776.81,1427602777.45,B,5,4
1427602776.85,1427602777.49,A,5,3
1427602776.85,1427602777.49,B,7,3
1427602776.89,1427602777.53,A,5,3
1427602776.89,1427602777.53,B,7,3
1427602776.93,1427602777.57,A,5,3
1427602776.93,1427602777.57,B,6,3
1427602776.97,1427602777.61,A,6,3
1427602776.97,1427602777.61,B,8,3
1427602777.01,1427602777.65,A,7,3
1427602777.01,1427602777.65,B,9,3
1427602777.05,1427602777.69,A,8,3
1427602777.05,1427602777.69,B,7,3
1427602777.09,1427602777.73,A,9,3
1427602777.09,1427602777.73,B,6,3
1427602777.13,1427602777.77,A,11,3
1427602777.13,1427602777.77,B,7,3
1427602777.17,1427602777.81,A,12,3
1427602777.17,1427602777.81,B,8,3
1427602777.21,1427602777.85,A,14,3
1427602777.21,1427602777.85,B,7,3
1427602777.25,1427602777.89,A,14,4
1427602777.25,1427602777.89,B,8,4
1427602777.29,1427602777.93,A,14,4
1427602777.29,1427602777.93,B,10,4
1427602777.33,1427602777.97,A,14,4
1427602777.33,1427602777.97,B,11,4
1427602777.37,1427602778.01,A,13,4
1427602777.37,1427602778.01,B,10,4
1427602777.41,1427602778.05,A,14,4
1427602777.41,1427602778.05,B,10,4
1427602777.45,1427602778.09,A,13,4
1427602777.45,1427602778.09,B,12,4
1427602777.49,1427602778.13,A,14,5
1427602777.49,1427602778.13,B,12,5
1427602777.53,1427602778.17,A,14,5
1427602777.53,1427602778.17,B,12,5
1427602777.57,1427602778.21,A,14,5
1427602777.57,1427602778.21,B,9,5
1427602777.61,1427602778.25,A,14,5
1427602777.61,1427602778.25,B,7,5
1427602777.65,1427602778.29,A,11,5
1427602777.65,1427602778.29,B,7,5
1427602777.69,1427602778.33,A,11,6
1427602777.69,1427602778.33,B,7,6
1427602777.73,1427602778.37,A,8,6
1427602777.73,1427602778.37,B,8,6
1427602777.77,1427602778.41,A,9,6
1427602777.77,1427602778.41,B,8,6
1427602777.81,1427602778.45,A,8,6
1427602777.81,1427602778.45,B,8,6
1427602777.85,1427602778.49,A,8,6
1427602777.85,1427602778.49,B,5,6
1427602777.89,1427602778.53,A,9,6
1427602777.89,1427602778.53,B,5,6
1427602777.93,1427602778.57,A,7,5
1427602777.93,1427602778.57,B,6,5
1427602777.97,1427602778.61,A,8,5
1427602777.97,1427602778.61,B,5,5
1427602778.01,1427602778.65,A,8,5
1427602778.01,1427602778.65,B,4,5
1427602778.05,1427602778.69,A,9,5
1427602778.05,1427602778.69,B,4,5
1427602778.09,1427602778.73,A,9,5
1427602778.09,1427602778.73,B,4,5
1427602778.13,1427602778.77,A,9,4
1427602778.13,1427602778.77,B,4,4
1427602778.17,1427602778.81,A,8,4
1427602778.17,1427602778.81,B,3,4
1427602778.21,1427602778.85,A,8,5
1427602778.21,1427602778.85,B,4,5
1427602778.25,1427602778.89,A,8,4
1427602778.25,1427602778.89,B,6,4
1427602778.29,1427602778.93,A,4,3
1427602778.29,1427602778.93,B,9,3
1427602778.33,1427602778.97,A,4,4
1427602778.33,1427602778.97,B,8,4
1427602778.37,1427602779.01,A,3,3
1427602778.37,1427602779.01,B,7,3
1427602778.41,1427602779.05,A,3,3
1427602778.41,1427602779.05,B,7,3
1427602778.45,1427602779.09,A,2,3
1427602778.45,1427602779.09,B,8,3
1427602778.49,1427602779.13,A,5,3
1427602778.49,1427602779.13,B,9,3
1427602778.53,1427602779.17,A,5,3
1427602778.53,1427602779.17,B,9,3
1427602778.57,1427602779.21,A,5,3
1427602778.57,1427602779.21,B,10,3
1427602778.61,1427602779.25,A,7,3
1427602778.61,1427602779.25,B,8,3
1427602778.65,1427602779.29,A,7,3
1427602778.65,1427602779.29,B,8,3
1427602778.69,1427602779.33,A,9,3
1427602778.69,1427602779.33,B,6,3
1427602778.73,1427602779.37,A,8,3
1427602778.73,1427602779.37,B,5,3
