#targetfile:$(projectRoot)/result/result/50cm/waist-side/hasc-20150329-174220-mag-pca.csv-lowpass.csv
1427618568.05,1427618568.69,A,16,4
1427618568.09,1427618568.73,A,14,4
1427618568.13,1427618568.77,A,14,4
1427618568.17,1427618568.81,A,12,4
1427618568.21,1427618568.85,A,12,4
1427618568.25,1427618568.89,A,14,4
1427618568.29,1427618568.93,A,12,4
1427618568.33,1427618568.97,A,12,4
1427618568.37,1427618569.01,A,10,4
1427618568.37,1427618569.01,B,10,4
1427618568.41,1427618569.05,A,10,4
1427618568.41,1427618569.05,B,10,4
1427618568.45,1427618569.09,A,8,4
1427618568.45,1427618569.09,B,10,4
1427618568.49,1427618569.13,A,7,4
1427618568.49,1427618569.13,B,9,4
1427618568.53,1427618569.17,A,8,4
1427618568.53,1427618569.17,B,10,4
1427618568.57,1427618569.21,A,6,4
1427618568.57,1427618569.21,B,11,4
1427618568.61,1427618569.25,A,7,4
1427618568.61,1427618569.25,B,14,4
1427618568.65,1427618569.29,A,2,5
1427618568.65,1427618569.29,B,18,5
1427618568.69,1427618569.33,A,4,5
1427618568.69,1427618569.33,B,18,5
1427618568.73,1427618569.37,A,3,5
1427618568.73,1427618569.37,B,18,5
1427618568.77,1427618569.41,A,4,5
1427618568.77,1427618569.41,B,17,5
1427618568.81,1427618569.45,A,4,5
1427618568.81,1427618569.45,B,17,5
1427618568.85,1427618569.49,A,4,5
1427618568.85,1427618569.49,B,16,5
1427618568.89,1427618569.53,A,6,4
1427618568.89,1427618569.53,B,15,4
1427618568.93,1427618569.57,A,7,4
1427618568.93,1427618569.57,B,14,4
1427618568.97,1427618569.61,A,10,5
1427618568.97,1427618569.61,B,11,5
1427618569.01,1427618569.65,A,9,4
1427618569.01,1427618569.65,B,9,4
1427618569.05,1427618569.69,A,8,4
1427618569.05,1427618569.69,B,8,4
1427618569.09,1427618569.73,A,7,4
1427618569.09,1427618569.73,B,9,4
1427618569.13,1427618569.77,A,8,5
1427618569.13,1427618569.77,B,11,5
1427618569.17,1427618569.81,A,8,5
1427618569.17,1427618569.81,B,12,5
1427618569.21,1427618569.85,A,7,5
1427618569.21,1427618569.85,B,13,5
1427618569.25,1427618569.89,A,8,5
1427618569.25,1427618569.89,B,10,5
1427618569.29,1427618569.93,A,5,4
1427618569.29,1427618569.93,B,8,4
1427618569.33,1427618569.97,A,5,4
1427618569.33,1427618569.97,B,8,4
1427618569.37,1427618570.01,A,5,4
1427618569.37,1427618570.01,B,7,4
1427618569.41,1427618570.05,A,5,4
1427618569.41,1427618570.05,B,6,4
1427618569.45,1427618570.09,A,6,4
1427618569.45,1427618570.09,B,6,4
1427618569.49,1427618570.13,A,6,4
1427618569.49,1427618570.13,B,6,4
1427618569.53,1427618570.17,A,6,4
1427618569.53,1427618570.17,B,6,4
1427618569.57,1427618570.21,A,7,4
1427618569.57,1427618570.21,B,6,4
1427618569.61,1427618570.25,A,9,4
1427618569.61,1427618570.25,B,8,4
1427618569.65,1427618570.29,A,10,5
1427618569.65,1427618570.29,B,9,5
1427618569.69,1427618570.33,A,10,5
1427618569.69,1427618570.33,B,9,5
1427618569.73,1427618570.37,A,11,5
1427618569.73,1427618570.37,B,10,5
1427618569.77,1427618570.41,A,11,5
1427618569.77,1427618570.41,B,10,5
1427618569.81,1427618570.45,A,13,6
1427618569.81,1427618570.45,B,11,6
1427618569.85,1427618570.49,A,13,6
1427618569.85,1427618570.49,B,10,6
1427618569.89,1427618570.53,A,15,6
1427618569.89,1427618570.53,B,10,6
1427618569.93,1427618570.57,A,15,6
1427618569.93,1427618570.57,B,10,6
1427618569.97,1427618570.61,A,14,6
1427618569.97,1427618570.61,B,11,6
1427618570.01,1427618570.65,A,13,6
1427618570.01,1427618570.65,B,12,6
1427618570.05,1427618570.69,A,13,6
1427618570.05,1427618570.69,B,12,6
1427618570.09,1427618570.73,A,13,6
1427618570.09,1427618570.73,B,11,6
1427618570.13,1427618570.77,A,15,5
1427618570.13,1427618570.77,B,11,5
1427618570.17,1427618570.81,A,14,5
1427618570.17,1427618570.81,B,11,5
1427618570.21,1427618570.85,A,12,5
1427618570.21,1427618570.85,B,12,5
1427618570.25,1427618570.89,A,11,5
1427618570.25,1427618570.89,B,11,5
1427618570.29,1427618570.93,A,11,5
1427618570.29,1427618570.93,B,9,5
1427618570.33,1427618570.97,A,13,5
1427618570.33,1427618570.97,B,7,5
1427618570.37,1427618571.01,A,11,5
1427618570.37,1427618571.01,B,6,5
1427618570.41,1427618571.05,A,11,6
1427618570.41,1427618571.05,B,7,6
1427618570.45,1427618571.09,A,11,5
1427618570.45,1427618571.09,B,8,5
1427618570.49,1427618571.13,A,12,5
1427618570.49,1427618571.13,B,9,5
1427618570.53,1427618571.17,A,10,5
1427618570.53,1427618571.17,B,7,5
1427618570.57,1427618571.21,A,7,4
1427618570.57,1427618571.21,B,8,4
1427618570.61,1427618571.25,A,14,6
1427618570.61,1427618571.25,B,12,6
1427618570.65,1427618571.29,A,15,6
1427618570.65,1427618571.29,B,14,6
1427618570.69,1427618571.33,A,22,7
1427618570.69,1427618571.33,B,19,7
1427618570.73,1427618571.37,A,26,8
1427618570.73,1427618571.37,B,18,8
1427618570.77,1427618571.41,A,27,8
1427618570.77,1427618571.41,B,17,8
1427618570.81,1427618571.45,A,31,8
1427618570.81,1427618571.45,B,16,8
1427618570.85,1427618571.49,A,35,10
1427618570.85,1427618571.49,B,21,10
1427618570.89,1427618571.53,A,39,12
1427618570.89,1427618571.53,B,27,12
1427618570.93,1427618571.57,A,47,12
1427618570.93,1427618571.57,B,29,12
1427618570.97,1427618571.61,A,47,12
1427618570.97,1427618571.61,B,31,12
1427618571.01,1427618571.65,A,51,12
1427618571.01,1427618571.65,B,27,12
1427618571.05,1427618571.69,A,60,14
1427618571.05,1427618571.69,B,36,14
1427618571.09,1427618571.73,A,65,17
1427618571.09,1427618571.73,B,44,17
1427618571.13,1427618571.77,A,90,21
1427618571.13,1427618571.77,B,57,21
1427618571.17,1427618571.81,A,92,20
1427618571.17,1427618571.81,B,56,20
1427618571.21,1427618571.85,A,101,22
1427618571.21,1427618571.85,B,49,22
1427618571.25,1427618571.89,A,129,29
1427618571.25,1427618571.89,B,49,29
1427618571.29,1427618571.93,A,135,32
1427618571.29,1427618571.93,B,61,32
1427618571.33,1427618571.97,A,180,43
1427618571.33,1427618571.97,B,101,43
1427618571.37,1427618572.01,A,194,40
1427618571.37,1427618572.01,B,94,40
1427618571.41,1427618572.05,A,203,43
1427618571.41,1427618572.05,B,89,43
1427618571.45,1427618572.09,A,281,67
1427618571.45,1427618572.09,B,67,67
1427618571.49,1427618572.13,A,305,68
1427618571.49,1427618572.13,B,103,68
1427618571.53,1427618572.17,A,387,97
1427618571.53,1427618572.17,B,194,97
1427618571.57,1427618572.21,A,459,103
1427618571.57,1427618572.21,B,188,103
1427618571.61,1427618572.25,A,478,111
1427618571.61,1427618572.25,B,197,111
1427618571.65,1427618572.29,A,611,130
1427618571.65,1427618572.29,B,98,130
1427618571.69,1427618572.33,A,674,145
1427618571.69,1427618572.33,B,139,145
1427618571.73,1427618572.37,A,855,244
1427618571.73,1427618572.37,B,362,244
1427618571.77,1427618572.41,A,917,240
1427618571.77,1427618572.41,B,443,240
1427618571.81,1427618572.45,A,938,231
1427618571.81,1427618572.45,B,520,231
1427618571.85,1427618572.49,A,1010,237
1427618571.85,1427618572.49,B,460,237
1427618571.89,1427618572.53,A,1071,269
1427618571.89,1427618572.53,B,474,269
1427618571.93,1427618572.57,A,1281,317
1427618571.93,1427618572.57,B,633,317
1427618571.97,1427618572.61,A,1315,334
1427618571.97,1427618572.61,B,721,334
1427618572.01,1427618572.65,A,1291,355
1427618572.01,1427618572.65,B,951,355
1427618572.05,1427618572.69,A,1188,350
1427618572.05,1427618572.69,B,1037,350
1427618572.09,1427618572.73,A,1253,365
1427618572.09,1427618572.73,B,1085,365
1427618572.13,1427618572.77,A,1381,381
1427618572.13,1427618572.77,B,1093,381
1427618572.17,1427618572.81,A,1295,410
1427618572.17,1427618572.81,B,1126,410
1427618572.21,1427618572.85,A,1253,386
1427618572.21,1427618572.85,B,1294,386
1427618572.25,1427618572.89,A,1122,390
1427618572.25,1427618572.89,B,1394,390
1427618572.29,1427618572.93,A,1088,394
1427618572.29,1427618572.93,B,1371,394
1427618572.33,1427618572.97,A,1131,387
1427618572.33,1427618572.97,B,1287,387
1427618572.37,1427618573.01,A,935,379
1427618572.37,1427618573.01,B,1127,379
1427618572.41,1427618573.05,A,857,346
1427618572.41,1427618573.05,B,1188,346
1427618572.45,1427618573.09,A,715,344
1427618572.45,1427618573.09,B,1253,344
1427618572.49,1427618573.13,A,665,336
1427618572.49,1427618573.13,B,1271,336
1427618572.53,1427618573.17,A,699,341
1427618572.53,1427618573.17,B,1159,341
1427618572.57,1427618573.21,A,439,288
1427618572.57,1427618573.21,B,909,288
1427618572.61,1427618573.25,A,392,287
1427618572.61,1427618573.25,B,879,287
1427618572.65,1427618573.29,A,209,232
1427618572.65,1427618573.29,B,815,232
1427618572.69,1427618573.33,A,297,233
1427618572.69,1427618573.33,B,781,233
1427618572.73,1427618573.37,A,342,220
1427618572.73,1427618573.37,B,626,220
1427618572.77,1427618573.41,A,170,181
1427618572.77,1427618573.41,B,470,181
1427618572.81,1427618573.45,A,106,141
1427618572.81,1427618573.45,B,368,141
1427618572.85,1427618573.49,A,56,108
1427618572.85,1427618573.49,B,310,108
1427618572.89,1427618573.53,A,134,86
1427618572.89,1427618573.53,B,239,86
1427618572.93,1427618573.57,A,128,76
1427618572.93,1427618573.57,B,169,76
1427618572.97,1427618573.61,A,94,70
1427618572.97,1427618573.61,B,156,70
1427618573.01,1427618573.65,A,82,55
1427618573.01,1427618573.65,B,142,55
1427618573.05,1427618573.69,A,35,35
1427618573.05,1427618573.69,B,112,35
1427618573.09,1427618573.73,A,46,33
1427618573.09,1427618573.73,B,100,33
1427618573.13,1427618573.77,A,53,30
1427618573.13,1427618573.77,B,79,30
1427618573.17,1427618573.81,A,35,20
1427618573.17,1427618573.81,B,54,20
1427618573.21,1427618573.85,A,31,17
1427618573.21,1427618573.85,B,43,17
1427618573.25,1427618573.89,A,20,15
1427618573.25,1427618573.89,B,34,15
1427618573.29,1427618573.93,A,22,14
1427618573.29,1427618573.93,B,31,14
1427618573.33,1427618573.97,A,26,12
1427618573.33,1427618573.97,B,24,12
1427618573.37,1427618574.01,A,18,10
1427618573.37,1427618574.01,B,20,10
1427618573.41,1427618574.05,A,18,9
1427618573.41,1427618574.05,B,20,9
1427618573.45,1427618574.09,A,9,8
1427618573.45,1427618574.09,B,13,8
1427618573.49,1427618574.13,A,9,8
1427618573.49,1427618574.13,B,13,8
1427618573.53,1427618574.17,A,11,9
1427618573.53,1427618574.17,B,15,9
1427618573.57,1427618574.21,A,9,9
1427618573.57,1427618574.21,B,14,9
1427618573.61,1427618574.25,A,5,7
1427618573.61,1427618574.25,B,11,7
1427618573.65,1427618574.29,A,9,6
1427618573.65,1427618574.29,B,9,6
1427618573.69,1427618574.33,A,9,6
1427618573.69,1427618574.33,B,9,6
1427618573.73,1427618574.37,A,9,6
1427618573.73,1427618574.37,B,9,6
1427618573.77,1427618574.41,A,12,6
1427618573.77,1427618574.41,B,9,6
1427618573.81,1427618574.45,A,13,6
1427618573.81,1427618574.45,B,10,6
1427618573.85,1427618574.49,A,13,6
1427618573.85,1427618574.49,B,11,6
1427618573.89,1427618574.53,A,14,6
1427618573.89,1427618574.53,B,11,6
1427618573.93,1427618574.57,A,13,6
1427618573.93,1427618574.57,B,10,6
1427618573.97,1427618574.61,A,13,5
1427618573.97,1427618574.61,B,10,5
1427618574.01,1427618574.65,A,11,5
1427618574.01,1427618574.65,B,10,5
1427618574.05,1427618574.69,A,11,5
1427618574.05,1427618574.69,B,10,5
1427618574.09,1427618574.73,A,10,4
1427618574.09,1427618574.73,B,8,4
1427618574.13,1427618574.77,A,9,4
1427618574.13,1427618574.77,B,8,4
1427618574.17,1427618574.81,A,9,4
1427618574.17,1427618574.81,B,8,4
1427618574.21,1427618574.85,A,9,4
1427618574.21,1427618574.85,B,10,4
1427618574.25,1427618574.89,A,7,4
1427618574.25,1427618574.89,B,11,4
1427618574.29,1427618574.93,A,8,4
1427618574.29,1427618574.93,B,10,4
1427618574.33,1427618574.97,A,8,3
1427618574.33,1427618574.97,B,10,3
1427618574.37,1427618575.01,A,7,3
1427618574.37,1427618575.01,B,10,3
1427618574.41,1427618575.05,A,7,3
1427618574.41,1427618575.05,B,9,3
1427618574.45,1427618575.09,A,7,3
1427618574.45,1427618575.09,B,10,3
1427618574.49,1427618575.13,A,7,3
1427618574.49,1427618575.13,B,10,3
1427618574.53,1427618575.17,A,8,4
1427618574.53,1427618575.17,B,9,4
1427618574.57,1427618575.21,A,9,4
1427618574.57,1427618575.21,B,9,4
1427618574.61,1427618575.25,A,8,4
1427618574.61,1427618575.25,B,9,4
1427618574.65,1427618575.29,A,8,4
1427618574.65,1427618575.29,B,10,4
1427618574.69,1427618575.33,A,6,5
1427618574.69,1427618575.33,B,12,5
1427618574.73,1427618575.37,A,6,5
1427618574.73,1427618575.37,B,12,5
1427618574.77,1427618575.41,A,5,4
1427618574.77,1427618575.41,B,11,4
1427618574.81,1427618575.45,A,4,4
1427618574.81,1427618575.45,B,10,4
1427618574.85,1427618575.49,A,5,4
1427618574.85,1427618575.49,B,8,4
1427618574.89,1427618575.53,A,7,4
1427618574.89,1427618575.53,B,7,4
1427618574.93,1427618575.57,A,5,4
1427618574.93,1427618575.57,B,9,4
1427618574.97,1427618575.61,A,4,4
1427618574.97,1427618575.61,B,9,4
1427618575.01,1427618575.65,A,6,5
1427618575.01,1427618575.65,B,11,5
1427618575.05,1427618575.69,A,5,5
1427618575.05,1427618575.69,B,11,5
1427618575.09,1427618575.73,A,4,5
1427618575.09,1427618575.73,B,11,5
1427618575.13,1427618575.77,A,3,5
1427618575.13,1427618575.77,B,12,5
1427618575.17,1427618575.81,A,4,5
1427618575.17,1427618575.81,B,11,5
1427618575.21,1427618575.85,A,2,4
1427618575.21,1427618575.85,B,12,4
1427618575.25,1427618575.89,A,2,4
1427618575.25,1427618575.89,B,11,4
1427618575.29,1427618575.93,A,3,4
1427618575.29,1427618575.93,B,9,4
1427618575.33,1427618575.97,A,2,4
1427618575.33,1427618575.97,B,9,4
1427618575.37,1427618576.01,A,2,4
1427618575.37,1427618576.01,B,8,4
1427618575.41,1427618576.05,A,2,3
1427618575.41,1427618576.05,B,7,3
1427618575.45,1427618576.09,A,2,4
1427618575.45,1427618576.09,B,8,4
1427618575.49,1427618576.13,A,3,4
1427618575.49,1427618576.13,B,9,4
1427618575.53,1427618576.17,A,3,5
1427618575.53,1427618576.17,B,11,5
1427618575.57,1427618576.21,A,2,5
1427618575.57,1427618576.21,B,12,5
1427618575.61,1427618576.25,A,2,5
1427618575.61,1427618576.25,B,13,5
1427618575.65,1427618576.29,A,0,5
1427618575.65,1427618576.29,B,13,5
1427618575.69,1427618576.33,A,2,4
1427618575.69,1427618576.33,B,15,4
1427618575.73,1427618576.37,A,2,4
1427618575.73,1427618576.37,B,14,4
1427618575.77,1427618576.41,A,2,4
1427618575.77,1427618576.41,B,14,4
1427618575.81,1427618576.45,A,3,4
1427618575.81,1427618576.45,B,13,4
1427618575.85,1427618576.49,A,3,4
1427618575.85,1427618576.49,B,12,4
1427618575.89,1427618576.53,A,1,4
1427618575.89,1427618576.53,B,11,4
1427618575.93,1427618576.57,A,1,4
1427618575.93,1427618576.57,B,11,4
1427618575.97,1427618576.61,A,1,4
1427618575.97,1427618576.61,B,10,4
1427618576.01,1427618576.65,A,1,4
1427618576.01,1427618576.65,B,13,4
1427618576.05,1427618576.69,A,2,4
1427618576.05,1427618576.69,B,14,4
1427618576.09,1427618576.73,A,6,4
1427618576.09,1427618576.73,B,13,4
1427618576.13,1427618576.77,A,6,4
1427618576.13,1427618576.77,B,13,4
1427618576.17,1427618576.81,A,10,4
1427618576.17,1427618576.81,B,10,4
1427618576.21,1427618576.85,A,8,3
1427618576.21,1427618576.85,B,9,3
1427618576.25,1427618576.89,A,6,4
1427618576.25,1427618576.89,B,10,4
1427618576.29,1427618576.93,A,8,4
1427618576.29,1427618576.93,B,11,4
1427618576.33,1427618576.97,A,9,4
1427618576.33,1427618576.97,B,12,4
1427618576.37,1427618577.01,A,10,4
1427618576.37,1427618577.01,B,13,4
1427618576.41,1427618577.05,A,9,4
1427618576.41,1427618577.05,B,13,4
1427618576.45,1427618577.09,A,9,4
1427618576.45,1427618577.09,B,15,4
1427618576.49,1427618577.13,A,8,5
1427618576.49,1427618577.13,B,14,5
1427618576.53,1427618577.17,A,11,5
1427618576.53,1427618577.17,B,16,5
1427618576.57,1427618577.21,A,11,5
1427618576.57,1427618577.21,B,17,5
1427618576.61,1427618577.25,A,11,5
1427618576.61,1427618577.25,B,17,5
1427618576.65,1427618577.29,A,9,5
1427618576.65,1427618577.29,B,17,5
1427618576.69,1427618577.33,A,9,5
1427618576.69,1427618577.33,B,18,5
1427618576.73,1427618577.37,A,5,5
1427618576.73,1427618577.37,B,15,5
1427618576.77,1427618577.41,A,7,4
1427618576.77,1427618577.41,B,13,4
1427618576.81,1427618577.45,A,7,5
1427618576.81,1427618577.45,B,12,5
1427618576.85,1427618577.49,A,9,5
1427618576.85,1427618577.49,B,11,5
1427618576.89,1427618577.53,A,8,4
1427618576.89,1427618577.53,B,9,4
1427618576.93,1427618577.57,A,6,4
1427618576.93,1427618577.57,B,10,4
1427618576.97,1427618577.61,A,5,3
1427618576.97,1427618577.61,B,10,3
1427618577.01,1427618577.65,A,6,3
1427618577.01,1427618577.65,B,10,3
1427618577.05,1427618577.69,A,10,4
1427618577.05,1427618577.69,B,10,4
1427618577.09,1427618577.73,A,9,4
1427618577.09,1427618577.73,B,9,4
1427618577.13,1427618577.77,A,11,4
1427618577.13,1427618577.77,B,7,4
1427618577.17,1427618577.81,A,7,3
1427618577.17,1427618577.81,B,7,3
1427618577.21,1427618577.85,A,7,4
1427618577.21,1427618577.85,B,9,4
1427618577.25,1427618577.89,A,8,4
1427618577.25,1427618577.89,B,10,4
1427618577.29,1427618577.93,A,9,3
1427618577.29,1427618577.93,B,11,3
1427618577.33,1427618577.97,A,9,3
1427618577.33,1427618577.97,B,10,3
1427618577.37,1427618578.01,A,11,4
1427618577.37,1427618578.01,B,8,4
1427618577.41,1427618578.05,A,11,4
1427618577.41,1427618578.05,B,8,4
1427618577.45,1427618578.09,A,10,4
1427618577.45,1427618578.09,B,7,4
1427618577.49,1427618578.13,A,11,4
1427618577.49,1427618578.13,B,8,4
1427618577.53,1427618578.17,A,11,4
1427618577.53,1427618578.17,B,9,4
1427618577.57,1427618578.21,A,12,4
1427618577.57,1427618578.21,B,9,4
1427618577.61,1427618578.25,A,10,4
1427618577.61,1427618578.25,B,9,4
1427618577.65,1427618578.29,A,9,4
1427618577.65,1427618578.29,B,9,4
