#targetfile:$(projectRoot)/result/result/50cm/waist-side/hasc-20150329-131904-mag-pca.csv-lowpass.csv
1427602751.29,1427602751.93,B,11,3
1427602751.33,1427602751.97,B,11,3
1427602751.37,1427602752.01,B,11,3
1427602751.41,1427602752.05,B,13,4
1427602751.45,1427602752.09,B,12,4
1427602751.49,1427602752.13,B,12,4
1427602751.53,1427602752.17,B,12,4
1427602751.57,1427602752.21,B,12,4
1427602751.61,1427602752.25,B,13,4
1427602751.65,1427602752.29,B,13,4
1427602751.69,1427602752.33,B,14,4
1427602751.73,1427602752.37,B,15,4
1427602751.77,1427602752.41,B,15,4
1427602751.81,1427602752.45,B,14,4
1427602751.85,1427602752.49,B,16,5
1427602751.89,1427602752.53,B,15,4
1427602751.93,1427602752.57,B,13,4
1427602751.97,1427602752.61,B,12,4
1427602752.01,1427602752.65,B,9,4
1427602752.05,1427602752.69,B,9,4
1427602752.09,1427602752.73,B,8,4
1427602752.13,1427602752.77,B,8,4
1427602752.17,1427602752.81,B,7,4
1427602752.21,1427602752.85,B,7,4
1427602752.25,1427602752.89,B,7,4
1427602752.29,1427602752.93,B,7,4
1427602752.33,1427602752.97,B,6,4
1427602752.37,1427602753.01,B,8,4
1427602752.41,1427602753.05,B,8,4
1427602752.45,1427602753.09,B,7,4
1427602752.49,1427602753.13,B,5,3
1427602752.53,1427602753.17,B,6,3
1427602752.57,1427602753.21,B,7,3
1427602752.61,1427602753.25,B,9,4
1427602752.65,1427602753.29,B,10,4
1427602752.69,1427602753.33,B,11,4
1427602752.73,1427602753.37,B,10,4
1427602752.77,1427602753.41,B,8,4
1427602752.81,1427602753.45,B,7,4
1427602752.85,1427602753.49,B,9,4
1427602752.89,1427602753.53,B,9,4
1427602752.93,1427602753.57,B,8,4
1427602752.97,1427602753.61,B,8,4
1427602753.01,1427602753.65,B,10,4
1427602753.05,1427602753.69,B,12,3
1427602753.09,1427602753.73,B,12,3
1427602753.13,1427602753.77,B,11,3
1427602753.17,1427602753.81,B,12,4
1427602753.21,1427602753.85,B,11,4
1427602753.25,1427602753.89,B,8,4
1427602753.29,1427602753.93,B,7,4
1427602753.33,1427602753.97,B,7,4
1427602753.37,1427602754.01,B,7,4
1427602753.41,1427602754.05,B,7,3
1427602753.45,1427602754.09,B,7,4
1427602753.49,1427602754.13,B,5,3
1427602753.53,1427602754.17,B,5,3
1427602753.57,1427602754.21,B,6,3
1427602753.61,1427602754.25,B,6,3
1427602753.65,1427602754.29,B,8,4
1427602753.69,1427602754.33,B,6,4
1427602753.73,1427602754.37,B,6,4
1427602753.77,1427602754.41,B,6,4
1427602753.81,1427602754.45,B,6,4
1427602753.85,1427602754.49,B,8,4
1427602753.89,1427602754.53,B,8,4
1427602753.93,1427602754.57,B,9,4
1427602753.97,1427602754.61,B,9,4
1427602754.01,1427602754.65,B,10,4
1427602754.05,1427602754.69,B,10,4
1427602754.09,1427602754.73,B,9,4
1427602754.13,1427602754.77,B,8,4
1427602754.17,1427602754.81,B,6,4
1427602754.21,1427602754.85,B,6,4
1427602754.25,1427602754.89,B,7,5
1427602754.29,1427602754.93,B,12,5
1427602754.33,1427602754.97,B,15,6
1427602754.37,1427602755.01,A,15,6
1427602754.37,1427602755.01,B,15,6
1427602754.41,1427602755.05,A,16,7
1427602754.41,1427602755.05,B,13,7
1427602754.45,1427602755.09,A,19,6
1427602754.45,1427602755.09,B,8,6
1427602754.49,1427602755.13,A,15,6
1427602754.49,1427602755.13,B,7,6
1427602754.53,1427602755.17,A,15,6
1427602754.53,1427602755.17,B,8,6
1427602754.57,1427602755.21,A,20,9
1427602754.57,1427602755.21,B,13,9
1427602754.61,1427602755.25,A,23,11
1427602754.61,1427602755.25,B,17,11
1427602754.65,1427602755.29,A,31,12
1427602754.65,1427602755.29,B,25,12
1427602754.69,1427602755.33,A,31,12
1427602754.69,1427602755.33,B,26,12
1427602754.73,1427602755.37,A,34,14
1427602754.73,1427602755.37,B,23,14
1427602754.77,1427602755.41,A,38,14
1427602754.77,1427602755.41,B,20,14
1427602754.81,1427602755.45,A,38,14
1427602754.81,1427602755.45,B,16,14
1427602754.85,1427602755.49,A,55,18
1427602754.85,1427602755.49,B,30,18
1427602754.89,1427602755.53,A,53,20
1427602754.89,1427602755.53,B,39,20
1427602754.93,1427602755.57,A,74,21
1427602754.93,1427602755.57,B,53,21
1427602754.97,1427602755.61,A,69,28
1427602754.97,1427602755.61,B,63,28
1427602755.01,1427602755.65,A,82,30
1427602755.01,1427602755.65,B,57,30
1427602755.05,1427602755.69,A,90,29
1427602755.05,1427602755.69,B,47,29
1427602755.09,1427602755.73,A,97,34
1427602755.09,1427602755.73,B,17,34
1427602755.13,1427602755.77,A,130,39
1427602755.13,1427602755.77,B,47,39
1427602755.17,1427602755.81,A,131,57
1427602755.17,1427602755.81,B,93,57
1427602755.21,1427602755.85,A,203,63
1427602755.21,1427602755.85,B,108,63
1427602755.25,1427602755.89,A,187,98
1427602755.25,1427602755.89,B,168,98
1427602755.29,1427602755.93,A,274,101
1427602755.29,1427602755.93,B,153,101
1427602755.33,1427602755.97,A,240,115
1427602755.33,1427602755.97,B,187,115
1427602755.37,1427602756.01,A,321,108
1427602755.37,1427602756.01,B,103,108
1427602755.41,1427602756.05,A,328,114
1427602755.41,1427602756.05,B,78,114
1427602755.45,1427602756.09,A,405,148
1427602755.45,1427602756.09,B,147,148
1427602755.49,1427602756.13,A,471,135
1427602755.49,1427602756.13,B,171,135
1427602755.53,1427602756.17,A,499,194
1427602755.53,1427602756.17,B,336,194
1427602755.57,1427602756.21,A,549,183
1427602755.57,1427602756.21,B,317,183
1427602755.61,1427602756.25,A,511,200
1427602755.61,1427602756.25,B,314,200
1427602755.65,1427602756.29,A,518,195
1427602755.65,1427602756.29,B,294,195
1427602755.69,1427602756.33,A,520,199
1427602755.69,1427602756.33,B,305,199
1427602755.73,1427602756.37,A,559,209
1427602755.73,1427602756.37,B,350,209
1427602755.77,1427602756.41,A,618,212
1427602755.77,1427602756.41,B,383,212
1427602755.81,1427602756.45,A,620,234
1427602755.81,1427602756.45,B,496,234
1427602755.85,1427602756.49,A,605,242
1427602755.85,1427602756.49,B,522,242
1427602755.89,1427602756.53,A,526,250
1427602755.89,1427602756.53,B,538,250
1427602755.93,1427602756.57,A,543,247
1427602755.93,1427602756.57,B,508,247
1427602755.97,1427602756.61,A,513,247
1427602755.97,1427602756.61,B,484,247
1427602756.01,1427602756.65,A,502,253
1427602756.01,1427602756.65,B,592,253
1427602756.05,1427602756.69,A,454,263
1427602756.05,1427602756.69,B,672,263
1427602756.09,1427602756.73,A,367,232
1427602756.09,1427602756.73,B,789,232
1427602756.13,1427602756.77,A,346,233
1427602756.13,1427602756.77,B,805,233
1427602756.17,1427602756.81,A,218,201
1427602756.17,1427602756.81,B,697,201
1427602756.21,1427602756.85,A,231,199
1427602756.21,1427602756.85,B,692,199
1427602756.25,1427602756.89,A,133,168
1427602756.25,1427602756.89,B,616,168
1427602756.29,1427602756.93,A,137,165
1427602756.29,1427602756.93,B,629,165
1427602756.33,1427602756.97,A,107,163
1427602756.33,1427602756.97,B,644,163
1427602756.37,1427602757.01,A,133,152
1427602756.37,1427602757.01,B,639,152
1427602756.41,1427602757.05,A,143,157
1427602756.41,1427602757.05,B,627,157
1427602756.45,1427602757.09,A,190,127
1427602756.45,1427602757.09,B,543,127
1427602756.49,1427602757.13,A,113,132
1427602756.49,1427602757.13,B,479,132
1427602756.53,1427602757.17,A,87,105
1427602756.53,1427602757.17,B,436,105
1427602756.57,1427602757.21,A,53,100
1427602756.57,1427602757.21,B,391,100
1427602756.61,1427602757.25,A,90,91
1427602756.61,1427602757.25,B,353,91
1427602756.65,1427602757.29,A,106,91
1427602756.65,1427602757.29,B,312,91
1427602756.69,1427602757.33,A,79,83
1427602756.69,1427602757.33,B,265,83
1427602756.73,1427602757.37,A,98,59
1427602756.73,1427602757.37,B,212,59
1427602756.77,1427602757.41,A,44,47
1427602756.77,1427602757.41,B,159,47
1427602756.81,1427602757.45,A,28,39
1427602756.81,1427602757.45,B,136,39
1427602756.85,1427602757.49,A,25,35
1427602756.85,1427602757.49,B,120,35
1427602756.89,1427602757.53,A,34,30
1427602756.89,1427602757.53,B,107,30
1427602756.93,1427602757.57,A,52,27
1427602756.93,1427602757.57,B,88,27
1427602756.97,1427602757.61,A,37,17
1427602756.97,1427602757.61,B,67,17
1427602757.01,1427602757.65,A,30,15
1427602757.01,1427602757.65,B,62,15
1427602757.05,1427602757.69,A,19,14
1427602757.05,1427602757.69,B,50,14
1427602757.09,1427602757.73,A,15,13
1427602757.09,1427602757.73,B,43,13
1427602757.13,1427602757.77,A,18,11
1427602757.13,1427602757.77,B,39,11
1427602757.17,1427602757.81,A,17,12
1427602757.17,1427602757.81,B,37,12
1427602757.21,1427602757.85,A,21,11
1427602757.21,1427602757.85,B,32,11
1427602757.25,1427602757.89,A,14,8
1427602757.25,1427602757.89,B,23,8
1427602757.29,1427602757.93,A,10,8
1427602757.29,1427602757.93,B,20,8
1427602757.33,1427602757.97,A,8,7
1427602757.33,1427602757.97,B,18,7
1427602757.37,1427602758.01,A,8,7
1427602757.37,1427602758.01,B,18,7
1427602757.41,1427602758.05,A,11,7
1427602757.41,1427602758.05,B,16,7
1427602757.45,1427602758.09,A,11,7
1427602757.45,1427602758.09,B,18,7
1427602757.49,1427602758.13,A,10,7
1427602757.49,1427602758.13,B,18,7
1427602757.53,1427602758.17,A,9,6
1427602757.53,1427602758.17,B,13,6
1427602757.57,1427602758.21,A,6,6
1427602757.57,1427602758.21,B,14,6
1427602757.61,1427602758.25,A,4,6
1427602757.61,1427602758.25,B,11,6
1427602757.65,1427602758.29,A,4,6
1427602757.65,1427602758.29,B,11,6
1427602757.69,1427602758.33,A,6,5
1427602757.69,1427602758.33,B,12,5
1427602757.73,1427602758.37,A,10,6
1427602757.73,1427602758.37,B,16,6
1427602757.77,1427602758.41,A,9,6
1427602757.77,1427602758.41,B,18,6
1427602757.81,1427602758.45,A,11,6
1427602757.81,1427602758.45,B,15,6
1427602757.85,1427602758.49,A,12,6
1427602757.85,1427602758.49,B,13,6
1427602757.89,1427602758.53,A,11,7
1427602757.89,1427602758.53,B,10,7
1427602757.93,1427602758.57,A,12,7
1427602757.93,1427602758.57,B,11,7
1427602757.97,1427602758.61,A,15,7
1427602757.97,1427602758.61,B,11,7
1427602758.01,1427602758.65,A,18,7
1427602758.01,1427602758.65,B,15,7
1427602758.05,1427602758.69,A,17,7
1427602758.05,1427602758.69,B,16,7
1427602758.09,1427602758.73,A,18,7
1427602758.09,1427602758.73,B,16,7
1427602758.13,1427602758.77,A,12,7
1427602758.13,1427602758.77,B,20,7
1427602758.17,1427602758.81,A,12,7
1427602758.17,1427602758.81,B,21,7
1427602758.21,1427602758.85,A,13,8
1427602758.21,1427602758.85,B,23,8
1427602758.25,1427602758.89,A,10,8
1427602758.25,1427602758.89,B,22,8
1427602758.29,1427602758.93,A,11,8
1427602758.29,1427602758.93,B,21,8
1427602758.33,1427602758.97,A,11,8
1427602758.33,1427602758.97,B,21,8
1427602758.37,1427602759.01,A,8,8
1427602758.37,1427602759.01,B,19,8
1427602758.41,1427602759.05,A,7,7
1427602758.41,1427602759.05,B,20,7
1427602758.45,1427602759.09,A,5,7
1427602758.45,1427602759.09,B,18,7
1427602758.49,1427602759.13,A,4,7
1427602758.49,1427602759.13,B,20,7
1427602758.53,1427602759.17,A,3,7
1427602758.53,1427602759.17,B,20,7
1427602758.57,1427602759.21,A,1,6
1427602758.57,1427602759.21,B,19,6
1427602758.61,1427602759.25,A,1,6
1427602758.61,1427602759.25,B,19,6
1427602758.65,1427602759.29,A,1,6
1427602758.65,1427602759.29,B,17,6
1427602758.69,1427602759.33,A,1,5
1427602758.69,1427602759.33,B,16,5
1427602758.73,1427602759.37,A,2,5
1427602758.73,1427602759.37,B,15,5
1427602758.77,1427602759.41,A,3,5
1427602758.77,1427602759.41,B,11,5
1427602758.81,1427602759.45,A,3,5
1427602758.81,1427602759.45,B,7,5
1427602758.85,1427602759.49,A,2,4
1427602758.85,1427602759.49,B,9,4
1427602758.89,1427602759.53,A,2,4
1427602758.89,1427602759.53,B,9,4
1427602758.93,1427602759.57,A,2,4
1427602758.93,1427602759.57,B,9,4
1427602758.97,1427602759.61,A,2,4
1427602758.97,1427602759.61,B,9,4
1427602759.01,1427602759.65,A,3,3
1427602759.01,1427602759.65,B,10,3
1427602759.05,1427602759.69,A,2,3
1427602759.05,1427602759.69,B,10,3
1427602759.09,1427602759.73,A,1,4
1427602759.09,1427602759.73,B,12,4
1427602759.13,1427602759.77,A,1,4
1427602759.13,1427602759.77,B,13,4
1427602759.17,1427602759.81,A,4,4
1427602759.17,1427602759.81,B,14,4
1427602759.21,1427602759.85,A,4,4
1427602759.21,1427602759.85,B,14,4
1427602759.25,1427602759.89,A,5,4
1427602759.25,1427602759.89,B,11,4
1427602759.29,1427602759.93,A,2,5
1427602759.29,1427602759.93,B,11,5
1427602759.33,1427602759.97,A,0,4
1427602759.33,1427602759.97,B,13,4
1427602759.37,1427602760.01,A,1,5
1427602759.37,1427602760.01,B,14,5
1427602759.41,1427602760.05,A,3,5
1427602759.41,1427602760.05,B,14,5
1427602759.45,1427602760.09,A,2,5
1427602759.45,1427602760.09,B,15,5
1427602759.49,1427602760.13,A,2,5
1427602759.49,1427602760.13,B,16,5
