#targetfile:$(projectRoot)/result/result/50cm/waist-side/hasc-20150329-174345-mag-pca.csv-lowpass.csv
1427618631.11,1427618631.75,B,11,5
1427618631.15,1427618631.79,B,12,5
1427618631.19,1427618631.83,B,13,5
1427618631.23,1427618631.87,B,11,5
1427618631.27,1427618631.91,B,10,5
1427618631.31,1427618631.95,B,8,5
1427618631.35,1427618631.99,B,10,5
1427618631.39,1427618632.03,B,11,5
1427618631.43,1427618632.07,B,11,5
1427618631.47,1427618632.11,B,12,4
1427618631.51,1427618632.15,B,11,4
1427618631.55,1427618632.19,B,9,4
1427618631.59,1427618632.23,B,6,4
1427618631.63,1427618632.27,B,6,4
1427618631.67,1427618632.31,B,10,4
1427618631.71,1427618632.35,B,12,5
1427618631.75,1427618632.39,B,12,5
1427618631.79,1427618632.43,B,12,5
1427618631.83,1427618632.47,B,11,5
1427618631.87,1427618632.51,B,9,4
1427618631.91,1427618632.55,B,8,4
1427618631.95,1427618632.59,B,7,4
1427618631.99,1427618632.63,B,8,5
1427618632.03,1427618632.67,B,10,5
1427618632.07,1427618632.71,B,11,5
1427618632.11,1427618632.75,B,11,5
1427618632.15,1427618632.79,B,9,5
1427618632.19,1427618632.83,B,8,5
1427618632.23,1427618632.87,B,6,6
1427618632.27,1427618632.91,B,5,5
1427618632.31,1427618632.95,B,6,5
1427618632.35,1427618632.99,B,6,5
1427618632.39,1427618633.03,B,6,5
1427618632.43,1427618633.07,B,5,4
1427618632.47,1427618633.11,B,5,5
1427618632.51,1427618633.15,B,4,5
1427618632.55,1427618633.19,B,1,5
1427618632.59,1427618633.23,B,3,5
1427618632.63,1427618633.27,B,5,5
1427618632.67,1427618633.31,B,7,5
1427618632.71,1427618633.35,B,8,5
1427618632.75,1427618633.39,B,6,5
1427618632.79,1427618633.43,B,6,5
1427618632.83,1427618633.47,A,17,5
1427618632.83,1427618633.47,B,10,5
1427618632.87,1427618633.51,A,16,5
1427618632.87,1427618633.51,B,12,5
1427618632.91,1427618633.55,A,15,5
1427618632.91,1427618633.55,B,13,5
1427618632.95,1427618633.59,A,15,5
1427618632.95,1427618633.59,B,13,5
1427618632.99,1427618633.63,A,16,5
1427618632.99,1427618633.63,B,14,5
1427618633.03,1427618633.67,A,12,5
1427618633.03,1427618633.67,B,15,5
1427618633.07,1427618633.71,A,12,6
1427618633.07,1427618633.71,B,17,6
1427618633.11,1427618633.75,A,12,6
1427618633.11,1427618633.75,B,17,6
1427618633.15,1427618633.79,A,10,6
1427618633.15,1427618633.79,B,15,6
1427618633.19,1427618633.83,A,12,5
1427618633.19,1427618633.83,B,13,5
1427618633.23,1427618633.87,A,13,6
1427618633.23,1427618633.87,B,11,6
1427618633.27,1427618633.91,A,12,6
1427618633.27,1427618633.91,B,10,6
1427618633.31,1427618633.95,A,12,6
1427618633.31,1427618633.95,B,11,6
1427618633.35,1427618633.99,A,10,6
1427618633.35,1427618633.99,B,13,6
1427618633.39,1427618634.03,A,7,6
1427618633.39,1427618634.03,B,15,6
1427618633.43,1427618634.07,A,5,6
1427618633.43,1427618634.07,B,15,6
1427618633.47,1427618634.11,A,0,6
1427618633.47,1427618634.11,B,12,6
1427618633.51,1427618634.15,A,6,7
1427618633.51,1427618634.15,B,8,7
1427618633.55,1427618634.19,A,7,6
1427618633.55,1427618634.19,B,9,6
1427618633.59,1427618634.23,A,9,7
1427618633.59,1427618634.23,B,10,7
1427618633.63,1427618634.27,A,10,7
1427618633.63,1427618634.27,B,9,7
1427618633.67,1427618634.31,A,10,7
1427618633.67,1427618634.31,B,9,7
1427618633.71,1427618634.35,A,7,7
1427618633.71,1427618634.35,B,10,7
1427618633.75,1427618634.39,A,10,8
1427618633.75,1427618634.39,B,10,8
1427618633.79,1427618634.43,A,12,9
1427618633.79,1427618634.43,B,7,9
1427618633.83,1427618634.47,A,19,10
1427618633.83,1427618634.47,B,13,10
1427618633.87,1427618634.51,A,26,11
1427618633.87,1427618634.51,B,7,11
1427618633.91,1427618634.55,A,32,15
1427618633.91,1427618634.55,B,16,15
1427618633.95,1427618634.59,A,26,18
1427618633.95,1427618634.59,B,24,18
1427618633.99,1427618634.63,A,25,18
1427618633.99,1427618634.63,B,26,18
1427618634.03,1427618634.67,A,11,20
1427618634.03,1427618634.67,B,26,20
1427618634.07,1427618634.71,A,26,24
1427618634.07,1427618634.71,B,41,24
1427618634.11,1427618634.75,A,39,27
1427618634.11,1427618634.75,B,38,27
1427618634.15,1427618634.79,A,55,34
1427618634.15,1427618634.79,B,54,34
1427618634.19,1427618634.83,A,77,35
1427618634.19,1427618634.83,B,41,35
1427618634.23,1427618634.87,A,87,42
1427618634.23,1427618634.87,B,44,42
1427618634.27,1427618634.91,A,79,44
1427618634.27,1427618634.91,B,51,44
1427618634.31,1427618634.95,A,73,46
1427618634.31,1427618634.95,B,36,46
1427618634.35,1427618634.99,A,49,46
1427618634.35,1427618634.99,B,43,46
1427618634.39,1427618635.03,A,25,51
1427618634.39,1427618635.03,B,25,51
1427618634.43,1427618635.07,A,60,79
1427618634.43,1427618635.07,B,87,79
1427618634.47,1427618635.11,A,70,78
1427618634.47,1427618635.11,B,104,78
1427618634.51,1427618635.15,A,139,96
1427618634.51,1427618635.15,B,146,96
1427618634.55,1427618635.19,A,134,96
1427618634.55,1427618635.19,B,153,96
1427618634.59,1427618635.23,A,184,103
1427618634.59,1427618635.23,B,113,103
1427618634.63,1427618635.27,A,142,105
1427618634.63,1427618635.27,B,125,105
1427618634.67,1427618635.31,A,124,109
1427618634.67,1427618635.31,B,128,109
1427618634.71,1427618635.35,A,24,111
1427618634.71,1427618635.35,B,127,111
1427618634.75,1427618635.39,A,111,139
1427618634.75,1427618635.39,B,207,139
1427618634.79,1427618635.43,A,190,138
1427618634.79,1427618635.43,B,166,138
1427618634.83,1427618635.47,A,231,146
1427618634.83,1427618635.47,B,142,146
1427618634.87,1427618635.51,A,369,159
1427618634.87,1427618635.51,B,106,159
1427618634.91,1427618635.55,A,379,162
1427618634.91,1427618635.55,B,144,162
1427618634.95,1427618635.59,A,428,159
1427618634.95,1427618635.59,B,172,159
1427618634.99,1427618635.63,A,437,164
1427618634.99,1427618635.63,B,176,164
1427618635.03,1427618635.67,A,428,172
1427618635.03,1427618635.67,B,216,172
1427618635.07,1427618635.71,A,426,175
1427618635.07,1427618635.71,B,217,175
1427618635.11,1427618635.75,A,490,189
1427618635.11,1427618635.75,B,136,189
1427618635.15,1427618635.79,A,478,178
1427618635.15,1427618635.79,B,221,178
1427618635.19,1427618635.83,A,641,221
1427618635.19,1427618635.83,B,337,221
1427618635.23,1427618635.87,A,732,205
1427618635.23,1427618635.87,B,305,205
1427618635.27,1427618635.91,A,763,204
1427618635.27,1427618635.91,B,291,204
1427618635.31,1427618635.95,A,813,199
1427618635.31,1427618635.95,B,255,199
1427618635.35,1427618635.99,A,808,198
1427618635.35,1427618635.99,B,248,198
1427618635.39,1427618636.03,A,737,198
1427618635.39,1427618636.03,B,181,198
1427618635.43,1427618636.07,A,738,183
1427618635.43,1427618636.07,B,191,183
1427618635.47,1427618636.11,A,748,176
1427618635.47,1427618636.11,B,265,176
1427618635.51,1427618636.15,A,708,161
1427618635.51,1427618636.15,B,237,161
1427618635.55,1427618636.19,A,749,154
1427618635.55,1427618636.19,B,188,154
1427618635.59,1427618636.23,A,753,151
1427618635.59,1427618636.23,B,179,151
1427618635.63,1427618636.27,A,723,154
1427618635.63,1427618636.27,B,159,154
1427618635.67,1427618636.31,A,685,146
1427618635.67,1427618636.31,B,119,146
1427618635.71,1427618636.35,A,637,139
1427618635.71,1427618636.35,B,130,139
1427618635.75,1427618636.39,A,575,137
1427618635.75,1427618636.39,B,143,137
1427618635.79,1427618636.43,A,550,119
1427618635.79,1427618636.43,B,90,119
1427618635.83,1427618636.47,A,450,84
1427618635.83,1427618636.47,B,41,84
1427618635.87,1427618636.51,A,403,79
1427618635.87,1427618636.51,B,30,79
1427618635.91,1427618636.55,A,398,83
1427618635.91,1427618636.55,B,35,83
1427618635.95,1427618636.59,A,334,83
1427618635.95,1427618636.59,B,46,83
1427618635.99,1427618636.63,A,289,61
1427618635.99,1427618636.63,B,47,61
1427618636.03,1427618636.67,A,278,63
1427618636.03,1427618636.67,B,62,63
1427618636.07,1427618636.71,A,209,44
1427618636.07,1427618636.71,B,33,44
1427618636.11,1427618636.75,A,202,39
1427618636.11,1427618636.75,B,25,39
1427618636.15,1427618636.79,A,190,37
1427618636.15,1427618636.79,B,22,37
1427618636.19,1427618636.83,A,166,33
1427618636.19,1427618636.83,B,5,33
1427618636.23,1427618636.87,A,160,31
1427618636.23,1427618636.87,B,9,31
1427618636.27,1427618636.91,A,150,33
1427618636.27,1427618636.91,B,23,33
1427618636.31,1427618636.95,A,116,25
1427618636.31,1427618636.95,B,21,25
1427618636.35,1427618636.99,A,112,26
1427618636.35,1427618636.99,B,22,26
1427618636.39,1427618637.03,A,92,22
1427618636.39,1427618637.03,B,23,22
1427618636.43,1427618637.07,A,80,17
1427618636.43,1427618637.07,B,13,17
1427618636.47,1427618637.11,A,80,18
1427618636.47,1427618637.11,B,9,18
1427618636.51,1427618637.15,A,68,16
1427618636.51,1427618637.15,B,11,16
1427618636.55,1427618637.19,A,62,15
1427618636.55,1427618637.19,B,11,15
1427618636.59,1427618637.23,A,60,16
1427618636.59,1427618637.23,B,14,16
1427618636.63,1427618637.27,A,44,13
1427618636.63,1427618637.27,B,9,13
1427618636.67,1427618637.31,A,42,12
1427618636.67,1427618637.31,B,11,12
1427618636.71,1427618637.35,A,39,10
1427618636.71,1427618637.35,B,7,10
1427618636.75,1427618637.39,A,34,9
1427618636.75,1427618637.39,B,4,9
1427618636.79,1427618637.43,A,35,9
1427618636.79,1427618637.43,B,3,9
1427618636.83,1427618637.47,A,32,9
1427618636.83,1427618637.47,B,5,9
1427618636.87,1427618637.51,A,28,8
1427618636.87,1427618637.51,B,4,8
1427618636.91,1427618637.55,A,28,8
1427618636.91,1427618637.55,B,6,8
1427618636.95,1427618637.59,A,27,8
1427618636.95,1427618637.59,B,6,8
1427618636.99,1427618637.63,A,27,8
1427618636.99,1427618637.63,B,7,8
1427618637.03,1427618637.67,A,28,8
1427618637.03,1427618637.67,B,7,8
1427618637.07,1427618637.71,A,28,8
1427618637.07,1427618637.71,B,7,8
1427618637.11,1427618637.75,A,26,8
1427618637.11,1427618637.75,B,5,8
1427618637.15,1427618637.79,A,24,7
1427618637.15,1427618637.79,B,3,7
1427618637.19,1427618637.83,A,20,7
1427618637.19,1427618637.83,B,6,7
1427618637.23,1427618637.87,A,20,7
1427618637.23,1427618637.87,B,8,7
1427618637.27,1427618637.91,A,20,7
1427618637.27,1427618637.91,B,8,7
1427618637.31,1427618637.95,A,18,6
1427618637.31,1427618637.95,B,8,6
1427618637.35,1427618637.99,A,21,6
1427618637.35,1427618637.99,B,7,6
1427618637.39,1427618638.03,A,22,6
1427618637.39,1427618638.03,B,7,6
1427618637.43,1427618638.07,A,20,6
1427618637.43,1427618638.07,B,7,6
1427618637.47,1427618638.11,A,21,6
1427618637.47,1427618638.11,B,6,6
1427618637.51,1427618638.15,A,16,6
1427618637.51,1427618638.15,B,10,6
1427618637.55,1427618638.19,A,16,6
1427618637.55,1427618638.19,B,11,6
1427618637.59,1427618638.23,A,17,6
1427618637.59,1427618638.23,B,10,6
1427618637.63,1427618638.27,A,18,6
1427618637.63,1427618638.27,B,10,6
1427618637.67,1427618638.31,A,21,6
1427618637.67,1427618638.31,B,9,6
1427618637.71,1427618638.35,A,20,6
1427618637.71,1427618638.35,B,9,6
1427618637.75,1427618638.39,A,21,6
1427618637.75,1427618638.39,B,9,6
1427618637.79,1427618638.43,A,20,6
1427618637.79,1427618638.43,B,11,6
1427618637.83,1427618638.47,A,18,6
1427618637.83,1427618638.47,B,15,6
1427618637.87,1427618638.51,A,15,6
1427618637.87,1427618638.51,B,14,6
1427618637.91,1427618638.55,A,16,6
1427618637.91,1427618638.55,B,14,6
1427618637.95,1427618638.59,A,14,6
1427618637.95,1427618638.59,B,14,6
1427618637.99,1427618638.63,A,11,5
1427618637.99,1427618638.63,B,15,5
1427618638.03,1427618638.67,A,11,6
1427618638.03,1427618638.67,B,16,6
1427618638.07,1427618638.71,A,12,6
1427618638.07,1427618638.71,B,18,6
1427618638.11,1427618638.75,A,9,6
1427618638.11,1427618638.75,B,21,6
1427618638.15,1427618638.79,A,12,6
1427618638.15,1427618638.79,B,18,6
1427618638.19,1427618638.83,A,8,6
1427618638.19,1427618638.83,B,16,6
1427618638.23,1427618638.87,A,8,5
1427618638.23,1427618638.87,B,12,5
1427618638.27,1427618638.91,A,8,5
1427618638.27,1427618638.91,B,12,5
1427618638.31,1427618638.95,A,8,5
1427618638.31,1427618638.95,B,13,5
1427618638.35,1427618638.99,A,11,5
1427618638.35,1427618638.99,B,11,5
1427618638.39,1427618639.03,A,11,5
1427618638.39,1427618639.03,B,10,5
1427618638.43,1427618639.07,A,11,5
1427618638.43,1427618639.07,B,10,5
1427618638.47,1427618639.11,A,14,5
1427618638.47,1427618639.11,B,7,5
1427618638.51,1427618639.15,A,14,5
1427618638.51,1427618639.15,B,6,5
1427618638.55,1427618639.19,A,15,5
1427618638.55,1427618639.19,B,6,5
1427618638.59,1427618639.23,A,13,5
1427618638.59,1427618639.23,B,6,5
1427618638.63,1427618639.27,A,12,5
1427618638.63,1427618639.27,B,6,5
1427618638.67,1427618639.31,A,14,5
1427618638.67,1427618639.31,B,5,5
1427618638.71,1427618639.35,A,12,4
1427618638.71,1427618639.35,B,4,4
1427618638.75,1427618639.39,A,11,4
1427618638.75,1427618639.39,B,5,4
1427618638.79,1427618639.43,A,7,4
1427618638.79,1427618639.43,B,5,4
1427618638.83,1427618639.47,A,7,4
1427618638.83,1427618639.47,B,5,4
1427618638.87,1427618639.51,A,4,3
1427618638.87,1427618639.51,B,4,3
1427618638.91,1427618639.55,A,3,3
1427618638.91,1427618639.55,B,6,3
1427618638.95,1427618639.59,A,2,3
1427618638.95,1427618639.59,B,6,3
1427618638.99,1427618639.63,A,1,3
1427618638.99,1427618639.63,B,7,3
1427618639.03,1427618639.67,A,3,3
1427618639.03,1427618639.67,B,8,3
1427618639.07,1427618639.71,A,2,3
1427618639.07,1427618639.71,B,8,3
1427618639.11,1427618639.75,A,3,3
1427618639.11,1427618639.75,B,7,3
1427618639.15,1427618639.79,A,3,3
1427618639.15,1427618639.79,B,6,3
1427618639.19,1427618639.83,A,4,3
1427618639.19,1427618639.83,B,6,3
1427618639.23,1427618639.87,A,4,3
1427618639.23,1427618639.87,B,5,3
1427618639.27,1427618639.91,A,4,4
1427618639.27,1427618639.91,B,7,4
1427618639.31,1427618639.95,A,2,4
1427618639.31,1427618639.95,B,8,4
1427618639.35,1427618639.99,A,2,4
1427618639.35,1427618639.99,B,8,4
1427618639.39,1427618640.03,A,1,4
1427618639.39,1427618640.03,B,8,4
1427618639.43,1427618640.07,A,2,4
1427618639.43,1427618640.07,B,8,4
1427618639.47,1427618640.11,A,1,4
1427618639.47,1427618640.11,B,8,4
1427618639.51,1427618640.15,A,0,4
1427618639.51,1427618640.15,B,8,4
1427618639.55,1427618640.19,A,1,4
1427618639.55,1427618640.19,B,9,4
1427618639.59,1427618640.23,A,1,5
1427618639.59,1427618640.23,B,9,5
1427618639.63,1427618640.27,A,0,4
1427618639.63,1427618640.27,B,8,4
1427618639.67,1427618640.31,A,0,4
1427618639.67,1427618640.31,B,8,4
1427618639.71,1427618640.35,A,0,4
1427618639.71,1427618640.35,B,7,4
1427618639.75,1427618640.39,A,4,5
1427618639.75,1427618640.39,B,6,5
1427618639.79,1427618640.43,A,5,5
1427618639.79,1427618640.43,B,7,5
1427618639.83,1427618640.47,A,5,5
1427618639.83,1427618640.47,B,7,5
1427618639.87,1427618640.51,A,5,5
1427618639.87,1427618640.51,B,7,5
1427618639.91,1427618640.55,A,3,5
1427618639.91,1427618640.55,B,8,5
1427618639.95,1427618640.59,A,2,5
1427618639.95,1427618640.59,B,8,5
1427618639.99,1427618640.63,A,2,5
1427618639.99,1427618640.63,B,8,5
1427618640.03,1427618640.67,A,1,5
1427618640.03,1427618640.67,B,8,5
1427618640.07,1427618640.71,A,2,5
1427618640.07,1427618640.71,B,7,5
1427618640.11,1427618640.75,A,3,5
1427618640.11,1427618640.75,B,6,5
1427618640.15,1427618640.79,A,4,5
1427618640.15,1427618640.79,B,6,5
1427618640.19,1427618640.83,A,3,4
1427618640.19,1427618640.83,B,7,4
1427618640.23,1427618640.87,A,6,5
1427618640.23,1427618640.87,B,9,5
1427618640.27,1427618640.91,A,4,5
1427618640.27,1427618640.91,B,9,5
1427618640.31,1427618640.95,A,4,5
1427618640.31,1427618640.95,B,10,5
1427618640.35,1427618640.99,A,4,5
1427618640.35,1427618640.99,B,11,5
1427618640.39,1427618641.03,A,4,5
1427618640.39,1427618641.03,B,12,5
1427618640.43,1427618641.07,A,5,5
1427618640.43,1427618641.07,B,10,5
1427618640.47,1427618641.11,A,7,5
1427618640.47,1427618641.11,B,8,5
1427618640.51,1427618641.15,A,8,5
1427618640.51,1427618641.15,B,8,5
1427618640.55,1427618641.19,A,9,5
1427618640.55,1427618641.19,B,9,5
1427618640.59,1427618641.23,A,10,5
1427618640.59,1427618641.23,B,8,5
1427618640.63,1427618641.27,A,10,5
1427618640.63,1427618641.27,B,7,5
1427618640.67,1427618641.31,A,11,5
1427618640.67,1427618641.31,B,7,5
1427618640.71,1427618641.35,A,10,5
1427618640.71,1427618641.35,B,7,5
