#targetfile:$(projectRoot)/result/result/50cm/waist-side/hasc-20150329-174302-mag-pca.csv-lowpass.csv
1427618588.94,1427618589.58,A,10,5
1427618588.98,1427618589.62,A,12,5
1427618589.02,1427618589.66,A,12,5
1427618589.06,1427618589.7,A,13,5
1427618589.1,1427618589.74,A,13,5
1427618589.14,1427618589.78,A,14,6
1427618589.18,1427618589.82,A,15,6
1427618589.22,1427618589.86,A,17,6
1427618589.26,1427618589.9,A,18,6
1427618589.3,1427618589.94,A,16,6
1427618589.34,1427618589.98,A,16,6
1427618589.38,1427618590.02,A,10,5
1427618589.42,1427618590.06,A,12,5
1427618589.46,1427618590.1,A,12,5
1427618589.5,1427618590.14,A,12,5
1427618589.54,1427618590.18,A,13,5
1427618589.58,1427618590.22,A,13,5
1427618589.62,1427618590.26,A,10,5
1427618589.66,1427618590.3,A,11,5
1427618589.7,1427618590.34,A,6,6
1427618589.74,1427618590.38,A,5,6
1427618589.78,1427618590.42,A,0,6
1427618589.82,1427618590.46,A,1,6
1427618589.86,1427618590.5,A,3,6
1427618589.9,1427618590.54,A,4,6
1427618589.94,1427618590.58,A,0,6
1427618589.98,1427618590.62,A,2,6
1427618590.02,1427618590.66,A,2,6
1427618590.06,1427618590.7,A,2,6
1427618590.1,1427618590.74,A,5,6
1427618590.14,1427618590.78,A,7,6
1427618590.18,1427618590.82,A,7,6
1427618590.22,1427618590.86,A,11,6
1427618590.26,1427618590.9,A,11,6
1427618590.3,1427618590.94,A,10,6
1427618590.34,1427618590.98,A,12,6
1427618590.38,1427618591.02,A,12,6
1427618590.42,1427618591.06,A,12,6
1427618590.46,1427618591.1,A,11,6
1427618590.5,1427618591.14,A,9,6
1427618590.54,1427618591.18,A,16,6
1427618590.58,1427618591.22,A,15,6
1427618590.62,1427618591.26,A,18,6
1427618590.62,1427618591.26,B,20,6
1427618590.66,1427618591.3,A,17,6
1427618590.66,1427618591.3,B,22,6
1427618590.7,1427618591.34,A,18,7
1427618590.7,1427618591.34,B,22,7
1427618590.74,1427618591.38,A,18,7
1427618590.74,1427618591.38,B,20,7
1427618590.78,1427618591.42,A,17,8
1427618590.78,1427618591.42,B,16,8
1427618590.82,1427618591.46,A,17,8
1427618590.82,1427618591.46,B,15,8
1427618590.86,1427618591.5,A,15,7
1427618590.86,1427618591.5,B,13,7
1427618590.9,1427618591.54,A,16,8
1427618590.9,1427618591.54,B,12,8
1427618590.94,1427618591.58,A,22,8
1427618590.94,1427618591.58,B,14,8
1427618590.98,1427618591.62,A,22,7
1427618590.98,1427618591.62,B,14,7
1427618591.02,1427618591.66,A,24,7
1427618591.02,1427618591.66,B,11,7
1427618591.06,1427618591.7,A,23,6
1427618591.06,1427618591.7,B,10,6
1427618591.1,1427618591.74,A,24,7
1427618591.1,1427618591.74,B,11,7
1427618591.14,1427618591.78,A,24,7
1427618591.14,1427618591.78,B,11,7
1427618591.18,1427618591.82,A,23,6
1427618591.18,1427618591.82,B,11,6
1427618591.22,1427618591.86,A,20,7
1427618591.22,1427618591.86,B,11,7
1427618591.26,1427618591.9,A,18,8
1427618591.26,1427618591.9,B,10,8
1427618591.3,1427618591.94,A,19,9
1427618591.3,1427618591.94,B,13,9
1427618591.34,1427618591.98,A,25,11
1427618591.34,1427618591.98,B,18,11
1427618591.38,1427618592.02,A,31,12
1427618591.38,1427618592.02,B,18,12
1427618591.42,1427618592.06,A,33,17
1427618591.42,1427618592.06,B,27,17
1427618591.46,1427618592.1,A,20,18
1427618591.46,1427618592.1,B,38,18
1427618591.5,1427618592.14,A,15,19
1427618591.5,1427618592.14,B,42,19
1427618591.54,1427618592.18,A,17,24
1427618591.54,1427618592.18,B,51,24
1427618591.58,1427618592.22,A,23,25
1427618591.58,1427618592.22,B,60,25
1427618591.62,1427618592.26,A,52,32
1427618591.62,1427618592.26,B,54,32
1427618591.66,1427618592.3,A,63,41
1427618591.66,1427618592.3,B,62,41
1427618591.7,1427618592.34,A,56,47
1427618591.7,1427618592.34,B,75,47
1427618591.74,1427618592.38,A,52,46
1427618591.74,1427618592.38,B,75,46
1427618591.78,1427618592.42,A,19,50
1427618591.78,1427618592.42,B,87,50
1427618591.82,1427618592.46,A,19,57
1427618591.82,1427618592.46,B,75,57
1427618591.86,1427618592.5,A,55,65
1427618591.86,1427618592.5,B,86,65
1427618591.9,1427618592.54,A,96,74
1427618591.9,1427618592.54,B,42,74
1427618591.94,1427618592.58,A,160,118
1427618591.94,1427618592.58,B,104,118
1427618591.98,1427618592.62,A,141,123
1427618591.98,1427618592.62,B,143,123
1427618592.02,1427618592.66,A,146,124
1427618592.02,1427618592.66,B,148,124
1427618592.06,1427618592.7,A,98,126
1427618592.06,1427618592.7,B,176,126
1427618592.1,1427618592.74,A,99,129
1427618592.1,1427618592.74,B,227,129
1427618592.14,1427618592.78,A,97,138
1427618592.14,1427618592.78,B,224,138
1427618592.18,1427618592.82,A,221,157
1427618592.18,1427618592.82,B,262,157
1427618592.22,1427618592.86,A,266,156
1427618592.22,1427618592.86,B,225,156
1427618592.26,1427618592.9,A,307,160
1427618592.26,1427618592.9,B,188,160
1427618592.3,1427618592.94,A,364,165
1427618592.3,1427618592.94,B,177,165
1427618592.34,1427618592.98,A,368,164
1427618592.34,1427618592.98,B,176,164
1427618592.38,1427618593.02,A,347,163
1427618592.38,1427618593.02,B,161,163
1427618592.42,1427618593.06,A,387,169
1427618592.42,1427618593.06,B,126,169
1427618592.46,1427618593.1,A,383,167
1427618592.46,1427618593.1,B,126,167
1427618592.5,1427618593.14,A,371,167
1427618592.5,1427618593.14,B,138,167
1427618592.54,1427618593.18,A,377,170
1427618592.54,1427618593.18,B,150,170
1427618592.58,1427618593.22,A,367,156
1427618592.58,1427618593.22,B,137,156
1427618592.62,1427618593.26,A,429,158
1427618592.62,1427618593.26,B,166,158
1427618592.66,1427618593.3,A,489,153
1427618592.66,1427618593.3,B,130,153
1427618592.7,1427618593.34,A,504,151
1427618592.7,1427618593.34,B,136,151
1427618592.74,1427618593.38,A,459,149
1427618592.74,1427618593.38,B,162,149
1427618592.78,1427618593.42,A,432,147
1427618592.78,1427618593.42,B,156,147
1427618592.82,1427618593.46,A,315,123
1427618592.82,1427618593.46,B,189,123
1427618592.86,1427618593.5,A,290,113
1427618592.86,1427618593.5,B,176,113
1427618592.9,1427618593.54,A,333,100
1427618592.9,1427618593.54,B,148,100
1427618592.94,1427618593.58,A,326,98
1427618592.94,1427618593.58,B,124,98
1427618592.98,1427618593.62,A,342,97
1427618592.98,1427618593.62,B,110,97
1427618593.02,1427618593.66,A,343,85
1427618593.02,1427618593.66,B,80,85
1427618593.06,1427618593.7,A,269,81
1427618593.06,1427618593.7,B,98,81
1427618593.1,1427618593.74,A,212,50
1427618593.1,1427618593.74,B,59,50
1427618593.14,1427618593.78,A,202,52
1427618593.14,1427618593.78,B,65,52
1427618593.18,1427618593.82,A,152,35
1427618593.18,1427618593.82,B,21,35
1427618593.22,1427618593.86,A,148,33
1427618593.22,1427618593.86,B,16,33
1427618593.26,1427618593.9,A,146,35
1427618593.26,1427618593.9,B,26,35
1427618593.3,1427618593.94,A,114,33
1427618593.3,1427618593.94,B,31,33
1427618593.34,1427618593.98,A,99,25
1427618593.34,1427618593.98,B,15,25
1427618593.38,1427618594.02,A,85,22
1427618593.38,1427618594.02,B,14,22
1427618593.42,1427618594.06,A,61,17
1427618593.42,1427618594.06,B,15,17
1427618593.46,1427618594.1,A,59,16
1427618593.46,1427618594.1,B,14,16
1427618593.5,1427618594.14,A,53,14
1427618593.5,1427618594.14,B,12,14
1427618593.54,1427618594.18,A,45,13
1427618593.54,1427618594.18,B,10,13
1427618593.58,1427618594.22,A,44,13
1427618593.58,1427618594.22,B,10,13
1427618593.62,1427618594.26,A,36,12
1427618593.62,1427618594.26,B,19,12
1427618593.66,1427618594.3,A,26,9
1427618593.66,1427618594.3,B,21,9
1427618593.7,1427618594.34,A,25,9
1427618593.7,1427618594.34,B,24,9
1427618593.74,1427618594.38,A,15,7
1427618593.74,1427618594.38,B,16,7
1427618593.78,1427618594.42,A,17,7
1427618593.78,1427618594.42,B,13,7
1427618593.82,1427618594.46,A,18,7
1427618593.82,1427618594.46,B,11,7
1427618593.86,1427618594.5,A,18,7
1427618593.86,1427618594.5,B,11,7
1427618593.9,1427618594.54,A,14,6
1427618593.9,1427618594.54,B,12,6
1427618593.94,1427618594.58,A,14,6
1427618593.94,1427618594.58,B,13,6
1427618593.98,1427618594.62,A,7,5
1427618593.98,1427618594.62,B,8,5
1427618594.02,1427618594.66,A,9,4
1427618594.02,1427618594.66,B,6,4
1427618594.06,1427618594.7,A,9,4
1427618594.06,1427618594.7,B,5,4
1427618594.1,1427618594.74,A,8,3
1427618594.1,1427618594.74,B,4,3
1427618594.14,1427618594.78,A,8,4
1427618594.14,1427618594.78,B,3,4
1427618594.18,1427618594.82,A,9,4
1427618594.18,1427618594.82,B,3,4
1427618594.22,1427618594.86,A,7,4
1427618594.22,1427618594.86,B,5,4
1427618594.26,1427618594.9,A,8,4
1427618594.26,1427618594.9,B,6,4
1427618594.3,1427618594.94,A,8,4
1427618594.3,1427618594.94,B,6,4
1427618594.34,1427618594.98,A,7,4
1427618594.34,1427618594.98,B,7,4
1427618594.38,1427618595.02,A,7,4
1427618594.38,1427618595.02,B,6,4
1427618594.42,1427618595.06,A,7,4
1427618594.42,1427618595.06,B,6,4
1427618594.46,1427618595.1,A,6,4
1427618594.46,1427618595.1,B,7,4
1427618594.5,1427618595.14,A,5,4
1427618594.5,1427618595.14,B,8,4
1427618594.54,1427618595.18,A,5,4
1427618594.54,1427618595.18,B,8,4
1427618594.58,1427618595.22,A,5,3
1427618594.58,1427618595.22,B,8,3
1427618594.62,1427618595.26,A,5,4
1427618594.62,1427618595.26,B,9,4
1427618594.66,1427618595.3,A,4,3
1427618594.66,1427618595.3,B,10,3
1427618594.7,1427618595.34,A,6,4
1427618594.7,1427618595.34,B,8,4
1427618594.74,1427618595.38,A,4,4
1427618594.74,1427618595.38,B,7,4
1427618594.78,1427618595.42,A,4,4
1427618594.78,1427618595.42,B,7,4
1427618594.82,1427618595.46,A,1,4
1427618594.82,1427618595.46,B,6,4
1427618594.86,1427618595.5,A,3,3
1427618594.86,1427618595.5,B,5,3
1427618594.9,1427618595.54,A,4,3
1427618594.9,1427618595.54,B,5,3
1427618594.94,1427618595.58,A,3,3
1427618594.94,1427618595.58,B,6,3
1427618594.98,1427618595.62,A,3,4
1427618594.98,1427618595.62,B,5,4
1427618595.02,1427618595.66,A,7,4
1427618595.02,1427618595.66,B,4,4
1427618595.06,1427618595.7,A,6,4
1427618595.06,1427618595.7,B,4,4
1427618595.1,1427618595.74,A,5,4
1427618595.1,1427618595.74,B,4,4
1427618595.14,1427618595.78,A,8,4
1427618595.14,1427618595.78,B,5,4
1427618595.18,1427618595.82,A,9,4
1427618595.18,1427618595.82,B,6,4
1427618595.22,1427618595.86,A,8,5
1427618595.22,1427618595.86,B,8,5
1427618595.26,1427618595.9,A,7,5
1427618595.26,1427618595.9,B,10,5
1427618595.3,1427618595.94,A,5,5
1427618595.3,1427618595.94,B,12,5
1427618595.34,1427618595.98,A,3,5
1427618595.34,1427618595.98,B,11,5
1427618595.38,1427618596.02,A,3,5
1427618595.38,1427618596.02,B,9,5
1427618595.42,1427618596.06,A,3,5
1427618595.42,1427618596.06,B,9,5
1427618595.46,1427618596.1,A,3,5
1427618595.46,1427618596.1,B,9,5
1427618595.5,1427618596.14,A,4,5
1427618595.5,1427618596.14,B,10,5
1427618595.54,1427618596.18,A,2,5
1427618595.54,1427618596.18,B,12,5
1427618595.58,1427618596.22,A,3,5
1427618595.58,1427618596.22,B,12,5
1427618595.62,1427618596.26,A,4,5
1427618595.62,1427618596.26,B,12,5
1427618595.66,1427618596.3,A,6,5
1427618595.66,1427618596.3,B,12,5
1427618595.7,1427618596.34,A,6,4
1427618595.7,1427618596.34,B,11,4
1427618595.74,1427618596.38,A,6,4
1427618595.74,1427618596.38,B,11,4
1427618595.78,1427618596.42,A,8,4
1427618595.78,1427618596.42,B,10,4
1427618595.82,1427618596.46,A,8,4
1427618595.82,1427618596.46,B,9,4
1427618595.86,1427618596.5,A,8,4
1427618595.86,1427618596.5,B,8,4
1427618595.9,1427618596.54,A,6,3
1427618595.9,1427618596.54,B,6,3
1427618595.94,1427618596.58,A,5,3
1427618595.94,1427618596.58,B,6,3
1427618595.98,1427618596.62,A,4,3
1427618595.98,1427618596.62,B,5,3
1427618596.02,1427618596.66,A,4,3
1427618596.02,1427618596.66,B,5,3
1427618596.06,1427618596.7,A,4,3
1427618596.06,1427618596.7,B,6,3
1427618596.1,1427618596.74,A,6,4
1427618596.1,1427618596.74,B,6,4
1427618596.14,1427618596.78,A,5,3
1427618596.14,1427618596.78,B,6,3
1427618596.18,1427618596.82,A,3,3
1427618596.18,1427618596.82,B,6,3
1427618596.22,1427618596.86,A,5,3
1427618596.22,1427618596.86,B,7,3
1427618596.26,1427618596.9,A,6,4
1427618596.26,1427618596.9,B,9,4
1427618596.3,1427618596.94,A,8,5
1427618596.3,1427618596.94,B,11,5
1427618596.34,1427618596.98,A,7,4
1427618596.34,1427618596.98,B,11,4
1427618596.38,1427618597.02,A,7,4
1427618596.38,1427618597.02,B,11,4
1427618596.42,1427618597.06,A,9,4
1427618596.42,1427618597.06,B,10,4
1427618596.46,1427618597.1,A,10,4
1427618596.46,1427618597.1,B,11,4
1427618596.5,1427618597.14,A,11,4
1427618596.5,1427618597.14,B,12,4
1427618596.54,1427618597.18,A,14,5
1427618596.54,1427618597.18,B,12,5
1427618596.58,1427618597.22,A,13,5
1427618596.58,1427618597.22,B,13,5
1427618596.62,1427618597.26,A,13,5
1427618596.62,1427618597.26,B,13,5
1427618596.66,1427618597.3,A,15,5
1427618596.66,1427618597.3,B,14,5
1427618596.7,1427618597.34,A,16,5
1427618596.7,1427618597.34,B,14,5
1427618596.74,1427618597.38,A,16,5
1427618596.74,1427618597.38,B,14,5
1427618596.78,1427618597.42,A,17,5
1427618596.78,1427618597.42,B,13,5
1427618596.82,1427618597.46,A,19,5
1427618596.82,1427618597.46,B,12,5
1427618596.86,1427618597.5,A,16,5
1427618596.86,1427618597.5,B,12,5
1427618596.9,1427618597.54,A,15,5
1427618596.9,1427618597.54,B,12,5
1427618596.94,1427618597.58,A,13,4
1427618596.94,1427618597.58,B,11,4
1427618596.98,1427618597.62,A,14,4
1427618596.98,1427618597.62,B,11,4
1427618597.02,1427618597.66,A,14,5
1427618597.02,1427618597.66,B,13,5
1427618597.06,1427618597.7,A,13,5
1427618597.06,1427618597.7,B,14,5
1427618597.1,1427618597.74,A,13,5
1427618597.1,1427618597.74,B,12,5
1427618597.14,1427618597.78,A,11,5
1427618597.14,1427618597.78,B,12,5
1427618597.18,1427618597.82,A,9,5
1427618597.18,1427618597.82,B,11,5
1427618597.22,1427618597.86,A,8,5
1427618597.22,1427618597.86,B,9,5
1427618597.26,1427618597.9,A,8,5
1427618597.26,1427618597.9,B,9,5
1427618597.3,1427618597.94,A,8,5
1427618597.3,1427618597.94,B,8,5
1427618597.34,1427618597.98,A,9,5
1427618597.34,1427618597.98,B,7,5
