#targetfile:$(projectRoot)/result/result/50cm/waist-side/hasc-20150329-132127-mag-pca.csv-lowpass.csv
1427602904.28,1427602904.92,B,10,3
1427602904.32,1427602904.96,B,11,3
1427602904.36,1427602905.0,B,13,3
1427602904.4,1427602905.04,B,13,3
1427602904.44,1427602905.08,B,11,3
1427602904.48,1427602905.12,B,10,4
1427602904.52,1427602905.16,B,9,4
1427602904.56,1427602905.2,B,9,4
1427602904.6,1427602905.24,B,9,4
1427602904.64,1427602905.28,B,8,4
1427602904.68,1427602905.32,B,5,3
1427602904.72,1427602905.36,B,3,3
1427602904.76,1427602905.4,B,3,3
1427602904.8,1427602905.44,B,3,4
1427602904.84,1427602905.48,B,4,4
1427602904.88,1427602905.52,B,5,4
1427602904.92,1427602905.56,B,8,4
1427602904.96,1427602905.6,B,9,4
1427602905.0,1427602905.64,B,11,5
1427602905.04,1427602905.68,B,13,5
1427602905.08,1427602905.72,B,10,5
1427602905.12,1427602905.76,B,8,5
1427602905.16,1427602905.8,B,9,6
1427602905.2,1427602905.84,B,9,6
1427602905.24,1427602905.88,B,7,7
1427602905.28,1427602905.92,B,9,7
1427602905.32,1427602905.96,B,9,7
1427602905.36,1427602906.0,B,7,6
1427602905.4,1427602906.04,B,6,7
1427602905.44,1427602906.08,B,5,7
1427602905.48,1427602906.12,B,6,7
1427602905.52,1427602906.16,B,5,7
1427602905.56,1427602906.2,B,5,6
1427602905.6,1427602906.24,A,17,7
1427602905.6,1427602906.24,B,7,7
1427602905.64,1427602906.28,A,15,6
1427602905.64,1427602906.28,B,10,6
1427602905.68,1427602906.32,A,15,6
1427602905.68,1427602906.32,B,9,6
1427602905.72,1427602906.36,A,15,6
1427602905.72,1427602906.36,B,8,6
1427602905.76,1427602906.4,A,16,6
1427602905.76,1427602906.4,B,7,6
1427602905.8,1427602906.44,A,11,5
1427602905.8,1427602906.44,B,9,5
1427602905.84,1427602906.48,A,10,5
1427602905.84,1427602906.48,B,10,5
1427602905.88,1427602906.52,A,8,4
1427602905.88,1427602906.52,B,10,4
1427602905.92,1427602906.56,A,6,5
1427602905.92,1427602906.56,B,8,5
1427602905.96,1427602906.6,A,7,4
1427602905.96,1427602906.6,B,8,4
1427602906.0,1427602906.64,A,6,5
1427602906.0,1427602906.64,B,9,5
1427602906.04,1427602906.68,A,7,5
1427602906.04,1427602906.68,B,6,5
1427602906.08,1427602906.72,A,5,4
1427602906.08,1427602906.72,B,6,4
1427602906.12,1427602906.76,A,5,4
1427602906.12,1427602906.76,B,5,4
1427602906.16,1427602906.8,A,4,4
1427602906.16,1427602906.8,B,6,4
1427602906.2,1427602906.84,A,4,4
1427602906.2,1427602906.84,B,6,4
1427602906.24,1427602906.88,A,5,4
1427602906.24,1427602906.88,B,5,4
1427602906.28,1427602906.92,A,4,4
1427602906.28,1427602906.92,B,6,4
1427602906.32,1427602906.96,A,5,4
1427602906.32,1427602906.96,B,6,4
1427602906.36,1427602907.0,A,6,4
1427602906.36,1427602907.0,B,5,4
1427602906.4,1427602907.04,A,9,3
1427602906.4,1427602907.04,B,1,3
1427602906.44,1427602907.08,A,7,4
1427602906.44,1427602907.08,B,4,4
1427602906.48,1427602907.12,A,8,4
1427602906.48,1427602907.12,B,4,4
1427602906.52,1427602907.16,A,10,4
1427602906.52,1427602907.16,B,3,4
1427602906.56,1427602907.2,A,10,4
1427602906.56,1427602907.2,B,4,4
1427602906.6,1427602907.24,A,12,4
1427602906.6,1427602907.24,B,5,4
1427602906.64,1427602907.28,A,12,4
1427602906.64,1427602907.28,B,3,4
1427602906.68,1427602907.32,A,16,4
1427602906.68,1427602907.32,B,3,4
1427602906.72,1427602907.36,A,15,4
1427602906.72,1427602907.36,B,4,4
1427602906.76,1427602907.4,A,17,4
1427602906.76,1427602907.4,B,5,4
1427602906.8,1427602907.44,A,18,4
1427602906.8,1427602907.44,B,4,4
1427602906.84,1427602907.48,A,18,4
1427602906.84,1427602907.48,B,1,4
1427602906.88,1427602907.52,A,19,4
1427602906.88,1427602907.52,B,1,4
1427602906.92,1427602907.56,A,18,4
1427602906.92,1427602907.56,B,2,4
1427602906.96,1427602907.6,A,19,4
1427602906.96,1427602907.6,B,3,4
1427602907.0,1427602907.64,A,19,4
1427602907.0,1427602907.64,B,4,4
1427602907.04,1427602907.68,A,20,4
1427602907.04,1427602907.68,B,3,4
1427602907.08,1427602907.72,A,17,5
1427602907.08,1427602907.72,B,6,5
1427602907.12,1427602907.76,A,14,6
1427602907.12,1427602907.76,B,10,6
1427602907.16,1427602907.8,A,13,6
1427602907.16,1427602907.8,B,11,6
1427602907.2,1427602907.84,A,12,6
1427602907.2,1427602907.84,B,10,6
1427602907.24,1427602907.88,A,13,6
1427602907.24,1427602907.88,B,11,6
1427602907.28,1427602907.92,A,15,6
1427602907.28,1427602907.92,B,12,6
1427602907.32,1427602907.96,A,15,6
1427602907.32,1427602907.96,B,15,6
1427602907.36,1427602908.0,A,17,7
1427602907.36,1427602908.0,B,14,7
1427602907.4,1427602908.04,A,14,7
1427602907.4,1427602908.04,B,14,7
1427602907.44,1427602908.08,A,17,7
1427602907.44,1427602908.08,B,10,7
1427602907.48,1427602908.12,A,13,7
1427602907.48,1427602908.12,B,12,7
1427602907.52,1427602908.16,A,16,7
1427602907.52,1427602908.16,B,9,7
1427602907.56,1427602908.2,A,16,7
1427602907.56,1427602908.2,B,9,7
1427602907.6,1427602908.24,A,18,8
1427602907.6,1427602908.24,B,14,8
1427602907.64,1427602908.28,A,23,9
1427602907.64,1427602908.28,B,13,9
1427602907.68,1427602908.32,A,22,9
1427602907.68,1427602908.32,B,12,9
1427602907.72,1427602908.36,A,28,10
1427602907.72,1427602908.36,B,7,10
1427602907.76,1427602908.4,A,24,9
1427602907.76,1427602908.4,B,11,9
1427602907.8,1427602908.44,A,26,9
1427602907.8,1427602908.44,B,8,9
1427602907.84,1427602908.48,A,25,9
1427602907.84,1427602908.48,B,6,9
1427602907.88,1427602908.52,A,29,10
1427602907.88,1427602908.52,B,9,10
1427602907.92,1427602908.56,A,31,10
1427602907.92,1427602908.56,B,10,10
1427602907.96,1427602908.6,A,32,10
1427602907.96,1427602908.6,B,12,10
1427602908.0,1427602908.64,A,43,12
1427602908.0,1427602908.64,B,7,12
1427602908.04,1427602908.68,A,42,15
1427602908.04,1427602908.68,B,15,15
1427602908.08,1427602908.72,A,57,15
1427602908.08,1427602908.72,B,16,15
1427602908.12,1427602908.76,A,53,18
1427602908.12,1427602908.76,B,22,18
1427602908.16,1427602908.8,A,65,21
1427602908.16,1427602908.8,B,24,21
1427602908.2,1427602908.84,A,62,23
1427602908.2,1427602908.84,B,28,23
1427602908.24,1427602908.88,A,67,23
1427602908.24,1427602908.88,B,19,23
1427602908.28,1427602908.92,A,76,24
1427602908.28,1427602908.92,B,9,24
1427602908.32,1427602908.96,A,73,25
1427602908.32,1427602908.96,B,19,25
1427602908.36,1427602909.0,A,94,25
1427602908.36,1427602909.0,B,19,25
1427602908.4,1427602909.04,A,85,28
1427602908.4,1427602909.04,B,37,28
1427602908.44,1427602909.08,A,115,33
1427602908.44,1427602909.08,B,33,33
1427602908.48,1427602909.12,A,103,35
1427602908.48,1427602909.12,B,45,35
1427602908.52,1427602909.16,A,134,49
1427602908.52,1427602909.16,B,32,49
1427602908.56,1427602909.2,A,127,55
1427602908.56,1427602909.2,B,45,55
1427602908.6,1427602909.24,A,153,62
1427602908.6,1427602909.24,B,55,62
1427602908.64,1427602909.28,A,164,63
1427602908.64,1427602909.28,B,50,63
1427602908.68,1427602909.32,A,174,77
1427602908.68,1427602909.32,B,64,77
1427602908.72,1427602909.36,A,196,70
1427602908.72,1427602909.36,B,48,70
1427602908.76,1427602909.4,A,187,72
1427602908.76,1427602909.4,B,43,72
1427602908.8,1427602909.44,A,262,79
1427602908.8,1427602909.44,B,36,79
1427602908.84,1427602909.48,A,249,90
1427602908.84,1427602909.48,B,85,90
1427602908.88,1427602909.52,A,328,105
1427602908.88,1427602909.52,B,138,105
1427602908.92,1427602909.56,A,322,113
1427602908.92,1427602909.56,B,169,113
1427602908.96,1427602909.6,A,384,136
1427602908.96,1427602909.6,B,189,136
1427602909.0,1427602909.64,A,348,160
1427602909.0,1427602909.64,B,221,160
1427602909.04,1427602909.68,A,373,157
1427602909.04,1427602909.68,B,156,157
1427602909.08,1427602909.72,A,333,169
1427602909.08,1427602909.72,B,161,169
1427602909.12,1427602909.76,A,300,153
1427602909.12,1427602909.76,B,102,153
1427602909.16,1427602909.8,A,331,157
1427602909.16,1427602909.8,B,111,157
1427602909.2,1427602909.84,A,322,153
1427602909.2,1427602909.84,B,130,153
1427602909.24,1427602909.88,A,373,164
1427602909.24,1427602909.88,B,185,164
1427602909.28,1427602909.92,A,430,165
1427602909.28,1427602909.92,B,150,165
1427602909.32,1427602909.96,A,459,207
1427602909.32,1427602909.96,B,211,207
1427602909.36,1427602910.0,A,394,214
1427602909.36,1427602910.0,B,277,214
1427602909.4,1427602910.04,A,349,206
1427602909.4,1427602910.04,B,287,206
1427602909.44,1427602910.08,A,294,208
1427602909.44,1427602910.08,B,326,208
1427602909.48,1427602910.12,A,255,205
1427602909.48,1427602910.12,B,283,205
1427602909.52,1427602910.16,A,269,210
1427602909.52,1427602910.16,B,301,210
1427602909.56,1427602910.2,A,292,211
1427602909.56,1427602910.2,B,338,211
1427602909.6,1427602910.24,A,304,209
1427602909.6,1427602910.24,B,447,209
1427602909.64,1427602910.28,A,267,203
1427602909.64,1427602910.28,B,505,203
1427602909.68,1427602910.32,A,258,184
1427602909.68,1427602910.32,B,500,184
1427602909.72,1427602910.36,A,183,179
1427602909.72,1427602910.36,B,523,179
1427602909.76,1427602910.4,A,168,164
1427602909.76,1427602910.4,B,434,164
1427602909.8,1427602910.44,A,118,168
1427602909.8,1427602910.44,B,390,168
1427602909.84,1427602910.48,A,105,160
1427602909.84,1427602910.48,B,369,160
1427602909.88,1427602910.52,A,117,164
1427602909.88,1427602910.52,B,370,164
1427602909.92,1427602910.56,A,177,163
1427602909.92,1427602910.56,B,318,163
1427602909.96,1427602910.6,A,242,149
1427602909.96,1427602910.6,B,283,149
1427602910.0,1427602910.64,A,193,149
1427602910.0,1427602910.64,B,299,149
1427602910.04,1427602910.68,A,219,112
1427602910.04,1427602910.68,B,232,112
1427602910.08,1427602910.72,A,107,96
1427602910.08,1427602910.72,B,237,96
1427602910.12,1427602910.76,A,98,90
1427602910.12,1427602910.76,B,203,90
1427602910.16,1427602910.8,A,14,68
1427602910.16,1427602910.8,B,140,68
1427602910.2,1427602910.84,A,35,64
1427602910.2,1427602910.84,B,135,64
1427602910.24,1427602910.88,A,44,63
1427602910.24,1427602910.88,B,129,63
1427602910.28,1427602910.92,A,62,58
1427602910.28,1427602910.92,B,120,58
1427602910.32,1427602910.96,A,44,47
1427602910.32,1427602910.96,B,133,47
1427602910.36,1427602911.0,A,41,43
1427602910.36,1427602911.0,B,125,43
1427602910.4,1427602911.04,A,48,35
1427602910.4,1427602911.04,B,86,35
1427602910.44,1427602911.08,A,28,25
1427602910.44,1427602911.08,B,64,25
1427602910.48,1427602911.12,A,31,18
1427602910.48,1427602911.12,B,47,18
1427602910.52,1427602911.16,A,20,14
1427602910.52,1427602911.16,B,30,14
1427602910.56,1427602911.2,A,9,12
1427602910.56,1427602911.2,B,26,12
1427602910.6,1427602911.24,A,7,11
1427602910.6,1427602911.24,B,22,11
1427602910.64,1427602911.28,A,10,11
1427602910.64,1427602911.28,B,19,11
1427602910.68,1427602911.32,A,16,10
1427602910.68,1427602911.32,B,18,10
1427602910.72,1427602911.36,A,12,10
1427602910.72,1427602911.36,B,20,10
1427602910.76,1427602911.4,A,16,9
1427602910.76,1427602911.4,B,14,9
1427602910.8,1427602911.44,A,11,7
1427602910.8,1427602911.44,B,11,7
1427602910.84,1427602911.48,A,12,7
1427602910.84,1427602911.48,B,8,7
1427602910.88,1427602911.52,A,10,6
1427602910.88,1427602911.52,B,10,6
1427602910.92,1427602911.56,A,12,6
1427602910.92,1427602911.56,B,10,6
1427602910.96,1427602911.6,A,12,6
1427602910.96,1427602911.6,B,11,6
1427602911.0,1427602911.64,A,10,6
1427602911.0,1427602911.64,B,13,6
1427602911.04,1427602911.68,A,13,6
1427602911.04,1427602911.68,B,11,6
1427602911.08,1427602911.72,A,11,6
1427602911.08,1427602911.72,B,8,6
1427602911.12,1427602911.76,A,10,6
1427602911.12,1427602911.76,B,5,6
1427602911.16,1427602911.8,A,6,5
1427602911.16,1427602911.8,B,4,5
1427602911.2,1427602911.84,A,5,5
1427602911.2,1427602911.84,B,5,5
1427602911.24,1427602911.88,A,4,5
1427602911.24,1427602911.88,B,6,5
1427602911.28,1427602911.92,A,4,6
1427602911.28,1427602911.92,B,7,6
1427602911.32,1427602911.96,A,2,6
1427602911.32,1427602911.96,B,9,6
1427602911.36,1427602912.0,A,3,6
1427602911.36,1427602912.0,B,9,6
1427602911.4,1427602912.04,A,2,6
1427602911.4,1427602912.04,B,8,6
1427602911.44,1427602912.08,A,0,6
1427602911.44,1427602912.08,B,9,6
1427602911.48,1427602912.12,A,3,6
1427602911.48,1427602912.12,B,10,6
1427602911.52,1427602912.16,A,5,6
1427602911.52,1427602912.16,B,10,6
1427602911.56,1427602912.2,A,6,6
1427602911.56,1427602912.2,B,12,6
1427602911.6,1427602912.24,A,9,6
1427602911.6,1427602912.24,B,12,6
1427602911.64,1427602912.28,A,8,6
1427602911.64,1427602912.28,B,14,6
1427602911.68,1427602912.32,A,11,6
1427602911.68,1427602912.32,B,11,6
1427602911.72,1427602912.36,A,9,6
1427602911.72,1427602912.36,B,11,6
1427602911.76,1427602912.4,A,9,6
1427602911.76,1427602912.4,B,10,6
1427602911.8,1427602912.44,A,7,6
1427602911.8,1427602912.44,B,8,6
1427602911.84,1427602912.48,A,6,6
1427602911.84,1427602912.48,B,7,6
1427602911.88,1427602912.52,A,6,6
1427602911.88,1427602912.52,B,7,6
1427602911.92,1427602912.56,A,6,5
1427602911.92,1427602912.56,B,7,5
1427602911.96,1427602912.6,A,5,5
1427602911.96,1427602912.6,B,8,5
1427602912.0,1427602912.64,A,4,5
1427602912.0,1427602912.64,B,5,5
1427602912.04,1427602912.68,A,4,5
1427602912.04,1427602912.68,B,6,5
1427602912.08,1427602912.72,A,4,5
1427602912.08,1427602912.72,B,9,5
1427602912.12,1427602912.76,A,5,5
1427602912.12,1427602912.76,B,8,5
1427602912.16,1427602912.8,A,5,6
1427602912.16,1427602912.8,B,6,6
1427602912.2,1427602912.84,A,7,6
1427602912.2,1427602912.84,B,7,6
1427602912.24,1427602912.88,A,7,6
1427602912.24,1427602912.88,B,7,6
1427602912.28,1427602912.92,A,9,6
1427602912.28,1427602912.92,B,5,6
1427602912.32,1427602912.96,A,11,6
1427602912.32,1427602912.96,B,5,6
1427602912.36,1427602913.0,A,11,5
1427602912.36,1427602913.0,B,9,5
1427602912.4,1427602913.04,A,8,6
1427602912.4,1427602913.04,B,12,6
1427602912.44,1427602913.08,A,9,6
1427602912.44,1427602913.08,B,12,6
1427602912.48,1427602913.12,A,10,7
1427602912.48,1427602913.12,B,10,7
1427602912.52,1427602913.16,A,8,7
1427602912.52,1427602913.16,B,9,7
1427602912.56,1427602913.2,A,8,7
1427602912.56,1427602913.2,B,9,7
1427602912.6,1427602913.24,A,8,7
1427602912.6,1427602913.24,B,9,7
1427602912.64,1427602913.28,A,7,7
1427602912.64,1427602913.28,B,9,7
1427602912.68,1427602913.32,A,10,6
1427602912.68,1427602913.32,B,9,6
1427602912.72,1427602913.36,A,8,6
1427602912.72,1427602913.36,B,11,6
1427602912.76,1427602913.4,A,9,6
1427602912.76,1427602913.4,B,9,6
1427602912.8,1427602913.44,A,8,5
1427602912.8,1427602913.44,B,8,5
1427602912.84,1427602913.48,A,9,5
1427602912.84,1427602913.48,B,11,5
1427602912.88,1427602913.52,A,8,5
1427602912.88,1427602913.52,B,12,5
1427602912.92,1427602913.56,A,8,5
1427602912.92,1427602913.56,B,12,5
1427602912.96,1427602913.6,A,6,6
1427602912.96,1427602913.6,B,11,6
1427602913.0,1427602913.64,A,5,6
1427602913.0,1427602913.64,B,9,6
