#targetfile:$(projectRoot)/result/result/50cm/waist-side/hasc-20150329-132159-mag-pca.csv-lowpass.csv
1427602926.01,1427602926.65,A,10,6
1427602926.05,1427602926.69,A,10,6
1427602926.09,1427602926.73,A,10,6
1427602926.09,1427602926.73,B,10,6
1427602926.13,1427602926.77,A,10,6
1427602926.13,1427602926.77,B,9,6
1427602926.17,1427602926.81,A,10,6
1427602926.17,1427602926.81,B,10,6
1427602926.21,1427602926.85,A,9,5
1427602926.21,1427602926.85,B,10,5
1427602926.25,1427602926.89,A,8,5
1427602926.25,1427602926.89,B,11,5
1427602926.29,1427602926.93,A,7,5
1427602926.29,1427602926.93,B,11,5
1427602926.33,1427602926.97,A,7,5
1427602926.33,1427602926.97,B,11,5
1427602926.37,1427602927.01,A,5,5
1427602926.37,1427602927.01,B,10,5
1427602926.41,1427602927.05,A,3,4
1427602926.41,1427602927.05,B,11,4
1427602926.45,1427602927.09,A,4,4
1427602926.45,1427602927.09,B,10,4
1427602926.49,1427602927.13,A,2,4
1427602926.49,1427602927.13,B,9,4
1427602926.53,1427602927.17,A,2,4
1427602926.53,1427602927.17,B,8,4
1427602926.57,1427602927.21,A,3,4
1427602926.57,1427602927.21,B,8,4
1427602926.61,1427602927.25,A,2,4
1427602926.61,1427602927.25,B,10,4
1427602926.65,1427602927.29,A,1,5
1427602926.65,1427602927.29,B,11,5
1427602926.69,1427602927.33,A,2,5
1427602926.69,1427602927.33,B,12,5
1427602926.73,1427602927.37,A,1,5
1427602926.73,1427602927.37,B,13,5
1427602926.77,1427602927.41,A,2,5
1427602926.77,1427602927.41,B,12,5
1427602926.81,1427602927.45,A,1,4
1427602926.81,1427602927.45,B,10,4
1427602926.85,1427602927.49,A,1,4
1427602926.85,1427602927.49,B,10,4
1427602926.89,1427602927.53,A,1,4
1427602926.89,1427602927.53,B,10,4
1427602926.93,1427602927.57,A,2,4
1427602926.93,1427602927.57,B,10,4
1427602926.97,1427602927.61,A,3,5
1427602926.97,1427602927.61,B,8,5
1427602927.01,1427602927.65,A,6,4
1427602927.01,1427602927.65,B,6,4
1427602927.05,1427602927.69,A,5,4
1427602927.05,1427602927.69,B,6,4
1427602927.09,1427602927.73,A,5,4
1427602927.09,1427602927.73,B,7,4
1427602927.13,1427602927.77,A,4,4
1427602927.13,1427602927.77,B,8,4
1427602927.17,1427602927.81,A,5,4
1427602927.17,1427602927.81,B,8,4
1427602927.21,1427602927.85,A,6,4
1427602927.21,1427602927.85,B,8,4
1427602927.25,1427602927.89,A,6,4
1427602927.25,1427602927.89,B,8,4
1427602927.29,1427602927.93,A,6,4
1427602927.29,1427602927.93,B,7,4
1427602927.33,1427602927.97,A,8,4
1427602927.33,1427602927.97,B,6,4
1427602927.37,1427602928.01,A,8,4
1427602927.37,1427602928.01,B,6,4
1427602927.41,1427602928.05,A,7,4
1427602927.41,1427602928.05,B,7,4
1427602927.45,1427602928.09,A,7,4
1427602927.45,1427602928.09,B,6,4
1427602927.49,1427602928.13,A,6,5
1427602927.49,1427602928.13,B,4,5
1427602927.53,1427602928.17,A,7,5
1427602927.53,1427602928.17,B,4,5
1427602927.57,1427602928.21,A,9,5
1427602927.57,1427602928.21,B,2,5
1427602927.61,1427602928.25,A,11,5
1427602927.61,1427602928.25,B,3,5
1427602927.65,1427602928.29,A,7,5
1427602927.65,1427602928.29,B,6,5
1427602927.69,1427602928.33,A,7,5
1427602927.69,1427602928.33,B,6,5
1427602927.73,1427602928.37,A,6,5
1427602927.73,1427602928.37,B,5,5
1427602927.77,1427602928.41,A,6,5
1427602927.77,1427602928.41,B,4,5
1427602927.81,1427602928.45,A,6,5
1427602927.81,1427602928.45,B,5,5
1427602927.85,1427602928.49,A,4,5
1427602927.85,1427602928.49,B,6,5
1427602927.89,1427602928.53,A,3,5
1427602927.89,1427602928.53,B,5,5
1427602927.93,1427602928.57,A,3,5
1427602927.93,1427602928.57,B,5,5
1427602927.97,1427602928.61,A,5,5
1427602927.97,1427602928.61,B,8,5
1427602928.01,1427602928.65,A,5,5
1427602928.01,1427602928.65,B,9,5
1427602928.05,1427602928.69,A,5,5
1427602928.05,1427602928.69,B,10,5
1427602928.09,1427602928.73,A,5,5
1427602928.09,1427602928.73,B,10,5
1427602928.13,1427602928.77,A,5,5
1427602928.13,1427602928.77,B,9,5
1427602928.17,1427602928.81,A,7,5
1427602928.17,1427602928.81,B,10,5
1427602928.21,1427602928.85,A,7,5
1427602928.21,1427602928.85,B,10,5
1427602928.25,1427602928.89,A,10,6
1427602928.25,1427602928.89,B,12,6
1427602928.29,1427602928.93,A,11,6
1427602928.29,1427602928.93,B,12,6
1427602928.33,1427602928.97,A,15,7
1427602928.33,1427602928.97,B,11,7
1427602928.37,1427602929.01,A,18,7
1427602928.37,1427602929.01,B,9,7
1427602928.41,1427602929.05,A,20,8
1427602928.41,1427602929.05,B,7,8
1427602928.45,1427602929.09,A,17,8
1427602928.45,1427602929.09,B,10,8
1427602928.49,1427602929.13,A,16,8
1427602928.49,1427602929.13,B,7,8
1427602928.53,1427602929.17,A,14,9
1427602928.53,1427602929.17,B,4,9
1427602928.57,1427602929.21,A,12,9
1427602928.57,1427602929.21,B,6,9
1427602928.61,1427602929.25,A,14,11
1427602928.61,1427602929.25,B,10,11
1427602928.65,1427602929.29,A,21,12
1427602928.65,1427602929.29,B,15,12
1427602928.69,1427602929.33,A,20,14
1427602928.69,1427602929.33,B,23,14
1427602928.73,1427602929.37,A,32,15
1427602928.73,1427602929.37,B,28,15
1427602928.77,1427602929.41,A,26,17
1427602928.77,1427602929.41,B,38,17
1427602928.81,1427602929.45,A,38,19
1427602928.81,1427602929.45,B,29,19
1427602928.85,1427602929.49,A,31,20
1427602928.85,1427602929.49,B,28,20
1427602928.89,1427602929.53,A,37,19
1427602928.89,1427602929.53,B,20,19
1427602928.93,1427602929.57,A,30,19
1427602928.93,1427602929.57,B,16,19
1427602928.97,1427602929.61,A,25,20
1427602928.97,1427602929.61,B,23,20
1427602929.01,1427602929.65,A,28,22
1427602929.01,1427602929.65,B,31,22
1427602929.05,1427602929.69,A,47,28
1427602929.05,1427602929.69,B,32,28
1427602929.09,1427602929.73,A,57,32
1427602929.09,1427602929.73,B,41,32
1427602929.13,1427602929.77,A,91,37
1427602929.13,1427602929.77,B,54,37
1427602929.17,1427602929.81,A,91,44
1427602929.17,1427602929.81,B,88,44
1427602929.21,1427602929.85,A,113,52
1427602929.21,1427602929.85,B,85,52
1427602929.25,1427602929.89,A,106,63
1427602929.25,1427602929.89,B,102,63
1427602929.29,1427602929.93,A,97,66
1427602929.29,1427602929.93,B,110,66
1427602929.33,1427602929.97,A,79,65
1427602929.33,1427602929.97,B,93,65
1427602929.37,1427602930.01,A,48,70
1427602929.37,1427602930.01,B,100,70
1427602929.41,1427602930.05,A,25,67
1427602929.41,1427602930.05,B,93,67
1427602929.45,1427602930.09,A,48,70
1427602929.45,1427602930.09,B,84,70
1427602929.49,1427602930.13,A,76,91
1427602929.49,1427602930.13,B,102,91
1427602929.53,1427602930.17,A,164,98
1427602929.53,1427602930.17,B,88,98
1427602929.57,1427602930.21,A,191,124
1427602929.57,1427602930.21,B,145,124
1427602929.61,1427602930.25,A,298,125
1427602929.61,1427602930.25,B,109,125
1427602929.65,1427602930.29,A,287,161
1427602929.65,1427602930.29,B,197,161
1427602929.69,1427602930.33,A,376,149
1427602929.69,1427602930.33,B,137,149
1427602929.73,1427602930.37,A,340,157
1427602929.73,1427602930.37,B,142,157
1427602929.77,1427602930.41,A,410,155
1427602929.77,1427602930.41,B,62,155
1427602929.81,1427602930.45,A,370,157
1427602929.81,1427602930.45,B,94,157
1427602929.85,1427602930.49,A,367,147
1427602929.85,1427602930.49,B,95,147
1427602929.89,1427602930.53,A,371,148
1427602929.89,1427602930.53,B,100,148
1427602929.93,1427602930.57,A,403,159
1427602929.93,1427602930.57,B,119,159
1427602929.97,1427602930.61,A,445,172
1427602929.97,1427602930.61,B,146,172
1427602930.01,1427602930.65,A,565,177
1427602930.01,1427602930.65,B,150,177
1427602930.05,1427602930.69,A,577,169
1427602930.05,1427602930.69,B,185,169
1427602930.09,1427602930.73,A,721,182
1427602930.09,1427602930.73,B,139,182
1427602930.13,1427602930.77,A,702,181
1427602930.13,1427602930.77,B,192,181
1427602930.17,1427602930.81,A,775,163
1427602930.17,1427602930.81,B,184,163
1427602930.21,1427602930.85,A,700,163
1427602930.21,1427602930.85,B,181,163
1427602930.25,1427602930.89,A,699,145
1427602930.25,1427602930.89,B,95,145
1427602930.29,1427602930.93,A,591,133
1427602930.29,1427602930.93,B,160,133
1427602930.33,1427602930.97,A,558,129
1427602930.33,1427602930.97,B,122,129
1427602930.37,1427602931.01,A,533,122
1427602930.37,1427602931.01,B,109,122
1427602930.41,1427602931.05,A,501,120
1427602930.41,1427602931.05,B,98,120
1427602930.45,1427602931.09,A,500,123
1427602930.45,1427602931.09,B,111,123
1427602930.49,1427602931.13,A,518,123
1427602930.49,1427602931.13,B,98,123
1427602930.53,1427602931.17,A,459,127
1427602930.53,1427602931.17,B,102,127
1427602930.57,1427602931.21,A,481,109
1427602930.57,1427602931.21,B,44,109
1427602930.61,1427602931.25,A,382,108
1427602930.61,1427602931.25,B,68,108
1427602930.65,1427602931.29,A,364,82
1427602930.65,1427602931.29,B,58,82
1427602930.69,1427602931.33,A,327,88
1427602930.69,1427602931.33,B,89,88
1427602930.73,1427602931.37,A,266,55
1427602930.73,1427602931.37,B,45,55
1427602930.77,1427602931.41,A,259,52
1427602930.77,1427602931.41,B,37,52
1427602930.81,1427602931.45,A,204,44
1427602930.81,1427602931.45,B,39,44
1427602930.85,1427602931.49,A,201,43
1427602930.85,1427602931.49,B,14,43
1427602930.89,1427602931.53,A,177,46
1427602930.89,1427602931.53,B,31,46
1427602930.93,1427602931.57,A,150,44
1427602930.93,1427602931.57,B,44,44
1427602930.97,1427602931.61,A,153,40
1427602930.97,1427602931.61,B,36,40
1427602931.01,1427602931.65,A,111,39
1427602931.01,1427602931.65,B,38,39
1427602931.05,1427602931.69,A,111,28
1427602931.05,1427602931.69,B,18,28
1427602931.09,1427602931.73,A,83,27
1427602931.09,1427602931.73,B,19,27
1427602931.13,1427602931.77,A,75,21
1427602931.13,1427602931.77,B,20,21
1427602931.17,1427602931.81,A,64,19
1427602931.17,1427602931.81,B,22,19
1427602931.21,1427602931.85,A,52,17
1427602931.21,1427602931.85,B,14,17
1427602931.25,1427602931.89,A,50,15
1427602931.25,1427602931.89,B,12,15
1427602931.29,1427602931.93,A,42,15
1427602931.29,1427602931.93,B,13,15
1427602931.33,1427602931.97,A,43,14
1427602931.33,1427602931.97,B,7,14
1427602931.37,1427602932.01,A,41,13
1427602931.37,1427602932.01,B,13,13
1427602931.41,1427602932.05,A,36,12
1427602931.41,1427602932.05,B,23,12
1427602931.45,1427602932.09,A,38,12
1427602931.45,1427602932.09,B,21,12
1427602931.49,1427602932.13,A,31,10
1427602931.49,1427602932.13,B,18,10
1427602931.53,1427602932.17,A,31,8
1427602931.53,1427602932.17,B,12,8
1427602931.57,1427602932.21,A,22,6
1427602931.57,1427602932.21,B,6,6
1427602931.61,1427602932.25,A,23,6
1427602931.61,1427602932.25,B,6,6
1427602931.65,1427602932.29,A,19,6
1427602931.65,1427602932.29,B,7,6
1427602931.69,1427602932.33,A,18,6
1427602931.69,1427602932.33,B,10,6
1427602931.73,1427602932.37,A,21,6
1427602931.73,1427602932.37,B,6,6
1427602931.77,1427602932.41,A,17,6
1427602931.77,1427602932.41,B,5,6
1427602931.81,1427602932.45,A,19,5
1427602931.81,1427602932.45,B,3,5
1427602931.85,1427602932.49,A,15,6
1427602931.85,1427602932.49,B,5,6
1427602931.89,1427602932.53,A,16,5
1427602931.89,1427602932.53,B,3,5
1427602931.93,1427602932.57,A,14,5
1427602931.93,1427602932.57,B,4,5
1427602931.97,1427602932.61,A,13,5
1427602931.97,1427602932.61,B,3,5
1427602932.01,1427602932.65,A,13,5
1427602932.01,1427602932.65,B,3,5
1427602932.05,1427602932.69,A,11,4
1427602932.05,1427602932.69,B,2,4
1427602932.09,1427602932.73,A,11,4
1427602932.09,1427602932.73,B,4,4
1427602932.13,1427602932.77,A,10,4
1427602932.13,1427602932.77,B,5,4
1427602932.17,1427602932.81,A,10,4
1427602932.17,1427602932.81,B,5,4
1427602932.21,1427602932.85,A,8,4
1427602932.21,1427602932.85,B,6,4
1427602932.25,1427602932.89,A,7,4
1427602932.25,1427602932.89,B,4,4
1427602932.29,1427602932.93,A,6,4
1427602932.29,1427602932.93,B,2,4
1427602932.33,1427602932.97,A,3,4
1427602932.33,1427602932.97,B,2,4
1427602932.37,1427602933.01,A,4,4
1427602932.37,1427602933.01,B,1,4
1427602932.41,1427602933.05,A,3,4
1427602932.41,1427602933.05,B,2,4
1427602932.45,1427602933.09,A,5,4
1427602932.45,1427602933.09,B,5,4
1427602932.49,1427602933.13,A,7,4
1427602932.49,1427602933.13,B,6,4
1427602932.53,1427602933.17,A,8,5
1427602932.53,1427602933.17,B,8,5
1427602932.57,1427602933.21,A,9,5
1427602932.57,1427602933.21,B,7,5
1427602932.61,1427602933.25,A,8,5
1427602932.61,1427602933.25,B,5,5
1427602932.65,1427602933.29,A,9,5
1427602932.65,1427602933.29,B,5,5
1427602932.69,1427602933.33,A,8,5
1427602932.69,1427602933.33,B,6,5
1427602932.73,1427602933.37,A,8,5
1427602932.73,1427602933.37,B,5,5
1427602932.77,1427602933.41,A,8,5
1427602932.77,1427602933.41,B,5,5
1427602932.81,1427602933.45,A,8,5
1427602932.81,1427602933.45,B,7,5
1427602932.85,1427602933.49,A,7,5
1427602932.85,1427602933.49,B,8,5
1427602932.89,1427602933.53,A,5,6
1427602932.89,1427602933.53,B,9,6
1427602932.93,1427602933.57,A,4,5
1427602932.93,1427602933.57,B,11,5
1427602932.97,1427602933.61,A,5,5
1427602932.97,1427602933.61,B,13,5
1427602933.01,1427602933.65,A,6,5
1427602933.01,1427602933.65,B,12,5
1427602933.05,1427602933.69,A,7,5
1427602933.05,1427602933.69,B,12,5
1427602933.09,1427602933.73,A,6,5
1427602933.09,1427602933.73,B,13,5
1427602933.13,1427602933.77,A,6,4
1427602933.13,1427602933.77,B,12,4
1427602933.17,1427602933.81,A,3,4
1427602933.17,1427602933.81,B,12,4
1427602933.21,1427602933.85,A,2,4
1427602933.21,1427602933.85,B,10,4
1427602933.25,1427602933.89,A,1,4
1427602933.25,1427602933.89,B,10,4
1427602933.29,1427602933.93,A,2,4
1427602933.29,1427602933.93,B,11,4
1427602933.33,1427602933.97,A,3,4
1427602933.33,1427602933.97,B,10,4
1427602933.37,1427602934.01,A,3,4
1427602933.37,1427602934.01,B,10,4
1427602933.41,1427602934.05,A,3,4
1427602933.41,1427602934.05,B,10,4
1427602933.45,1427602934.09,A,4,4
1427602933.45,1427602934.09,B,11,4
1427602933.49,1427602934.13,A,4,4
1427602933.49,1427602934.13,B,10,4
1427602933.53,1427602934.17,A,5,3
1427602933.53,1427602934.17,B,8,3
1427602933.57,1427602934.21,A,4,3
1427602933.57,1427602934.21,B,7,3
1427602933.61,1427602934.25,A,4,3
1427602933.61,1427602934.25,B,8,3
1427602933.65,1427602934.29,A,5,3
1427602933.65,1427602934.29,B,9,3
1427602933.69,1427602934.33,A,9,3
1427602933.69,1427602934.33,B,8,3
1427602933.73,1427602934.37,A,9,4
1427602933.73,1427602934.37,B,10,4
1427602933.77,1427602934.41,A,8,4
1427602933.77,1427602934.41,B,10,4
1427602933.81,1427602934.45,A,9,5
1427602933.81,1427602934.45,B,9,5
1427602933.85,1427602934.49,A,8,4
1427602933.85,1427602934.49,B,8,4
1427602933.89,1427602934.53,A,7,4
1427602933.89,1427602934.53,B,7,4
1427602933.93,1427602934.57,A,7,4
1427602933.93,1427602934.57,B,6,4
1427602933.97,1427602934.61,A,6,4
1427602933.97,1427602934.61,B,7,4
1427602934.01,1427602934.65,A,6,4
1427602934.01,1427602934.65,B,8,4
1427602934.05,1427602934.69,A,6,4
1427602934.05,1427602934.69,B,9,4
1427602934.09,1427602934.73,A,8,4
1427602934.09,1427602934.73,B,10,4
1427602934.13,1427602934.77,A,10,4
1427602934.13,1427602934.77,B,9,4
