#targetfile:$(projectRoot)/result/result/100cm/waist-front/hasc-20150329-180629-mag-pca.csv-lowpass.csv
1427619995.46,1427619996.1,B,13,5
1427619995.5,1427619996.14,B,15,5
1427619995.54,1427619996.18,B,17,5
1427619995.58,1427619996.22,B,18,5
1427619995.62,1427619996.26,B,18,5
1427619995.66,1427619996.3,B,18,5
1427619995.7,1427619996.34,A,10,5
1427619995.7,1427619996.34,B,16,5
1427619995.74,1427619996.38,A,7,4
1427619995.74,1427619996.38,B,13,4
1427619995.78,1427619996.42,A,7,4
1427619995.78,1427619996.42,B,13,4
1427619995.82,1427619996.46,A,7,4
1427619995.82,1427619996.46,B,13,4
1427619995.86,1427619996.5,A,6,4
1427619995.86,1427619996.5,B,14,4
1427619995.9,1427619996.54,A,7,4
1427619995.9,1427619996.54,B,14,4
1427619995.94,1427619996.58,A,6,5
1427619995.94,1427619996.58,B,13,5
1427619995.98,1427619996.62,A,7,5
1427619995.98,1427619996.62,B,11,5
1427619996.02,1427619996.66,A,3,4
1427619996.02,1427619996.66,B,8,4
1427619996.06,1427619996.7,A,3,4
1427619996.06,1427619996.7,B,6,4
1427619996.1,1427619996.74,A,5,4
1427619996.1,1427619996.74,B,4,4
1427619996.14,1427619996.78,A,5,3
1427619996.14,1427619996.78,B,5,3
1427619996.18,1427619996.82,A,5,3
1427619996.18,1427619996.82,B,6,3
1427619996.22,1427619996.86,A,3,3
1427619996.22,1427619996.86,B,7,3
1427619996.26,1427619996.9,A,2,3
1427619996.26,1427619996.9,B,7,3
1427619996.3,1427619996.94,A,2,4
1427619996.3,1427619996.94,B,6,4
1427619996.34,1427619996.98,A,3,4
1427619996.34,1427619996.98,B,5,4
1427619996.38,1427619997.02,A,3,4
1427619996.38,1427619997.02,B,5,4
1427619996.42,1427619997.06,A,3,4
1427619996.42,1427619997.06,B,5,4
1427619996.46,1427619997.1,A,3,4
1427619996.46,1427619997.1,B,5,4
1427619996.5,1427619997.14,A,3,4
1427619996.5,1427619997.14,B,5,4
1427619996.54,1427619997.18,A,2,5
1427619996.54,1427619997.18,B,7,5
1427619996.58,1427619997.22,A,1,5
1427619996.58,1427619997.22,B,7,5
1427619996.62,1427619997.26,A,4,5
1427619996.62,1427619997.26,B,6,5
1427619996.66,1427619997.3,A,3,5
1427619996.66,1427619997.3,B,7,5
1427619996.7,1427619997.34,A,4,5
1427619996.7,1427619997.34,B,7,5
1427619996.74,1427619997.38,A,4,4
1427619996.74,1427619997.38,B,6,4
1427619996.78,1427619997.42,A,5,4
1427619996.78,1427619997.42,B,5,4
1427619996.82,1427619997.46,A,4,4
1427619996.82,1427619997.46,B,5,4
1427619996.86,1427619997.5,A,4,4
1427619996.86,1427619997.5,B,4,4
1427619996.9,1427619997.54,A,2,4
1427619996.9,1427619997.54,B,3,4
1427619996.94,1427619997.58,A,4,4
1427619996.94,1427619997.58,B,2,4
1427619996.98,1427619997.62,A,5,5
1427619996.98,1427619997.62,B,3,5
1427619997.02,1427619997.66,A,6,5
1427619997.02,1427619997.66,B,5,5
1427619997.06,1427619997.7,A,5,5
1427619997.06,1427619997.7,B,8,5
1427619997.1,1427619997.74,A,4,5
1427619997.1,1427619997.74,B,9,5
1427619997.14,1427619997.78,A,4,5
1427619997.14,1427619997.78,B,9,5
1427619997.18,1427619997.82,A,4,5
1427619997.18,1427619997.82,B,8,5
1427619997.22,1427619997.86,A,4,5
1427619997.22,1427619997.86,B,8,5
1427619997.26,1427619997.9,A,5,5
1427619997.26,1427619997.9,B,10,5
1427619997.3,1427619997.94,A,6,5
1427619997.3,1427619997.94,B,11,5
1427619997.34,1427619997.98,A,6,5
1427619997.34,1427619997.98,B,11,5
1427619997.38,1427619998.02,A,7,5
1427619997.38,1427619998.02,B,11,5
1427619997.42,1427619998.06,A,8,5
1427619997.42,1427619998.06,B,11,5
1427619997.46,1427619998.1,A,7,5
1427619997.46,1427619998.1,B,10,5
1427619997.5,1427619998.14,A,7,5
1427619997.5,1427619998.14,B,10,5
1427619997.54,1427619998.18,A,4,6
1427619997.54,1427619998.18,B,12,6
1427619997.58,1427619998.22,A,6,6
1427619997.58,1427619998.22,B,12,6
1427619997.62,1427619998.26,A,6,6
1427619997.62,1427619998.26,B,12,6
1427619997.66,1427619998.3,A,6,6
1427619997.66,1427619998.3,B,12,6
1427619997.7,1427619998.34,A,9,6
1427619997.7,1427619998.34,B,11,6
1427619997.74,1427619998.38,A,9,6
1427619997.74,1427619998.38,B,12,6
1427619997.78,1427619998.42,A,10,6
1427619997.78,1427619998.42,B,11,6
1427619997.82,1427619998.46,A,9,6
1427619997.82,1427619998.46,B,11,6
1427619997.86,1427619998.5,A,6,5
1427619997.86,1427619998.5,B,10,5
1427619997.9,1427619998.54,A,2,5
1427619997.9,1427619998.54,B,7,5
1427619997.94,1427619998.58,A,8,6
1427619997.94,1427619998.58,B,12,6
1427619997.98,1427619998.62,A,9,6
1427619997.98,1427619998.62,B,14,6
1427619998.02,1427619998.66,A,12,7
1427619998.02,1427619998.66,B,17,7
1427619998.06,1427619998.7,A,12,7
1427619998.06,1427619998.7,B,16,7
1427619998.1,1427619998.74,A,12,7
1427619998.1,1427619998.74,B,17,7
1427619998.14,1427619998.78,A,12,7
1427619998.14,1427619998.78,B,17,7
1427619998.18,1427619998.82,A,10,7
1427619998.18,1427619998.82,B,15,7
1427619998.22,1427619998.86,A,7,7
1427619998.22,1427619998.86,B,12,7
1427619998.26,1427619998.9,A,10,7
1427619998.26,1427619998.9,B,9,7
1427619998.3,1427619998.94,A,12,7
1427619998.3,1427619998.94,B,8,7
1427619998.34,1427619998.98,A,18,8
1427619998.34,1427619998.98,B,11,8
1427619998.38,1427619999.02,A,20,9
1427619998.38,1427619999.02,B,10,9
1427619998.42,1427619999.06,A,24,10
1427619998.42,1427619999.06,B,11,10
1427619998.46,1427619999.1,A,24,10
1427619998.46,1427619999.1,B,13,10
1427619998.5,1427619999.14,A,24,10
1427619998.5,1427619999.14,B,15,10
1427619998.54,1427619999.18,A,24,10
1427619998.54,1427619999.18,B,15,10
1427619998.58,1427619999.22,A,22,9
1427619998.58,1427619999.22,B,11,9
1427619998.62,1427619999.26,A,20,9
1427619998.62,1427619999.26,B,10,9
1427619998.66,1427619999.3,A,21,9
1427619998.66,1427619999.3,B,9,9
1427619998.7,1427619999.34,A,23,10
1427619998.7,1427619999.34,B,5,10
1427619998.74,1427619999.38,A,29,10
1427619998.74,1427619999.38,B,5,10
1427619998.78,1427619999.42,A,33,10
1427619998.78,1427619999.42,B,3,10
1427619998.82,1427619999.46,A,35,9
1427619998.82,1427619999.46,B,8,9
1427619998.86,1427619999.5,A,35,10
1427619998.86,1427619999.5,B,10,10
1427619998.9,1427619999.54,A,34,9
1427619998.9,1427619999.54,B,10,9
1427619998.94,1427619999.58,A,33,9
1427619998.94,1427619999.58,B,10,9
1427619998.98,1427619999.62,A,27,9
1427619998.98,1427619999.62,B,6,9
1427619999.02,1427619999.66,A,25,11
1427619999.02,1427619999.66,B,11,11
1427619999.06,1427619999.7,A,24,11
1427619999.06,1427619999.7,B,12,11
1427619999.1,1427619999.74,A,31,11
1427619999.1,1427619999.74,B,12,11
1427619999.14,1427619999.78,A,32,12
1427619999.14,1427619999.78,B,13,12
1427619999.18,1427619999.82,A,39,12
1427619999.18,1427619999.82,B,11,12
1427619999.22,1427619999.86,A,36,13
1427619999.22,1427619999.86,B,15,13
1427619999.26,1427619999.9,A,34,13
1427619999.26,1427619999.9,B,17,13
1427619999.3,1427619999.94,A,27,13
1427619999.3,1427619999.94,B,17,13
1427619999.34,1427619999.98,A,25,13
1427619999.34,1427619999.98,B,18,13
1427619999.38,1427620000.02,A,14,13
1427619999.38,1427620000.02,B,10,13
1427619999.42,1427620000.06,A,29,17
1427619999.42,1427620000.06,B,18,17
1427619999.46,1427620000.1,A,34,17
1427619999.46,1427620000.1,B,16,17
1427619999.5,1427620000.14,A,45,18
1427619999.5,1427620000.14,B,18,18
1427619999.54,1427620000.18,A,50,18
1427619999.54,1427620000.18,B,16,18
1427619999.58,1427620000.22,A,52,18
1427619999.58,1427620000.22,B,17,18
1427619999.62,1427620000.26,A,51,18
1427619999.62,1427620000.26,B,16,18
1427619999.66,1427620000.3,A,47,18
1427619999.66,1427620000.3,B,10,18
1427619999.7,1427620000.34,A,37,18
1427619999.7,1427620000.34,B,19,18
1427619999.74,1427620000.38,A,30,17
1427619999.74,1427620000.38,B,13,17
1427619999.78,1427620000.42,A,30,20
1427619999.78,1427620000.42,B,14,20
1427619999.82,1427620000.46,A,32,21
1427619999.82,1427620000.46,B,19,21
1427619999.86,1427620000.5,A,56,21
1427619999.86,1427620000.5,B,31,21
1427619999.9,1427620000.54,A,58,22
1427619999.9,1427620000.54,B,39,22
1427619999.94,1427620000.58,A,71,22
1427619999.94,1427620000.58,B,36,22
1427619999.98,1427620000.62,A,65,24
1427619999.98,1427620000.62,B,40,24
1427620000.02,1427620000.66,A,65,24
1427620000.02,1427620000.66,B,35,24
1427620000.06,1427620000.7,A,42,21
1427620000.06,1427620000.7,B,31,21
1427620000.1,1427620000.74,A,38,23
1427620000.1,1427620000.74,B,35,23
1427620000.14,1427620000.78,A,27,22
1427620000.14,1427620000.78,B,27,22
1427620000.18,1427620000.82,A,37,23
1427620000.18,1427620000.82,B,27,23
1427620000.22,1427620000.86,A,56,23
1427620000.22,1427620000.86,B,7,23
1427620000.26,1427620000.9,A,63,24
1427620000.26,1427620000.9,B,13,24
1427620000.3,1427620000.94,A,74,24
1427620000.3,1427620000.94,B,15,24
1427620000.34,1427620000.98,A,72,23
1427620000.34,1427620000.98,B,21,23
1427620000.38,1427620001.02,A,74,24
1427620000.38,1427620001.02,B,19,24
1427620000.42,1427620001.06,A,63,24
1427620000.42,1427620001.06,B,17,24
1427620000.46,1427620001.1,A,59,23
1427620000.46,1427620001.1,B,17,23
1427620000.5,1427620001.14,A,32,24
1427620000.5,1427620001.14,B,21,24
1427620000.54,1427620001.18,A,27,26
1427620000.54,1427620001.18,B,31,26
1427620000.58,1427620001.22,A,28,27
1427620000.58,1427620001.22,B,33,27
1427620000.62,1427620001.26,A,36,26
1427620000.62,1427620001.26,B,38,26
1427620000.66,1427620001.3,A,49,25
1427620000.66,1427620001.3,B,36,25
1427620000.7,1427620001.34,A,51,25
1427620000.7,1427620001.34,B,38,25
1427620000.74,1427620001.38,A,41,25
1427620000.74,1427620001.38,B,45,25
1427620000.78,1427620001.42,A,33,25
1427620000.78,1427620001.42,B,43,25
1427620000.82,1427620001.46,A,19,26
1427620000.82,1427620001.46,B,46,26
1427620000.86,1427620001.5,A,10,23
1427620000.86,1427620001.5,B,31,23
1427620000.9,1427620001.54,A,40,24
1427620000.9,1427620001.54,B,23,24
1427620000.94,1427620001.58,A,53,23
1427620000.94,1427620001.58,B,11,23
1427620000.98,1427620001.62,A,62,23
1427620000.98,1427620001.62,B,17,23
1427620001.02,1427620001.66,A,73,23
1427620001.02,1427620001.66,B,19,23
1427620001.06,1427620001.7,A,73,23
1427620001.06,1427620001.7,B,21,23
1427620001.1,1427620001.74,A,76,23
1427620001.1,1427620001.74,B,18,23
1427620001.14,1427620001.78,A,72,23
1427620001.14,1427620001.78,B,17,23
1427620001.18,1427620001.82,A,67,22
1427620001.18,1427620001.82,B,18,22
1427620001.22,1427620001.86,A,63,20
1427620001.22,1427620001.86,B,17,20
1427620001.26,1427620001.9,A,70,20
1427620001.26,1427620001.9,B,16,20
1427620001.3,1427620001.94,A,71,19
1427620001.3,1427620001.94,B,8,19
1427620001.34,1427620001.98,A,83,18
1427620001.34,1427620001.98,B,8,18
1427620001.38,1427620002.02,A,85,18
1427620001.38,1427620002.02,B,7,18
1427620001.42,1427620002.06,A,86,18
1427620001.42,1427620002.06,B,8,18
1427620001.46,1427620002.1,A,78,17
1427620001.46,1427620002.1,B,12,17
1427620001.5,1427620002.14,A,77,18
1427620001.5,1427620002.14,B,16,18
1427620001.54,1427620002.18,A,63,15
1427620001.54,1427620002.18,B,14,15
1427620001.58,1427620002.22,A,61,16
1427620001.58,1427620002.22,B,13,16
1427620001.62,1427620002.26,A,61,15
1427620001.62,1427620002.26,B,13,15
1427620001.66,1427620002.3,A,64,15
1427620001.66,1427620002.3,B,15,15
1427620001.7,1427620002.34,A,68,14
1427620001.7,1427620002.34,B,14,14
1427620001.74,1427620002.38,A,69,14
1427620001.74,1427620002.38,B,13,14
1427620001.78,1427620002.42,A,66,15
1427620001.78,1427620002.42,B,15,15
1427620001.82,1427620002.46,A,61,13
1427620001.82,1427620002.46,B,14,13
1427620001.86,1427620002.5,A,54,13
1427620001.86,1427620002.5,B,16,13
1427620001.9,1427620002.54,A,44,13
1427620001.9,1427620002.54,B,11,13
1427620001.94,1427620002.58,A,44,13
1427620001.94,1427620002.58,B,16,13
1427620001.98,1427620002.62,A,37,11
1427620001.98,1427620002.62,B,10,11
1427620002.02,1427620002.66,A,42,12
1427620002.02,1427620002.66,B,7,12
1427620002.06,1427620002.7,A,45,12
1427620002.06,1427620002.7,B,9,12
1427620002.1,1427620002.74,A,49,13
1427620002.1,1427620002.74,B,13,13
1427620002.14,1427620002.78,A,51,13
1427620002.14,1427620002.78,B,14,13
1427620002.18,1427620002.82,A,50,13
1427620002.18,1427620002.82,B,15,13
1427620002.22,1427620002.86,A,48,13
1427620002.22,1427620002.86,B,15,13
1427620002.26,1427620002.9,A,45,13
1427620002.26,1427620002.9,B,11,13
1427620002.3,1427620002.94,A,40,12
1427620002.3,1427620002.94,B,7,12
1427620002.34,1427620002.98,A,37,12
1427620002.34,1427620002.98,B,12,12
1427620002.38,1427620003.02,A,41,12
1427620002.38,1427620003.02,B,17,12
1427620002.42,1427620003.06,A,42,11
1427620002.42,1427620003.06,B,17,11
1427620002.46,1427620003.1,A,41,11
1427620002.46,1427620003.1,B,18,11
1427620002.5,1427620003.14,A,42,11
1427620002.5,1427620003.14,B,18,11
1427620002.54,1427620003.18,A,41,11
1427620002.54,1427620003.18,B,16,11
1427620002.58,1427620003.22,A,37,11
1427620002.58,1427620003.22,B,17,11
1427620002.62,1427620003.26,A,37,10
1427620002.62,1427620003.26,B,18,10
1427620002.66,1427620003.3,A,33,11
1427620002.66,1427620003.3,B,20,11
1427620002.7,1427620003.34,A,28,8
1427620002.7,1427620003.34,B,13,8
1427620002.74,1427620003.38,A,23,7
1427620002.74,1427620003.38,B,16,7
1427620002.78,1427620003.42,A,21,6
1427620002.78,1427620003.42,B,16,6
1427620002.82,1427620003.46,A,21,6
1427620002.82,1427620003.46,B,16,6
1427620002.86,1427620003.5,A,18,6
1427620002.86,1427620003.5,B,14,6
1427620002.9,1427620003.54,A,15,5
1427620002.9,1427620003.54,B,16,5
1427620002.94,1427620003.58,A,15,5
1427620002.94,1427620003.58,B,16,5
1427620002.98,1427620003.62,A,14,5
1427620002.98,1427620003.62,B,14,5
1427620003.02,1427620003.66,A,12,5
1427620003.02,1427620003.66,B,10,5
1427620003.06,1427620003.7,A,7,4
1427620003.06,1427620003.7,B,6,4
1427620003.1,1427620003.74,A,8,4
1427620003.1,1427620003.74,B,8,4
1427620003.14,1427620003.78,A,9,4
1427620003.14,1427620003.78,B,8,4
1427620003.18,1427620003.82,A,10,4
1427620003.18,1427620003.82,B,8,4
1427620003.22,1427620003.86,A,10,4
1427620003.22,1427620003.86,B,8,4
1427620003.26,1427620003.9,A,11,4
1427620003.26,1427620003.9,B,10,4
1427620003.3,1427620003.94,A,13,5
1427620003.3,1427620003.94,B,12,5
1427620003.34,1427620003.98,A,13,5
1427620003.34,1427620003.98,B,12,5
1427620003.38,1427620004.02,A,13,4
1427620003.38,1427620004.02,B,11,4
1427620003.42,1427620004.06,A,10,4
1427620003.42,1427620004.06,B,10,4
1427620003.46,1427620004.1,A,10,4
1427620003.46,1427620004.1,B,9,4
1427620003.5,1427620004.14,A,8,4
1427620003.5,1427620004.14,B,7,4
1427620003.54,1427620004.18,A,10,4
1427620003.54,1427620004.18,B,7,4
1427620003.58,1427620004.22,A,12,4
1427620003.58,1427620004.22,B,9,4
1427620003.62,1427620004.26,A,13,5
1427620003.62,1427620004.26,B,9,5
1427620003.66,1427620004.3,A,15,5
1427620003.66,1427620004.3,B,8,5
1427620003.7,1427620004.34,A,14,4
1427620003.7,1427620004.34,B,6,4
1427620003.74,1427620004.38,A,14,4
1427620003.74,1427620004.38,B,6,4
1427620003.78,1427620004.42,A,13,5
1427620003.78,1427620004.42,B,7,5
1427620003.82,1427620004.46,A,12,5
1427620003.82,1427620004.46,B,8,5
1427620003.86,1427620004.5,A,9,5
1427620003.86,1427620004.5,B,9,5
1427620003.9,1427620004.54,A,8,4
1427620003.9,1427620004.54,B,6,4
1427620003.94,1427620004.58,A,6,4
1427620003.94,1427620004.58,B,4,4
1427620003.98,1427620004.62,A,7,4
1427620003.98,1427620004.62,B,5,4
1427620004.02,1427620004.66,A,9,4
1427620004.02,1427620004.66,B,7,4
1427620004.06,1427620004.7,A,9,4
1427620004.06,1427620004.7,B,7,4
1427620004.1,1427620004.74,A,9,4
1427620004.1,1427620004.74,B,6,4
1427620004.14,1427620004.78,A,9,4
1427620004.14,1427620004.78,B,6,4
1427620004.18,1427620004.82,A,9,4
1427620004.18,1427620004.82,B,7,4
1427620004.22,1427620004.86,A,6,4
1427620004.22,1427620004.86,B,5,4
1427620004.26,1427620004.9,A,7,4
1427620004.26,1427620004.9,B,6,4
1427620004.3,1427620004.94,A,7,3
1427620004.3,1427620004.94,B,7,3
1427620004.34,1427620004.98,A,8,4
1427620004.34,1427620004.98,B,7,4
1427620004.38,1427620005.02,A,9,4
1427620004.38,1427620005.02,B,6,4
1427620004.42,1427620005.06,A,10,3
1427620004.42,1427620005.06,B,6,3
1427620004.46,1427620005.1,A,8,3
1427620004.46,1427620005.1,B,7,3
1427620004.5,1427620005.14,A,8,3
1427620004.5,1427620005.14,B,8,3
1427620004.54,1427620005.18,A,7,3
1427620004.54,1427620005.18,B,8,3
1427620004.58,1427620005.22,A,4,4
1427620004.58,1427620005.22,B,4,4
1427620004.62,1427620005.26,A,3,5
1427620004.62,1427620005.26,B,7,5
1427620004.66,1427620005.3,A,3,5
1427620004.66,1427620005.3,B,7,5
1427620004.7,1427620005.34,A,4,5
1427620004.7,1427620005.34,B,7,5
1427620004.74,1427620005.38,A,5,5
1427620004.74,1427620005.38,B,8,5
1427620004.78,1427620005.42,A,5,5
1427620004.78,1427620005.42,B,10,5
1427620004.82,1427620005.46,A,8,5
1427620004.82,1427620005.46,B,11,5
1427620004.86,1427620005.5,A,7,5
1427620004.86,1427620005.5,B,11,5
1427620004.9,1427620005.54,A,8,5
1427620004.9,1427620005.54,B,10,5
1427620004.94,1427620005.58,A,7,5
1427620004.94,1427620005.58,B,10,5
1427620004.98,1427620005.62,A,7,5
1427620004.98,1427620005.62,B,9,5
1427620005.02,1427620005.66,A,9,5
1427620005.02,1427620005.66,B,11,5
