#targetfile:$(projectRoot)/result/result/100cm/waist-front/hasc-20150329-180649-mag-pca.csv-lowpass.csv
1427620015.02,1427620015.66,A,10,3
1427620015.06,1427620015.7,A,11,3
1427620015.1,1427620015.74,A,11,3
1427620015.14,1427620015.78,A,11,3
1427620015.18,1427620015.82,A,11,4
1427620015.22,1427620015.86,A,11,4
1427620015.26,1427620015.9,A,11,4
1427620015.3,1427620015.94,A,11,4
1427620015.34,1427620015.98,A,12,5
1427620015.38,1427620016.02,A,10,5
1427620015.42,1427620016.06,A,8,5
1427620015.46,1427620016.1,A,7,5
1427620015.5,1427620016.14,A,8,5
1427620015.54,1427620016.18,A,9,5
1427620015.58,1427620016.22,A,10,6
1427620015.62,1427620016.26,A,11,6
1427620015.66,1427620016.3,A,10,5
1427620015.7,1427620016.34,A,10,5
1427620015.74,1427620016.38,A,8,5
1427620015.78,1427620016.42,A,7,5
1427620015.82,1427620016.46,A,6,4
1427620015.86,1427620016.5,A,5,4
1427620015.9,1427620016.54,A,5,4
1427620015.94,1427620016.58,A,4,4
1427620015.98,1427620016.62,A,4,4
1427620016.02,1427620016.66,A,2,3
1427620016.06,1427620016.7,A,2,3
1427620016.1,1427620016.74,A,3,3
1427620016.14,1427620016.78,A,2,3
1427620016.18,1427620016.82,A,1,3
1427620016.22,1427620016.86,A,1,4
1427620016.26,1427620016.9,A,1,4
1427620016.3,1427620016.94,A,2,4
1427620016.34,1427620016.98,A,2,4
1427620016.38,1427620017.02,A,3,4
1427620016.42,1427620017.06,A,6,4
1427620016.46,1427620017.1,A,7,5
1427620016.5,1427620017.14,A,7,5
1427620016.54,1427620017.18,A,9,5
1427620016.58,1427620017.22,A,9,5
1427620016.62,1427620017.26,A,10,5
1427620016.66,1427620017.3,A,12,5
1427620016.7,1427620017.34,A,12,5
1427620016.74,1427620017.38,A,14,5
1427620016.78,1427620017.42,A,15,5
1427620016.82,1427620017.46,A,15,5
1427620016.86,1427620017.5,A,16,5
1427620016.9,1427620017.54,A,15,5
1427620016.94,1427620017.58,A,17,5
1427620016.98,1427620017.62,A,18,5
1427620017.02,1427620017.66,A,18,6
1427620017.06,1427620017.7,A,15,6
1427620017.1,1427620017.74,A,14,6
1427620017.14,1427620017.78,A,13,5
1427620017.18,1427620017.82,A,12,5
1427620017.22,1427620017.86,A,12,5
1427620017.26,1427620017.9,A,10,5
1427620017.3,1427620017.94,A,13,5
1427620017.34,1427620017.98,A,13,5
1427620017.38,1427620018.02,A,14,5
1427620017.42,1427620018.06,A,12,4
1427620017.46,1427620018.1,A,11,4
1427620017.5,1427620018.14,A,7,4
1427620017.54,1427620018.18,A,8,4
1427620017.58,1427620018.22,A,7,3
1427620017.62,1427620018.26,A,8,3
1427620017.66,1427620018.3,A,11,3
1427620017.7,1427620018.34,A,12,4
1427620017.74,1427620018.38,A,14,4
1427620017.78,1427620018.42,A,14,4
1427620017.82,1427620018.46,A,14,4
1427620017.86,1427620018.5,A,13,4
1427620017.9,1427620018.54,A,13,4
1427620017.94,1427620018.58,A,13,4
1427620017.98,1427620018.62,A,14,4
1427620018.02,1427620018.66,A,14,4
1427620018.06,1427620018.7,A,16,4
1427620018.1,1427620018.74,A,15,5
1427620018.14,1427620018.78,A,14,5
1427620018.18,1427620018.82,A,15,5
1427620018.22,1427620018.86,A,17,6
1427620018.26,1427620018.9,A,19,6
1427620018.3,1427620018.94,A,24,7
1427620018.34,1427620018.98,A,25,8
1427620018.38,1427620019.02,A,24,8
1427620018.42,1427620019.06,A,25,8
1427620018.46,1427620019.1,A,26,8
1427620018.5,1427620019.14,A,25,8
1427620018.54,1427620019.18,A,25,8
1427620018.58,1427620019.22,A,27,8
1427620018.62,1427620019.26,A,30,8
1427620018.66,1427620019.3,A,29,9
1427620018.7,1427620019.34,A,31,9
1427620018.74,1427620019.38,A,33,8
1427620018.78,1427620019.42,A,34,8
1427620018.82,1427620019.46,A,35,8
1427620018.86,1427620019.5,A,33,8
1427620018.9,1427620019.54,A,34,8
1427620018.94,1427620019.58,A,32,7
1427620018.98,1427620019.62,A,33,7
1427620019.02,1427620019.66,A,38,8
1427620019.06,1427620019.7,A,38,9
1427620019.1,1427620019.74,A,40,9
1427620019.14,1427620019.78,A,42,9
1427620019.18,1427620019.82,A,42,9
1427620019.22,1427620019.86,A,39,9
1427620019.26,1427620019.9,A,41,9
1427620019.3,1427620019.94,A,43,11
1427620019.34,1427620019.98,A,52,14
1427620019.38,1427620020.02,A,60,14
1427620019.42,1427620020.06,A,64,15
1427620019.46,1427620020.1,A,66,14
1427620019.5,1427620020.14,A,65,14
1427620019.54,1427620020.18,A,63,14
1427620019.58,1427620020.22,A,70,15
1427620019.58,1427620020.22,B,22,15
1427620019.62,1427620020.26,A,70,15
1427620019.62,1427620020.26,B,19,15
1427620019.66,1427620020.3,A,77,16
1427620019.66,1427620020.3,B,19,16
1427620019.7,1427620020.34,A,84,16
1427620019.7,1427620020.34,B,12,16
1427620019.74,1427620020.38,A,85,16
1427620019.74,1427620020.38,B,9,16
1427620019.78,1427620020.42,A,89,16
1427620019.78,1427620020.42,B,9,16
1427620019.82,1427620020.46,A,90,16
1427620019.82,1427620020.46,B,11,16
1427620019.86,1427620020.5,A,92,17
1427620019.86,1427620020.5,B,12,17
1427620019.9,1427620020.54,A,98,16
1427620019.9,1427620020.54,B,6,16
1427620019.94,1427620020.58,A,100,17
1427620019.94,1427620020.58,B,2,17
1427620019.98,1427620020.62,A,107,19
1427620019.98,1427620020.62,B,6,19
1427620020.02,1427620020.66,A,103,20
1427620020.02,1427620020.66,B,13,20
1427620020.06,1427620020.7,A,105,20
1427620020.06,1427620020.7,B,12,20
1427620020.1,1427620020.74,A,99,20
1427620020.1,1427620020.74,B,15,20
1427620020.14,1427620020.78,A,98,20
1427620020.14,1427620020.78,B,14,20
1427620020.18,1427620020.82,A,91,22
1427620020.18,1427620020.82,B,10,22
1427620020.22,1427620020.86,A,87,21
1427620020.22,1427620020.86,B,10,21
1427620020.26,1427620020.9,A,84,23
1427620020.26,1427620020.9,B,17,23
1427620020.3,1427620020.94,A,90,26
1427620020.3,1427620020.94,B,23,26
1427620020.34,1427620020.98,A,94,27
1427620020.34,1427620020.98,B,24,27
1427620020.38,1427620021.02,A,97,27
1427620020.38,1427620021.02,B,22,27
1427620020.42,1427620021.06,A,88,28
1427620020.42,1427620021.06,B,29,28
1427620020.46,1427620021.1,A,85,27
1427620020.46,1427620021.1,B,30,27
1427620020.5,1427620021.14,A,78,26
1427620020.5,1427620021.14,B,32,26
1427620020.54,1427620021.18,A,74,26
1427620020.54,1427620021.18,B,28,26
1427620020.58,1427620021.22,A,73,26
1427620020.58,1427620021.22,B,24,26
1427620020.62,1427620021.26,A,68,25
1427620020.62,1427620021.26,B,23,25
1427620020.66,1427620021.3,A,69,24
1427620020.66,1427620021.3,B,24,24
1427620020.7,1427620021.34,A,68,24
1427620020.7,1427620021.34,B,24,24
1427620020.74,1427620021.38,A,68,24
1427620020.74,1427620021.38,B,24,24
1427620020.78,1427620021.42,A,68,24
1427620020.78,1427620021.42,B,25,24
1427620020.82,1427620021.46,A,73,23
1427620020.82,1427620021.46,B,27,23
1427620020.86,1427620021.5,A,71,23
1427620020.86,1427620021.5,B,30,23
1427620020.9,1427620021.54,A,74,21
1427620020.9,1427620021.54,B,19,21
1427620020.94,1427620021.58,A,65,21
1427620020.94,1427620021.58,B,16,21
1427620020.98,1427620021.62,A,58,17
1427620020.98,1427620021.62,B,8,17
1427620021.02,1427620021.66,A,52,16
1427620021.02,1427620021.66,B,11,16
1427620021.06,1427620021.7,A,51,16
1427620021.06,1427620021.7,B,11,16
1427620021.1,1427620021.74,A,51,16
1427620021.1,1427620021.74,B,9,16
1427620021.14,1427620021.78,A,55,16
1427620021.14,1427620021.78,B,8,16
1427620021.18,1427620021.82,A,55,17
1427620021.18,1427620021.82,B,9,17
1427620021.22,1427620021.86,A,57,16
1427620021.22,1427620021.86,B,14,16
1427620021.26,1427620021.9,A,44,15
1427620021.26,1427620021.9,B,24,15
1427620021.3,1427620021.94,A,42,14
1427620021.3,1427620021.94,B,22,14
1427620021.34,1427620021.98,A,35,13
1427620021.34,1427620021.98,B,23,13
1427620021.38,1427620022.02,A,33,13
1427620021.38,1427620022.02,B,21,13
1427620021.42,1427620022.06,A,33,13
1427620021.42,1427620022.06,B,20,13
1427620021.46,1427620022.1,A,34,13
1427620021.46,1427620022.1,B,19,13
1427620021.5,1427620022.14,A,35,13
1427620021.5,1427620022.14,B,16,13
1427620021.54,1427620022.18,A,36,13
1427620021.54,1427620022.18,B,16,13
1427620021.58,1427620022.22,A,30,11
1427620021.58,1427620022.22,B,20,11
1427620021.62,1427620022.26,A,29,11
1427620021.62,1427620022.26,B,16,11
1427620021.66,1427620022.3,A,24,10
1427620021.66,1427620022.3,B,12,10
1427620021.7,1427620022.34,A,25,10
1427620021.7,1427620022.34,B,10,10
1427620021.74,1427620022.38,A,28,9
1427620021.74,1427620022.38,B,6,9
1427620021.78,1427620022.42,A,29,9
1427620021.78,1427620022.42,B,5,9
1427620021.82,1427620022.46,A,27,8
1427620021.82,1427620022.46,B,7,8
1427620021.86,1427620022.5,A,27,8
1427620021.86,1427620022.5,B,7,8
1427620021.9,1427620022.54,A,24,8
1427620021.9,1427620022.54,B,5,8
1427620021.94,1427620022.58,A,23,8
1427620021.94,1427620022.58,B,2,8
1427620021.98,1427620022.62,A,19,7
1427620021.98,1427620022.62,B,1,7
1427620022.02,1427620022.66,A,20,8
1427620022.02,1427620022.66,B,4,8
1427620022.06,1427620022.7,A,21,8
1427620022.06,1427620022.7,B,5,8
1427620022.1,1427620022.74,A,21,8
1427620022.1,1427620022.74,B,6,8
1427620022.14,1427620022.78,A,19,8
1427620022.14,1427620022.78,B,9,8
1427620022.18,1427620022.82,A,19,8
1427620022.18,1427620022.82,B,9,8
1427620022.22,1427620022.86,A,14,6
1427620022.22,1427620022.86,B,7,6
1427620022.26,1427620022.9,A,13,6
1427620022.26,1427620022.9,B,7,6
1427620022.3,1427620022.94,A,9,5
1427620022.3,1427620022.94,B,9,5
1427620022.34,1427620022.98,A,10,5
1427620022.34,1427620022.98,B,10,5
1427620022.38,1427620023.02,A,9,5
1427620022.38,1427620023.02,B,9,5
1427620022.42,1427620023.06,A,7,6
1427620022.42,1427620023.06,B,10,6
1427620022.46,1427620023.1,A,8,6
1427620022.46,1427620023.1,B,11,6
1427620022.5,1427620023.14,A,7,6
1427620022.5,1427620023.14,B,10,6
1427620022.54,1427620023.18,A,10,6
1427620022.54,1427620023.18,B,9,6
1427620022.58,1427620023.22,A,9,6
1427620022.58,1427620023.22,B,10,6
1427620022.62,1427620023.26,A,8,6
1427620022.62,1427620023.26,B,11,6
1427620022.66,1427620023.3,A,6,6
1427620022.66,1427620023.3,B,9,6
1427620022.7,1427620023.34,A,5,6
1427620022.7,1427620023.34,B,8,6
1427620022.74,1427620023.38,A,4,6
1427620022.74,1427620023.38,B,10,6
1427620022.78,1427620023.42,A,4,6
1427620022.78,1427620023.42,B,11,6
1427620022.82,1427620023.46,A,8,6
1427620022.82,1427620023.46,B,11,6
1427620022.86,1427620023.5,A,9,6
1427620022.86,1427620023.5,B,11,6
1427620022.9,1427620023.54,A,10,6
1427620022.9,1427620023.54,B,9,6
1427620022.94,1427620023.58,A,10,6
1427620022.94,1427620023.58,B,7,6
1427620022.98,1427620023.62,A,7,7
1427620022.98,1427620023.62,B,9,7
1427620023.02,1427620023.66,A,5,8
1427620023.02,1427620023.66,B,11,8
1427620023.06,1427620023.7,A,4,8
1427620023.06,1427620023.7,B,12,8
1427620023.1,1427620023.74,A,2,7
1427620023.1,1427620023.74,B,9,7
1427620023.14,1427620023.78,A,2,7
1427620023.14,1427620023.78,B,8,7
1427620023.18,1427620023.82,A,2,7
1427620023.18,1427620023.82,B,7,7
1427620023.22,1427620023.86,A,0,6
1427620023.22,1427620023.86,B,5,6
1427620023.26,1427620023.9,A,2,6
1427620023.26,1427620023.9,B,6,6
1427620023.3,1427620023.94,A,4,7
1427620023.3,1427620023.94,B,7,7
1427620023.34,1427620023.98,A,5,7
1427620023.34,1427620023.98,B,8,7
1427620023.38,1427620024.02,A,7,6
1427620023.38,1427620024.02,B,7,6
1427620023.42,1427620024.06,A,7,6
1427620023.42,1427620024.06,B,5,6
1427620023.46,1427620024.1,A,5,6
1427620023.46,1427620024.1,B,7,6
1427620023.5,1427620024.14,A,4,6
1427620023.5,1427620024.14,B,9,6
1427620023.54,1427620024.18,A,1,6
1427620023.54,1427620024.18,B,11,6
1427620023.58,1427620024.22,A,1,7
1427620023.58,1427620024.22,B,11,7
1427620023.62,1427620024.26,A,4,7
1427620023.62,1427620024.26,B,10,7
1427620023.66,1427620024.3,A,6,7
1427620023.66,1427620024.3,B,8,7
1427620023.7,1427620024.34,A,6,7
1427620023.7,1427620024.34,B,8,7
1427620023.74,1427620024.38,A,3,6
1427620023.74,1427620024.38,B,11,6
1427620023.78,1427620024.42,A,2,7
1427620023.78,1427620024.42,B,11,7
1427620023.82,1427620024.46,A,0,6
1427620023.82,1427620024.46,B,9,6
1427620023.86,1427620024.5,A,2,6
1427620023.86,1427620024.5,B,7,6
1427620023.9,1427620024.54,A,6,6
1427620023.9,1427620024.54,B,9,6
1427620023.94,1427620024.58,A,6,6
1427620023.94,1427620024.58,B,11,6
1427620023.98,1427620024.62,A,8,7
1427620023.98,1427620024.62,B,12,7
1427620024.02,1427620024.66,A,8,7
1427620024.02,1427620024.66,B,12,7
1427620024.06,1427620024.7,A,8,7
1427620024.06,1427620024.7,B,11,7
1427620024.1,1427620024.74,A,8,7
1427620024.1,1427620024.74,B,14,7
1427620024.14,1427620024.78,A,6,7
1427620024.14,1427620024.78,B,16,7
1427620024.18,1427620024.82,A,6,7
1427620024.18,1427620024.82,B,16,7
1427620024.22,1427620024.86,A,6,6
1427620024.22,1427620024.86,B,14,6
1427620024.26,1427620024.9,A,6,6
1427620024.26,1427620024.9,B,12,6
1427620024.3,1427620024.94,A,7,7
1427620024.3,1427620024.94,B,8,7
1427620024.34,1427620024.98,A,11,7
1427620024.34,1427620024.98,B,8,7
1427620024.38,1427620025.02,A,17,7
1427620024.38,1427620025.02,B,9,7
