#targetfile:$(projectRoot)/result/result/100cm/waist-front/hasc-20150329-180708-mag-pca.csv-lowpass.csv
1427620034.47,1427620035.11,A,11,5
1427620034.51,1427620035.15,A,11,5
1427620034.55,1427620035.19,A,12,5
1427620034.59,1427620035.23,A,13,5
1427620034.63,1427620035.27,A,13,5
1427620034.67,1427620035.31,A,11,4
1427620034.71,1427620035.35,A,10,5
1427620034.75,1427620035.39,A,8,5
1427620034.79,1427620035.43,A,8,5
1427620034.83,1427620035.47,A,11,5
1427620034.87,1427620035.51,A,12,5
1427620034.91,1427620035.55,A,13,5
1427620034.95,1427620035.59,A,12,5
1427620034.99,1427620035.63,A,11,5
1427620035.03,1427620035.67,A,8,5
1427620035.07,1427620035.71,A,8,5
1427620035.11,1427620035.75,A,9,5
1427620035.15,1427620035.79,A,12,5
1427620035.19,1427620035.83,A,12,5
1427620035.23,1427620035.87,A,12,5
1427620035.27,1427620035.91,A,12,5
1427620035.31,1427620035.95,A,12,5
1427620035.35,1427620035.99,A,12,4
1427620035.39,1427620036.03,A,11,5
1427620035.43,1427620036.07,A,10,5
1427620035.47,1427620036.11,A,10,5
1427620035.51,1427620036.15,A,10,5
1427620035.55,1427620036.19,A,13,5
1427620035.59,1427620036.23,A,13,5
1427620035.63,1427620036.27,A,14,5
1427620035.67,1427620036.31,A,12,5
1427620035.71,1427620036.35,A,13,4
1427620035.75,1427620036.39,A,10,4
1427620035.79,1427620036.43,A,8,4
1427620035.83,1427620036.47,A,7,4
1427620035.87,1427620036.51,A,5,4
1427620035.91,1427620036.55,A,6,4
1427620035.95,1427620036.59,A,6,4
1427620035.99,1427620036.63,A,6,4
1427620036.03,1427620036.67,A,6,4
1427620036.07,1427620036.71,A,5,4
1427620036.11,1427620036.75,A,1,4
1427620036.15,1427620036.79,A,4,4
1427620036.15,1427620036.79,B,17,4
1427620036.19,1427620036.83,A,9,5
1427620036.19,1427620036.83,B,12,5
1427620036.23,1427620036.87,A,12,6
1427620036.23,1427620036.87,B,10,6
1427620036.27,1427620036.91,A,15,6
1427620036.27,1427620036.91,B,9,6
1427620036.31,1427620036.95,A,14,6
1427620036.31,1427620036.95,B,11,6
1427620036.35,1427620036.99,A,14,6
1427620036.35,1427620036.99,B,11,6
1427620036.39,1427620037.03,A,13,6
1427620036.39,1427620037.03,B,9,6
1427620036.43,1427620037.07,A,13,6
1427620036.43,1427620037.07,B,9,6
1427620036.47,1427620037.11,A,10,6
1427620036.47,1427620037.11,B,8,6
1427620036.51,1427620037.15,A,10,6
1427620036.51,1427620037.15,B,9,6
1427620036.55,1427620037.19,A,11,6
1427620036.55,1427620037.19,B,10,6
1427620036.59,1427620037.23,A,11,7
1427620036.59,1427620037.23,B,9,7
1427620036.63,1427620037.27,A,10,6
1427620036.63,1427620037.27,B,8,6
1427620036.67,1427620037.31,A,10,6
1427620036.67,1427620037.31,B,7,6
1427620036.71,1427620037.35,A,11,6
1427620036.71,1427620037.35,B,6,6
1427620036.75,1427620037.39,A,13,6
1427620036.75,1427620037.39,B,8,6
1427620036.79,1427620037.43,A,10,6
1427620036.79,1427620037.43,B,11,6
1427620036.83,1427620037.47,A,10,5
1427620036.83,1427620037.47,B,9,5
1427620036.87,1427620037.51,A,3,5
1427620036.87,1427620037.51,B,7,5
1427620036.91,1427620037.55,A,4,6
1427620036.91,1427620037.55,B,9,6
1427620036.95,1427620037.59,A,7,5
1427620036.95,1427620037.59,B,12,5
1427620036.99,1427620037.63,A,8,6
1427620036.99,1427620037.63,B,13,6
1427620037.03,1427620037.67,A,8,6
1427620037.03,1427620037.67,B,12,6
1427620037.07,1427620037.71,A,9,6
1427620037.07,1427620037.71,B,13,6
1427620037.11,1427620037.75,A,9,6
1427620037.11,1427620037.75,B,13,6
1427620037.15,1427620037.79,A,13,6
1427620037.15,1427620037.79,B,15,6
1427620037.19,1427620037.83,A,13,6
1427620037.19,1427620037.83,B,13,6
1427620037.23,1427620037.87,A,18,6
1427620037.23,1427620037.87,B,10,6
1427620037.27,1427620037.91,A,22,8
1427620037.27,1427620037.91,B,11,8
1427620037.31,1427620037.95,A,24,8
1427620037.31,1427620037.95,B,11,8
1427620037.35,1427620037.99,A,23,8
1427620037.35,1427620037.99,B,10,8
1427620037.39,1427620038.03,A,22,8
1427620037.39,1427620038.03,B,8,8
1427620037.43,1427620038.07,A,20,8
1427620037.43,1427620038.07,B,7,8
1427620037.47,1427620038.11,A,21,8
1427620037.47,1427620038.11,B,6,8
1427620037.51,1427620038.15,A,21,8
1427620037.51,1427620038.15,B,6,8
1427620037.55,1427620038.19,A,21,9
1427620037.55,1427620038.19,B,7,9
1427620037.59,1427620038.23,A,23,9
1427620037.59,1427620038.23,B,8,9
1427620037.63,1427620038.27,A,25,9
1427620037.63,1427620038.27,B,8,9
1427620037.67,1427620038.31,A,30,9
1427620037.67,1427620038.31,B,5,9
1427620037.71,1427620038.35,A,30,10
1427620037.71,1427620038.35,B,9,10
1427620037.75,1427620038.39,A,32,10
1427620037.75,1427620038.39,B,10,10
1427620037.79,1427620038.43,A,26,11
1427620037.79,1427620038.43,B,17,11
1427620037.83,1427620038.47,A,24,10
1427620037.83,1427620038.47,B,18,10
1427620037.87,1427620038.51,A,15,11
1427620037.87,1427620038.51,B,18,11
1427620037.91,1427620038.55,A,13,11
1427620037.91,1427620038.55,B,19,11
1427620037.95,1427620038.59,A,10,9
1427620037.95,1427620038.59,B,14,9
1427620037.99,1427620038.63,A,20,12
1427620037.99,1427620038.63,B,15,12
1427620038.03,1427620038.67,A,23,12
1427620038.03,1427620038.67,B,14,12
1427620038.07,1427620038.71,A,25,13
1427620038.07,1427620038.71,B,16,13
1427620038.11,1427620038.75,A,21,12
1427620038.11,1427620038.75,B,19,12
1427620038.15,1427620038.79,A,19,13
1427620038.15,1427620038.79,B,19,13
1427620038.19,1427620038.83,A,11,11
1427620038.19,1427620038.83,B,16,11
1427620038.23,1427620038.87,A,10,11
1427620038.23,1427620038.87,B,14,11
1427620038.27,1427620038.91,A,13,12
1427620038.27,1427620038.91,B,15,12
1427620038.31,1427620038.95,A,17,14
1427620038.31,1427620038.95,B,21,14
1427620038.35,1427620038.99,A,28,14
1427620038.35,1427620038.99,B,20,14
1427620038.39,1427620039.03,A,28,14
1427620038.39,1427620039.03,B,19,14
1427620038.43,1427620039.07,A,38,16
1427620038.43,1427620039.07,B,14,16
1427620038.47,1427620039.11,A,33,16
1427620038.47,1427620039.11,B,17,16
1427620038.51,1427620039.15,A,31,16
1427620038.51,1427620039.15,B,20,16
1427620038.55,1427620039.19,A,20,16
1427620038.55,1427620039.19,B,22,16
1427620038.59,1427620039.23,A,27,18
1427620038.59,1427620039.23,B,32,18
1427620038.63,1427620039.27,A,26,18
1427620038.63,1427620039.27,B,25,18
1427620038.67,1427620039.31,A,45,21
1427620038.67,1427620039.31,B,27,21
1427620038.71,1427620039.35,A,55,19
1427620038.71,1427620039.35,B,21,19
1427620038.75,1427620039.39,A,64,22
1427620038.75,1427620039.39,B,24,22
1427620038.79,1427620039.43,A,63,21
1427620038.79,1427620039.43,B,25,21
1427620038.83,1427620039.47,A,60,21
1427620038.83,1427620039.47,B,22,21
1427620038.87,1427620039.51,A,54,21
1427620038.87,1427620039.51,B,21,21
1427620038.91,1427620039.55,A,47,21
1427620038.91,1427620039.55,B,13,21
1427620038.95,1427620039.59,A,42,22
1427620038.95,1427620039.59,B,12,22
1427620038.99,1427620039.63,A,50,23
1427620038.99,1427620039.63,B,22,23
1427620039.03,1427620039.67,A,64,24
1427620039.03,1427620039.67,B,28,24
1427620039.07,1427620039.71,A,67,25
1427620039.07,1427620039.71,B,20,25
1427620039.11,1427620039.75,A,83,24
1427620039.11,1427620039.75,B,11,24
1427620039.15,1427620039.79,A,79,24
1427620039.15,1427620039.79,B,15,24
1427620039.19,1427620039.83,A,78,25
1427620039.19,1427620039.83,B,17,25
1427620039.23,1427620039.87,A,57,24
1427620039.23,1427620039.87,B,31,24
1427620039.27,1427620039.91,A,57,25
1427620039.27,1427620039.91,B,41,25
1427620039.31,1427620039.95,A,39,24
1427620039.31,1427620039.95,B,27,24
1427620039.35,1427620039.99,A,46,28
1427620039.35,1427620039.99,B,27,28
1427620039.39,1427620040.03,A,65,24
1427620039.39,1427620040.03,B,20,24
1427620039.43,1427620040.07,A,71,25
1427620039.43,1427620040.07,B,29,25
1427620039.47,1427620040.11,A,76,24
1427620039.47,1427620040.11,B,32,24
1427620039.51,1427620040.15,A,73,25
1427620039.51,1427620040.15,B,35,25
1427620039.55,1427620040.19,A,57,28
1427620039.55,1427620040.19,B,37,28
1427620039.59,1427620040.23,A,41,23
1427620039.59,1427620040.23,B,25,23
1427620039.63,1427620040.27,A,39,26
1427620039.63,1427620040.27,B,35,26
1427620039.67,1427620040.31,A,35,23
1427620039.67,1427620040.31,B,26,23
1427620039.71,1427620040.35,A,51,25
1427620039.71,1427620040.35,B,30,25
1427620039.75,1427620040.39,A,60,22
1427620039.75,1427620040.39,B,21,22
1427620039.79,1427620040.43,A,61,22
1427620039.79,1427620040.43,B,20,22
1427620039.83,1427620040.47,A,55,22
1427620039.83,1427620040.47,B,17,22
1427620039.87,1427620040.51,A,54,23
1427620039.87,1427620040.51,B,14,23
1427620039.91,1427620040.55,A,39,21
1427620039.91,1427620040.55,B,21,21
1427620039.95,1427620040.59,A,40,22
1427620039.95,1427620040.59,B,24,22
1427620039.99,1427620040.63,A,54,22
1427620039.99,1427620040.63,B,23,22
1427620040.03,1427620040.67,A,57,22
1427620040.03,1427620040.67,B,15,22
1427620040.07,1427620040.71,A,71,21
1427620040.07,1427620040.71,B,13,21
1427620040.11,1427620040.75,A,75,20
1427620040.11,1427620040.75,B,9,20
1427620040.15,1427620040.79,A,74,20
1427620040.15,1427620040.79,B,11,20
1427620040.19,1427620040.83,A,61,19
1427620040.19,1427620040.83,B,16,19
1427620040.23,1427620040.87,A,63,20
1427620040.23,1427620040.87,B,23,20
1427620040.27,1427620040.91,A,50,19
1427620040.27,1427620040.91,B,20,19
1427620040.31,1427620040.95,A,55,19
1427620040.31,1427620040.95,B,21,19
1427620040.35,1427620040.99,A,62,17
1427620040.35,1427620040.99,B,10,17
1427620040.39,1427620041.03,A,65,17
1427620040.39,1427620041.03,B,9,17
1427620040.43,1427620041.07,A,67,18
1427620040.43,1427620041.07,B,10,18
1427620040.47,1427620041.11,A,66,17
1427620040.47,1427620041.11,B,12,17
1427620040.51,1427620041.15,A,57,18
1427620040.51,1427620041.15,B,14,18
1427620040.55,1427620041.19,A,52,14
1427620040.55,1427620041.19,B,12,14
1427620040.59,1427620041.23,A,51,13
1427620040.59,1427620041.23,B,16,13
1427620040.63,1427620041.27,A,45,12
1427620040.63,1427620041.27,B,9,12
1427620040.67,1427620041.31,A,51,12
1427620040.67,1427620041.31,B,10,12
1427620040.71,1427620041.35,A,52,11
1427620040.71,1427620041.35,B,10,11
1427620040.75,1427620041.39,A,51,11
1427620040.75,1427620041.39,B,10,11
1427620040.79,1427620041.43,A,50,11
1427620040.79,1427620041.43,B,9,11
1427620040.83,1427620041.47,A,48,11
1427620040.83,1427620041.47,B,10,11
1427620040.87,1427620041.51,A,39,10
1427620040.87,1427620041.51,B,9,10
1427620040.91,1427620041.55,A,37,9
1427620040.91,1427620041.55,B,11,9
1427620040.95,1427620041.59,A,33,9
1427620040.95,1427620041.59,B,14,9
1427620040.99,1427620041.63,A,31,9
1427620040.99,1427620041.63,B,12,9
1427620041.03,1427620041.67,A,32,8
1427620041.03,1427620041.67,B,9,8
1427620041.07,1427620041.71,A,31,8
1427620041.07,1427620041.71,B,9,8
1427620041.11,1427620041.75,A,26,8
1427620041.11,1427620041.75,B,10,8
1427620041.15,1427620041.79,A,25,8
1427620041.15,1427620041.79,B,13,8
1427620041.19,1427620041.83,A,20,7
1427620041.19,1427620041.83,B,11,7
1427620041.23,1427620041.87,A,21,6
1427620041.23,1427620041.87,B,9,6
1427620041.27,1427620041.91,A,23,6
1427620041.27,1427620041.91,B,6,6
1427620041.31,1427620041.95,A,23,6
1427620041.31,1427620041.95,B,6,6
1427620041.35,1427620041.99,A,25,6
1427620041.35,1427620041.99,B,4,6
1427620041.39,1427620042.03,A,25,6
1427620041.39,1427620042.03,B,5,6
1427620041.43,1427620042.07,A,23,6
1427620041.43,1427620042.07,B,4,6
1427620041.47,1427620042.11,A,23,5
1427620041.47,1427620042.11,B,4,5
1427620041.51,1427620042.15,A,22,6
1427620041.51,1427620042.15,B,5,6
1427620041.55,1427620042.19,A,23,6
1427620041.55,1427620042.19,B,7,6
1427620041.59,1427620042.23,A,22,6
1427620041.59,1427620042.23,B,5,6
1427620041.63,1427620042.27,A,21,6
1427620041.63,1427620042.27,B,3,6
1427620041.67,1427620042.31,A,23,6
1427620041.67,1427620042.31,B,2,6
1427620041.71,1427620042.35,A,23,6
1427620041.71,1427620042.35,B,2,6
1427620041.75,1427620042.39,A,23,6
1427620041.75,1427620042.39,B,2,6
1427620041.79,1427620042.43,A,19,6
1427620041.79,1427620042.43,B,6,6
1427620041.83,1427620042.47,A,18,6
1427620041.83,1427620042.47,B,7,6
1427620041.87,1427620042.51,A,14,5
1427620041.87,1427620042.51,B,5,5
1427620041.91,1427620042.55,A,14,5
1427620041.91,1427620042.55,B,5,5
1427620041.95,1427620042.59,A,13,4
1427620041.95,1427620042.59,B,4,4
1427620041.99,1427620042.63,A,14,5
1427620041.99,1427620042.63,B,5,5
1427620042.03,1427620042.67,A,14,5
1427620042.03,1427620042.67,B,6,5
1427620042.07,1427620042.71,A,13,5
1427620042.07,1427620042.71,B,7,5
1427620042.11,1427620042.75,A,14,5
1427620042.11,1427620042.75,B,8,5
1427620042.15,1427620042.79,A,15,5
1427620042.15,1427620042.79,B,8,5
1427620042.19,1427620042.83,A,11,5
1427620042.19,1427620042.83,B,10,5
1427620042.23,1427620042.87,A,11,5
1427620042.23,1427620042.87,B,10,5
1427620042.27,1427620042.91,A,11,5
1427620042.27,1427620042.91,B,10,5
1427620042.31,1427620042.95,A,9,4
1427620042.31,1427620042.95,B,8,4
1427620042.35,1427620042.99,A,9,4
1427620042.35,1427620042.99,B,7,4
1427620042.39,1427620043.03,A,9,4
1427620042.39,1427620043.03,B,7,4
1427620042.43,1427620043.07,A,7,5
1427620042.43,1427620043.07,B,8,5
1427620042.47,1427620043.11,A,6,4
1427620042.47,1427620043.11,B,9,4
1427620042.51,1427620043.15,A,7,5
1427620042.51,1427620043.15,B,10,5
1427620042.55,1427620043.19,A,6,4
1427620042.55,1427620043.19,B,9,4
1427620042.59,1427620043.23,A,6,4
1427620042.59,1427620043.23,B,8,4
1427620042.63,1427620043.27,A,3,4
1427620042.63,1427620043.27,B,10,4
1427620042.67,1427620043.31,A,2,4
1427620042.67,1427620043.31,B,12,4
1427620042.71,1427620043.35,A,0,3
1427620042.71,1427620043.35,B,14,3
1427620042.75,1427620043.39,A,0,3
1427620042.75,1427620043.39,B,14,3
1427620042.79,1427620043.43,A,1,4
1427620042.79,1427620043.43,B,12,4
1427620042.83,1427620043.47,A,1,4
1427620042.83,1427620043.47,B,12,4
1427620042.87,1427620043.51,A,2,4
1427620042.87,1427620043.51,B,11,4
1427620042.91,1427620043.55,A,2,4
1427620042.91,1427620043.55,B,12,4
1427620042.95,1427620043.59,A,3,4
1427620042.95,1427620043.59,B,13,4
1427620042.99,1427620043.63,A,2,4
1427620042.99,1427620043.63,B,14,4
1427620043.03,1427620043.67,A,6,5
1427620043.03,1427620043.67,B,12,5
1427620043.07,1427620043.71,A,7,5
1427620043.07,1427620043.71,B,11,5
1427620043.11,1427620043.75,A,7,5
1427620043.11,1427620043.75,B,11,5
1427620043.15,1427620043.79,A,7,5
1427620043.15,1427620043.79,B,10,5
1427620043.19,1427620043.83,A,9,5
1427620043.19,1427620043.83,B,8,5
1427620043.23,1427620043.87,A,8,6
1427620043.23,1427620043.87,B,10,6
1427620043.27,1427620043.91,A,7,7
1427620043.27,1427620043.91,B,11,7
1427620043.31,1427620043.95,A,6,7
1427620043.31,1427620043.95,B,10,7
1427620043.35,1427620043.99,A,5,6
1427620043.35,1427620043.99,B,8,6
1427620043.39,1427620044.03,A,2,6
1427620043.39,1427620044.03,B,5,6
1427620043.43,1427620044.07,A,0,6
1427620043.43,1427620044.07,B,6,6
1427620043.47,1427620044.11,A,3,6
1427620043.47,1427620044.11,B,8,6
1427620043.51,1427620044.15,A,4,6
1427620043.51,1427620044.15,B,8,6
1427620043.55,1427620044.19,A,4,6
1427620043.55,1427620044.19,B,10,6
1427620043.59,1427620044.23,A,4,6
1427620043.59,1427620044.23,B,10,6
1427620043.63,1427620044.27,A,4,6
1427620043.63,1427620044.27,B,10,6
1427620043.67,1427620044.31,A,3,6
1427620043.67,1427620044.31,B,9,6
1427620043.71,1427620044.35,A,6,5
1427620043.71,1427620044.35,B,10,5
1427620043.75,1427620044.39,A,6,5
1427620043.75,1427620044.39,B,10,5
1427620043.79,1427620044.43,A,6,5
1427620043.79,1427620044.43,B,10,5
1427620043.83,1427620044.47,A,7,5
1427620043.83,1427620044.47,B,11,5
1427620043.87,1427620044.51,A,7,4
1427620043.87,1427620044.51,B,10,4
1427620043.91,1427620044.55,A,7,4
1427620043.91,1427620044.55,B,9,4
1427620043.95,1427620044.59,A,6,4
1427620043.95,1427620044.59,B,10,4
1427620043.99,1427620044.63,A,7,4
1427620043.99,1427620044.63,B,11,4
1427620044.03,1427620044.67,A,5,4
1427620044.03,1427620044.67,B,13,4
1427620044.07,1427620044.71,A,5,4
1427620044.07,1427620044.71,B,12,4
1427620044.11,1427620044.75,A,3,3
1427620044.11,1427620044.75,B,12,3
1427620044.15,1427620044.79,A,3,4
1427620044.15,1427620044.79,B,12,4
1427620044.19,1427620044.83,A,5,3
1427620044.19,1427620044.83,B,12,3
1427620044.23,1427620044.87,A,2,4
1427620044.23,1427620044.87,B,15,4
1427620044.27,1427620044.91,A,3,4
1427620044.27,1427620044.91,B,15,4
1427620044.31,1427620044.95,A,3,4
1427620044.31,1427620044.95,B,15,4
1427620044.35,1427620044.99,A,3,4
1427620044.35,1427620044.99,B,14,4
1427620044.39,1427620045.03,A,3,4
1427620044.39,1427620045.03,B,14,4
1427620044.43,1427620045.07,A,3,4
1427620044.43,1427620045.07,B,14,4
1427620044.47,1427620045.11,A,4,4
1427620044.47,1427620045.11,B,13,4
1427620044.51,1427620045.15,A,6,4
1427620044.51,1427620045.15,B,11,4
1427620044.55,1427620045.19,A,7,4
1427620044.55,1427620045.19,B,9,4
1427620044.59,1427620045.23,A,8,4
1427620044.59,1427620045.23,B,9,4
