#targetfile:$(projectRoot)/result/result/100cm/waist-front/hasc-20150329-180538-mag-pca.csv-lowpass.csv
1427619978.43,1427619979.07,A,18,5
1427619978.47,1427619979.11,A,18,6
1427619978.51,1427619979.15,A,22,6
1427619978.55,1427619979.19,A,22,6
1427619978.59,1427619979.23,A,21,5
1427619978.63,1427619979.27,A,22,5
1427619978.67,1427619979.31,A,23,5
1427619978.71,1427619979.35,A,24,5
1427619978.75,1427619979.39,A,25,5
1427619978.79,1427619979.43,A,25,5
1427619978.83,1427619979.47,A,24,5
1427619978.87,1427619979.51,A,23,5
1427619978.91,1427619979.55,A,23,5
1427619978.95,1427619979.59,A,22,6
1427619978.99,1427619979.63,A,23,6
1427619979.03,1427619979.67,A,24,7
1427619979.07,1427619979.71,A,23,7
1427619979.11,1427619979.75,A,22,6
1427619979.15,1427619979.79,A,21,6
1427619979.19,1427619979.83,A,23,6
1427619979.23,1427619979.87,A,23,6
1427619979.27,1427619979.91,A,25,7
1427619979.31,1427619979.95,A,27,7
1427619979.35,1427619979.99,A,28,8
1427619979.39,1427619980.03,A,30,8
1427619979.43,1427619980.07,A,33,8
1427619979.47,1427619980.11,A,34,8
1427619979.51,1427619980.15,A,35,9
1427619979.55,1427619980.19,A,36,9
1427619979.59,1427619980.23,A,37,9
1427619979.63,1427619980.27,A,38,9
1427619979.67,1427619980.31,A,38,8
1427619979.71,1427619980.35,A,42,9
1427619979.75,1427619980.39,A,45,9
1427619979.79,1427619980.43,A,47,9
1427619979.83,1427619980.47,A,50,9
1427619979.87,1427619980.51,A,49,9
1427619979.91,1427619980.55,A,49,10
1427619979.95,1427619980.59,A,51,11
1427619979.99,1427619980.63,A,52,11
1427619980.03,1427619980.67,A,55,11
1427619980.07,1427619980.71,A,57,11
1427619980.11,1427619980.75,A,60,11
1427619980.15,1427619980.79,A,64,11
1427619980.19,1427619980.83,A,63,11
1427619980.23,1427619980.87,A,68,11
1427619980.27,1427619980.91,A,74,12
1427619980.27,1427619980.91,B,18,12
1427619980.31,1427619980.95,A,73,13
1427619980.31,1427619980.95,B,19,13
1427619980.35,1427619980.99,A,88,17
1427619980.35,1427619980.99,B,7,17
1427619980.39,1427619981.03,A,88,17
1427619980.39,1427619981.03,B,10,17
1427619980.43,1427619981.07,A,95,19
1427619980.43,1427619981.07,B,17,19
1427619980.47,1427619981.11,A,94,19
1427619980.47,1427619981.11,B,20,19
1427619980.51,1427619981.15,A,93,19
1427619980.51,1427619981.15,B,20,19
1427619980.55,1427619981.19,A,95,19
1427619980.55,1427619981.19,B,21,19
1427619980.59,1427619981.23,A,98,20
1427619980.59,1427619981.23,B,24,20
1427619980.63,1427619981.27,A,96,22
1427619980.63,1427619981.27,B,16,22
1427619980.67,1427619981.31,A,119,28
1427619980.67,1427619981.31,B,29,28
1427619980.71,1427619981.35,A,123,29
1427619980.71,1427619981.35,B,30,29
1427619980.75,1427619981.39,A,133,30
1427619980.75,1427619981.39,B,30,30
1427619980.79,1427619981.43,A,128,31
1427619980.79,1427619981.43,B,31,31
1427619980.83,1427619981.47,A,127,31
1427619980.83,1427619981.47,B,25,31
1427619980.87,1427619981.51,A,121,30
1427619980.87,1427619981.51,B,21,30
1427619980.91,1427619981.55,A,120,30
1427619980.91,1427619981.55,B,18,30
1427619980.95,1427619981.59,A,125,30
1427619980.95,1427619981.59,B,24,30
1427619980.99,1427619981.63,A,129,31
1427619980.99,1427619981.63,B,23,31
1427619981.03,1427619981.67,A,129,31
1427619981.03,1427619981.67,B,24,31
1427619981.07,1427619981.71,A,137,33
1427619981.07,1427619981.71,B,20,33
1427619981.11,1427619981.75,A,126,34
1427619981.11,1427619981.75,B,27,34
1427619981.15,1427619981.79,A,128,33
1427619981.15,1427619981.79,B,18,33
1427619981.19,1427619981.83,A,116,32
1427619981.19,1427619981.83,B,8,32
1427619981.23,1427619981.87,A,116,32
1427619981.23,1427619981.87,B,9,32
1427619981.27,1427619981.91,A,118,32
1427619981.27,1427619981.91,B,10,32
1427619981.31,1427619981.95,A,110,30
1427619981.31,1427619981.95,B,14,30
1427619981.35,1427619981.99,A,111,31
1427619981.35,1427619981.99,B,17,31
1427619981.39,1427619982.03,A,119,34
1427619981.39,1427619982.03,B,24,34
1427619981.43,1427619982.07,A,114,34
1427619981.43,1427619982.07,B,30,34
1427619981.47,1427619982.11,A,113,34
1427619981.47,1427619982.11,B,32,34
1427619981.51,1427619982.15,A,106,33
1427619981.51,1427619982.15,B,33,33
1427619981.55,1427619982.19,A,105,33
1427619981.55,1427619982.19,B,34,33
1427619981.59,1427619982.23,A,96,32
1427619981.59,1427619982.23,B,35,32
1427619981.63,1427619982.27,A,87,33
1427619981.63,1427619982.27,B,38,33
1427619981.67,1427619982.31,A,84,33
1427619981.67,1427619982.31,B,38,33
1427619981.71,1427619982.35,A,68,32
1427619981.71,1427619982.35,B,29,32
1427619981.75,1427619982.39,A,67,32
1427619981.75,1427619982.39,B,30,32
1427619981.79,1427619982.43,A,63,31
1427619981.79,1427619982.43,B,32,31
1427619981.83,1427619982.47,A,69,32
1427619981.83,1427619982.47,B,37,32
1427619981.87,1427619982.51,A,67,31
1427619981.87,1427619982.51,B,47,31
1427619981.91,1427619982.55,A,71,31
1427619981.91,1427619982.55,B,45,31
1427619981.95,1427619982.59,A,62,30
1427619981.95,1427619982.59,B,50,30
1427619981.99,1427619982.63,A,68,27
1427619981.99,1427619982.63,B,34,27
1427619982.03,1427619982.67,A,46,19
1427619982.03,1427619982.67,B,18,19
1427619982.07,1427619982.71,A,42,18
1427619982.07,1427619982.71,B,13,18
1427619982.11,1427619982.75,A,36,16
1427619982.11,1427619982.75,B,20,16
1427619982.15,1427619982.79,A,37,16
1427619982.15,1427619982.79,B,21,16
1427619982.19,1427619982.83,A,39,16
1427619982.19,1427619982.83,B,21,16
1427619982.23,1427619982.87,A,44,15
1427619982.23,1427619982.87,B,19,15
1427619982.27,1427619982.91,A,42,15
1427619982.27,1427619982.91,B,17,15
1427619982.31,1427619982.95,A,43,14
1427619982.31,1427619982.95,B,12,14
1427619982.35,1427619982.99,A,36,13
1427619982.35,1427619982.99,B,15,13
1427619982.39,1427619983.03,A,33,13
1427619982.39,1427619983.03,B,19,13
1427619982.43,1427619983.07,A,32,13
1427619982.43,1427619983.07,B,20,13
1427619982.47,1427619983.11,A,33,13
1427619982.47,1427619983.11,B,21,13
1427619982.51,1427619983.15,A,34,13
1427619982.51,1427619983.15,B,21,13
1427619982.55,1427619983.19,A,34,12
1427619982.55,1427619983.19,B,22,12
1427619982.59,1427619983.23,A,34,11
1427619982.59,1427619983.23,B,20,11
1427619982.63,1427619983.27,A,28,10
1427619982.63,1427619983.27,B,23,10
1427619982.67,1427619983.31,A,23,9
1427619982.67,1427619983.31,B,18,9
1427619982.71,1427619983.35,A,20,9
1427619982.71,1427619983.35,B,15,9
1427619982.75,1427619983.39,A,15,8
1427619982.75,1427619983.39,B,12,8
1427619982.79,1427619983.43,A,18,8
1427619982.79,1427619983.43,B,11,8
1427619982.83,1427619983.47,A,18,8
1427619982.83,1427619983.47,B,12,8
1427619982.87,1427619983.51,A,16,7
1427619982.87,1427619983.51,B,14,7
1427619982.91,1427619983.55,A,14,7
1427619982.91,1427619983.55,B,14,7
1427619982.95,1427619983.59,A,13,6
1427619982.95,1427619983.59,B,14,6
1427619982.99,1427619983.63,A,10,6
1427619982.99,1427619983.63,B,15,6
1427619983.03,1427619983.67,A,10,5
1427619983.03,1427619983.67,B,14,5
1427619983.07,1427619983.71,A,9,5
1427619983.07,1427619983.71,B,14,5
1427619983.11,1427619983.75,A,8,5
1427619983.11,1427619983.75,B,13,5
1427619983.15,1427619983.79,A,8,5
1427619983.15,1427619983.79,B,12,5
1427619983.19,1427619983.83,A,10,5
1427619983.19,1427619983.83,B,11,5
1427619983.23,1427619983.87,A,9,5
1427619983.23,1427619983.87,B,8,5
1427619983.27,1427619983.91,A,7,5
1427619983.27,1427619983.91,B,8,5
1427619983.31,1427619983.95,A,4,5
1427619983.31,1427619983.95,B,10,5
1427619983.35,1427619983.99,A,3,5
1427619983.35,1427619983.99,B,13,5
1427619983.39,1427619984.03,A,4,5
1427619983.39,1427619984.03,B,13,5
1427619983.43,1427619984.07,A,3,5
1427619983.43,1427619984.07,B,14,5
1427619983.47,1427619984.11,A,3,5
1427619983.47,1427619984.11,B,14,5
1427619983.51,1427619984.15,A,2,5
1427619983.51,1427619984.15,B,14,5
1427619983.55,1427619984.19,A,3,5
1427619983.55,1427619984.19,B,13,5
1427619983.59,1427619984.23,A,0,4
1427619983.59,1427619984.23,B,13,4
1427619983.63,1427619984.27,A,1,4
1427619983.63,1427619984.27,B,14,4
1427619983.67,1427619984.31,A,2,5
1427619983.67,1427619984.31,B,15,5
1427619983.71,1427619984.35,A,2,5
1427619983.71,1427619984.35,B,16,5
1427619983.75,1427619984.39,A,2,5
1427619983.75,1427619984.39,B,16,5
1427619983.79,1427619984.43,A,4,5
1427619983.79,1427619984.43,B,13,5
1427619983.83,1427619984.47,A,4,5
1427619983.83,1427619984.47,B,11,5
1427619983.87,1427619984.51,A,2,5
1427619983.87,1427619984.51,B,9,5
1427619983.91,1427619984.55,A,1,5
1427619983.91,1427619984.55,B,9,5
1427619983.95,1427619984.59,A,1,5
1427619983.95,1427619984.59,B,9,5
1427619983.99,1427619984.63,A,1,5
1427619983.99,1427619984.63,B,10,5
1427619984.03,1427619984.67,A,1,6
1427619984.03,1427619984.67,B,10,6
1427619984.07,1427619984.71,A,1,6
1427619984.07,1427619984.71,B,13,6
1427619984.11,1427619984.75,A,2,6
1427619984.11,1427619984.75,B,15,6
1427619984.15,1427619984.79,A,1,6
1427619984.15,1427619984.79,B,16,6
1427619984.19,1427619984.83,A,0,6
1427619984.19,1427619984.83,B,16,6
1427619984.23,1427619984.87,A,1,5
1427619984.23,1427619984.87,B,16,5
1427619984.27,1427619984.91,A,2,5
1427619984.27,1427619984.91,B,15,5
1427619984.31,1427619984.95,A,4,5
1427619984.31,1427619984.95,B,13,5
1427619984.35,1427619984.99,A,4,5
1427619984.35,1427619984.99,B,12,5
1427619984.39,1427619985.03,A,4,5
1427619984.39,1427619985.03,B,10,5
1427619984.43,1427619985.07,A,9,6
1427619984.43,1427619985.07,B,6,6
1427619984.47,1427619985.11,A,7,6
1427619984.47,1427619985.11,B,8,6
1427619984.51,1427619985.15,A,8,6
1427619984.51,1427619985.15,B,9,6
1427619984.55,1427619985.19,A,9,6
1427619984.55,1427619985.19,B,10,6
1427619984.59,1427619985.23,A,10,7
1427619984.59,1427619985.23,B,12,7
1427619984.63,1427619985.27,A,8,7
1427619984.63,1427619985.27,B,14,7
1427619984.67,1427619985.31,A,8,6
1427619984.67,1427619985.31,B,12,6
1427619984.71,1427619985.35,A,5,6
1427619984.71,1427619985.35,B,9,6
1427619984.75,1427619985.39,A,6,6
1427619984.75,1427619985.39,B,8,6
1427619984.79,1427619985.43,A,6,6
1427619984.79,1427619985.43,B,7,6
1427619984.83,1427619985.47,A,6,6
1427619984.83,1427619985.47,B,6,6
1427619984.87,1427619985.51,A,5,6
1427619984.87,1427619985.51,B,5,6
1427619984.91,1427619985.55,A,6,5
1427619984.91,1427619985.55,B,4,5
1427619984.95,1427619985.59,A,6,5
1427619984.95,1427619985.59,B,4,5
1427619984.99,1427619985.63,A,6,5
1427619984.99,1427619985.63,B,5,5
1427619985.03,1427619985.67,A,5,5
1427619985.03,1427619985.67,B,6,5
1427619985.07,1427619985.71,A,4,4
1427619985.07,1427619985.71,B,5,4
1427619985.11,1427619985.75,A,4,3
1427619985.11,1427619985.75,B,5,3
1427619985.15,1427619985.79,A,4,3
1427619985.15,1427619985.79,B,4,3
1427619985.19,1427619985.83,A,3,3
1427619985.19,1427619985.83,B,4,3
1427619985.23,1427619985.87,A,2,3
1427619985.23,1427619985.87,B,3,3
1427619985.27,1427619985.91,A,4,2
1427619985.27,1427619985.91,B,2,2
1427619985.31,1427619985.95,A,3,2
1427619985.31,1427619985.95,B,3,2
1427619985.35,1427619985.99,A,2,2
1427619985.35,1427619985.99,B,4,2
1427619985.39,1427619986.03,A,3,3
1427619985.39,1427619986.03,B,4,3
1427619985.43,1427619986.07,A,3,4
1427619985.43,1427619986.07,B,4,4
1427619985.47,1427619986.11,A,2,4
1427619985.47,1427619986.11,B,5,4
1427619985.51,1427619986.15,A,2,4
1427619985.51,1427619986.15,B,5,4
1427619985.55,1427619986.19,A,4,4
1427619985.55,1427619986.19,B,3,4
