#targetfile:$(projectRoot)/result/result/100cm/waist-front/hasc-20150329-180728-mag-pca.csv-lowpass.csv
1427620054.56,1427620055.2,A,10,4
1427620054.6,1427620055.24,A,10,4
1427620054.64,1427620055.28,A,10,4
1427620054.68,1427620055.32,A,10,4
1427620054.68,1427620055.32,B,12,4
1427620054.72,1427620055.36,A,11,4
1427620054.72,1427620055.36,B,12,4
1427620054.76,1427620055.4,A,13,4
1427620054.76,1427620055.4,B,11,4
1427620054.8,1427620055.44,A,13,5
1427620054.8,1427620055.44,B,10,5
1427620054.84,1427620055.48,A,18,5
1427620054.84,1427620055.48,B,6,5
1427620054.88,1427620055.52,A,16,6
1427620054.88,1427620055.52,B,5,6
1427620054.92,1427620055.56,A,16,5
1427620054.92,1427620055.56,B,6,5
1427620054.96,1427620055.6,A,13,6
1427620054.96,1427620055.6,B,5,6
1427620055.0,1427620055.64,A,14,6
1427620055.0,1427620055.64,B,5,6
1427620055.04,1427620055.68,A,14,6
1427620055.04,1427620055.68,B,6,6
1427620055.08,1427620055.72,A,12,6
1427620055.08,1427620055.72,B,8,6
1427620055.12,1427620055.76,A,11,6
1427620055.12,1427620055.76,B,9,6
1427620055.16,1427620055.8,A,11,6
1427620055.16,1427620055.8,B,9,6
1427620055.2,1427620055.84,A,11,6
1427620055.2,1427620055.84,B,9,6
1427620055.24,1427620055.88,A,11,6
1427620055.24,1427620055.88,B,9,6
1427620055.28,1427620055.92,A,13,6
1427620055.28,1427620055.92,B,6,6
1427620055.32,1427620055.96,A,16,6
1427620055.32,1427620055.96,B,9,6
1427620055.36,1427620056.0,A,14,6
1427620055.36,1427620056.0,B,11,6
1427620055.4,1427620056.04,A,14,5
1427620055.4,1427620056.04,B,10,5
1427620055.44,1427620056.08,A,15,5
1427620055.44,1427620056.08,B,10,5
1427620055.48,1427620056.12,A,13,4
1427620055.48,1427620056.12,B,6,4
1427620055.52,1427620056.16,A,10,4
1427620055.52,1427620056.16,B,4,4
1427620055.56,1427620056.2,A,11,4
1427620055.56,1427620056.2,B,4,4
1427620055.6,1427620056.24,A,11,4
1427620055.6,1427620056.24,B,4,4
1427620055.64,1427620056.28,A,12,4
1427620055.64,1427620056.28,B,5,4
1427620055.68,1427620056.32,A,9,4
1427620055.68,1427620056.32,B,8,4
1427620055.72,1427620056.36,A,10,4
1427620055.72,1427620056.36,B,7,4
1427620055.76,1427620056.4,A,5,5
1427620055.76,1427620056.4,B,7,5
1427620055.8,1427620056.44,A,5,5
1427620055.8,1427620056.44,B,6,5
1427620055.84,1427620056.48,A,1,5
1427620055.84,1427620056.48,B,5,5
1427620055.88,1427620056.52,A,2,5
1427620055.88,1427620056.52,B,6,5
1427620055.92,1427620056.56,A,3,5
1427620055.92,1427620056.56,B,6,5
1427620055.96,1427620056.6,A,1,4
1427620055.96,1427620056.6,B,7,4
1427620056.0,1427620056.64,A,2,5
1427620056.0,1427620056.64,B,6,5
1427620056.04,1427620056.68,A,3,5
1427620056.04,1427620056.68,B,5,5
1427620056.08,1427620056.72,A,3,5
1427620056.08,1427620056.72,B,5,5
1427620056.12,1427620056.76,A,3,4
1427620056.12,1427620056.76,B,4,4
1427620056.16,1427620056.8,A,3,5
1427620056.16,1427620056.8,B,4,5
1427620056.2,1427620056.84,A,3,5
1427620056.2,1427620056.84,B,3,5
1427620056.24,1427620056.88,A,4,5
1427620056.24,1427620056.88,B,2,5
1427620056.28,1427620056.92,A,4,5
1427620056.28,1427620056.92,B,3,5
1427620056.32,1427620056.96,A,2,5
1427620056.32,1427620056.96,B,5,5
1427620056.36,1427620057.0,A,1,5
1427620056.36,1427620057.0,B,6,5
1427620056.4,1427620057.04,A,5,5
1427620056.4,1427620057.04,B,8,5
1427620056.44,1427620057.08,A,5,5
1427620056.44,1427620057.08,B,7,5
1427620056.48,1427620057.12,A,10,4
1427620056.48,1427620057.12,B,5,4
1427620056.52,1427620057.16,A,9,4
1427620056.52,1427620057.16,B,6,4
1427620056.56,1427620057.2,A,10,4
1427620056.56,1427620057.2,B,5,4
1427620056.6,1427620057.24,A,11,4
1427620056.6,1427620057.24,B,6,4
1427620056.64,1427620057.28,A,10,4
1427620056.64,1427620057.28,B,5,4
1427620056.68,1427620057.32,A,11,4
1427620056.68,1427620057.32,B,5,4
1427620056.72,1427620057.36,A,10,4
1427620056.72,1427620057.36,B,6,4
1427620056.76,1427620057.4,A,11,4
1427620056.76,1427620057.4,B,5,4
1427620056.8,1427620057.44,A,10,4
1427620056.8,1427620057.44,B,5,4
1427620056.84,1427620057.48,A,9,3
1427620056.84,1427620057.48,B,2,3
1427620056.88,1427620057.52,A,7,3
1427620056.88,1427620057.52,B,1,3
1427620056.92,1427620057.56,A,5,3
1427620056.92,1427620057.56,B,3,3
1427620056.96,1427620057.6,A,5,3
1427620056.96,1427620057.6,B,3,3
1427620057.0,1427620057.64,A,3,3
1427620057.0,1427620057.64,B,3,3
1427620057.04,1427620057.68,A,2,3
1427620057.04,1427620057.68,B,4,3
1427620057.08,1427620057.72,A,2,2
1427620057.08,1427620057.72,B,3,2
1427620057.12,1427620057.76,A,1,2
1427620057.12,1427620057.76,B,2,2
1427620057.16,1427620057.8,A,1,2
1427620057.16,1427620057.8,B,1,2
1427620057.2,1427620057.84,A,1,2
1427620057.2,1427620057.84,B,1,2
1427620057.24,1427620057.88,A,2,2
1427620057.24,1427620057.88,B,1,2
1427620057.28,1427620057.92,A,3,2
1427620057.28,1427620057.92,B,2,2
1427620057.32,1427620057.96,A,3,2
1427620057.32,1427620057.96,B,2,2
1427620057.36,1427620058.0,A,3,2
1427620057.36,1427620058.0,B,2,2
1427620057.4,1427620058.04,A,4,2
1427620057.4,1427620058.04,B,3,2
1427620057.44,1427620058.08,A,4,2
1427620057.44,1427620058.08,B,4,2
1427620057.48,1427620058.12,A,4,3
1427620057.48,1427620058.12,B,5,3
1427620057.52,1427620058.16,A,2,3
1427620057.52,1427620058.16,B,4,3
1427620057.56,1427620058.2,A,4,3
1427620057.56,1427620058.2,B,4,3
1427620057.6,1427620058.24,A,4,3
1427620057.6,1427620058.24,B,3,3
1427620057.64,1427620058.28,A,5,3
1427620057.64,1427620058.28,B,3,3
1427620057.68,1427620058.32,A,6,4
1427620057.68,1427620058.32,B,4,4
1427620057.72,1427620058.36,A,6,4
1427620057.72,1427620058.36,B,3,4
1427620057.76,1427620058.4,A,7,4
1427620057.76,1427620058.4,B,3,4
1427620057.8,1427620058.44,A,7,4
1427620057.8,1427620058.44,B,3,4
1427620057.84,1427620058.48,A,6,4
1427620057.84,1427620058.48,B,2,4
1427620057.88,1427620058.52,A,4,3
1427620057.88,1427620058.52,B,3,3
1427620057.92,1427620058.56,A,7,4
1427620057.92,1427620058.56,B,5,4
1427620057.96,1427620058.6,A,9,4
1427620057.96,1427620058.6,B,7,4
1427620058.0,1427620058.64,A,12,5
1427620058.0,1427620058.64,B,10,5
1427620058.04,1427620058.68,A,16,6
1427620058.04,1427620058.68,B,10,6
1427620058.08,1427620058.72,A,17,6
1427620058.08,1427620058.72,B,12,6
1427620058.12,1427620058.76,A,18,6
1427620058.12,1427620058.76,B,11,6
1427620058.16,1427620058.8,A,18,7
1427620058.16,1427620058.8,B,7,7
1427620058.2,1427620058.84,A,18,7
1427620058.2,1427620058.84,B,6,7
1427620058.24,1427620058.88,A,17,7
1427620058.24,1427620058.88,B,6,7
1427620058.28,1427620058.92,A,18,7
1427620058.28,1427620058.92,B,8,7
1427620058.32,1427620058.96,A,18,7
1427620058.32,1427620058.96,B,8,7
1427620058.36,1427620059.0,A,17,7
1427620058.36,1427620059.0,B,7,7
1427620058.4,1427620059.04,A,19,7
1427620058.4,1427620059.04,B,6,7
1427620058.44,1427620059.08,A,20,7
1427620058.44,1427620059.08,B,7,7
1427620058.48,1427620059.12,A,21,7
1427620058.48,1427620059.12,B,9,7
1427620058.52,1427620059.16,A,29,8
1427620058.52,1427620059.16,B,10,8
1427620058.56,1427620059.2,A,29,9
1427620058.56,1427620059.2,B,13,9
1427620058.6,1427620059.24,A,36,8
1427620058.6,1427620059.24,B,11,8
1427620058.64,1427620059.28,A,33,7
1427620058.64,1427620059.28,B,12,7
1427620058.68,1427620059.32,A,34,7
1427620058.68,1427620059.32,B,9,7
1427620058.72,1427620059.36,A,32,6
1427620058.72,1427620059.36,B,8,6
1427620058.76,1427620059.4,A,32,6
1427620058.76,1427620059.4,B,8,6
1427620058.8,1427620059.44,A,31,6
1427620058.8,1427620059.44,B,8,6
1427620058.84,1427620059.48,A,33,6
1427620058.84,1427620059.48,B,6,6
1427620058.88,1427620059.52,A,34,6
1427620058.88,1427620059.52,B,7,6
1427620058.92,1427620059.56,A,36,6
1427620058.92,1427620059.56,B,7,6
1427620058.96,1427620059.6,A,37,7
1427620058.96,1427620059.6,B,6,7
1427620059.0,1427620059.64,A,39,7
1427620059.0,1427620059.64,B,7,7
1427620059.04,1427620059.68,A,43,8
1427620059.04,1427620059.68,B,9,8
1427620059.08,1427620059.72,A,42,8
1427620059.08,1427620059.72,B,12,8
1427620059.12,1427620059.76,A,45,8
1427620059.12,1427620059.76,B,10,8
1427620059.16,1427620059.8,A,43,8
1427620059.16,1427620059.8,B,7,8
1427620059.2,1427620059.84,A,43,7
1427620059.2,1427620059.84,B,6,7
1427620059.24,1427620059.88,A,42,7
1427620059.24,1427620059.88,B,6,7
1427620059.28,1427620059.92,A,45,8
1427620059.28,1427620059.92,B,7,8
1427620059.32,1427620059.96,A,51,11
1427620059.32,1427620059.96,B,14,11
1427620059.36,1427620060.0,A,60,11
1427620059.36,1427620060.0,B,16,11
1427620059.4,1427620060.04,A,61,12
1427620059.4,1427620060.04,B,20,12
1427620059.44,1427620060.08,A,73,14
1427620059.44,1427620060.08,B,15,14
1427620059.48,1427620060.12,A,68,15
1427620059.48,1427620060.12,B,18,15
1427620059.52,1427620060.16,A,73,16
1427620059.52,1427620060.16,B,10,16
1427620059.56,1427620060.2,A,71,16
1427620059.56,1427620060.2,B,11,16
1427620059.6,1427620060.24,A,71,16
1427620059.6,1427620060.24,B,9,16
1427620059.64,1427620060.28,A,73,16
1427620059.64,1427620060.28,B,11,16
1427620059.68,1427620060.32,A,74,16
1427620059.68,1427620060.32,B,10,16
1427620059.72,1427620060.36,A,77,16
1427620059.72,1427620060.36,B,6,16
1427620059.76,1427620060.4,A,86,17
1427620059.76,1427620060.4,B,8,17
1427620059.8,1427620060.44,A,84,17
1427620059.8,1427620060.44,B,11,17
1427620059.84,1427620060.48,A,89,19
1427620059.84,1427620060.48,B,7,19
1427620059.88,1427620060.52,A,97,25
1427620059.88,1427620060.52,B,16,25
1427620059.92,1427620060.56,A,104,25
1427620059.92,1427620060.56,B,31,25
1427620059.96,1427620060.6,A,102,26
1427620059.96,1427620060.6,B,36,26
1427620060.0,1427620060.64,A,93,27
1427620060.0,1427620060.64,B,39,27
1427620060.04,1427620060.68,A,87,27
1427620060.04,1427620060.68,B,42,27
1427620060.08,1427620060.72,A,77,26
1427620060.08,1427620060.72,B,36,26
1427620060.12,1427620060.76,A,77,26
1427620060.12,1427620060.76,B,42,26
1427620060.16,1427620060.8,A,84,27
1427620060.16,1427620060.8,B,44,27
1427620060.2,1427620060.84,A,92,29
1427620060.2,1427620060.84,B,37,29
1427620060.24,1427620060.88,A,105,31
1427620060.24,1427620060.88,B,39,31
1427620060.28,1427620060.92,A,113,31
1427620060.28,1427620060.92,B,37,31
1427620060.32,1427620060.96,A,117,33
1427620060.32,1427620060.96,B,25,33
1427620060.36,1427620061.0,A,123,33
1427620060.36,1427620061.0,B,12,33
1427620060.4,1427620061.04,A,109,32
1427620060.4,1427620061.04,B,32,32
1427620060.44,1427620061.08,A,115,33
1427620060.44,1427620061.08,B,28,33
1427620060.48,1427620061.12,A,102,34
1427620060.48,1427620061.12,B,29,34
1427620060.52,1427620061.16,A,97,31
1427620060.52,1427620061.16,B,22,31
1427620060.56,1427620061.2,A,80,30
1427620060.56,1427620061.2,B,19,30
1427620060.6,1427620061.24,A,79,29
1427620060.6,1427620061.24,B,19,29
1427620060.64,1427620061.28,A,80,29
1427620060.64,1427620061.28,B,21,29
1427620060.68,1427620061.32,A,82,29
1427620060.68,1427620061.32,B,26,29
1427620060.72,1427620061.36,A,83,31
1427620060.72,1427620061.36,B,32,31
1427620060.76,1427620061.4,A,95,31
1427620060.76,1427620061.4,B,25,31
1427620060.8,1427620061.44,A,84,33
1427620060.8,1427620061.44,B,30,33
1427620060.84,1427620061.48,A,97,29
1427620060.84,1427620061.48,B,27,29
1427620060.88,1427620061.52,A,74,26
1427620060.88,1427620061.52,B,43,26
1427620060.92,1427620061.56,A,78,23
1427620060.92,1427620061.56,B,35,23
1427620060.96,1427620061.6,A,60,21
1427620060.96,1427620061.6,B,26,21
1427620061.0,1427620061.64,A,56,19
1427620061.0,1427620061.64,B,21,19
1427620061.04,1427620061.68,A,47,18
1427620061.04,1427620061.68,B,21,18
1427620061.08,1427620061.72,A,46,18
1427620061.08,1427620061.72,B,21,18
1427620061.12,1427620061.76,A,48,18
1427620061.12,1427620061.76,B,27,18
1427620061.16,1427620061.8,A,58,18
1427620061.16,1427620061.8,B,31,18
1427620061.2,1427620061.84,A,59,20
1427620061.2,1427620061.84,B,32,20
1427620061.24,1427620061.88,A,69,18
1427620061.24,1427620061.88,B,21,18
1427620061.28,1427620061.92,A,61,19
1427620061.28,1427620061.92,B,14,19
1427620061.32,1427620061.96,A,60,16
1427620061.32,1427620061.96,B,15,16
1427620061.36,1427620062.0,A,53,16
1427620061.36,1427620062.0,B,17,16
1427620061.4,1427620062.04,A,49,15
1427620061.4,1427620062.04,B,19,15
1427620061.44,1427620062.08,A,39,15
1427620061.44,1427620062.08,B,21,15
1427620061.48,1427620062.12,A,37,14
1427620061.48,1427620062.12,B,19,14
1427620061.52,1427620062.16,A,37,13
1427620061.52,1427620062.16,B,13,13
1427620061.56,1427620062.2,A,43,13
1427620061.56,1427620062.2,B,14,13
1427620061.6,1427620062.24,A,42,13
1427620061.6,1427620062.24,B,18,13
1427620061.64,1427620062.28,A,46,13
1427620061.64,1427620062.28,B,18,13
1427620061.68,1427620062.32,A,43,13
1427620061.68,1427620062.32,B,19,13
1427620061.72,1427620062.36,A,42,13
1427620061.72,1427620062.36,B,17,13
1427620061.76,1427620062.4,A,36,12
1427620061.76,1427620062.4,B,21,12
1427620061.8,1427620062.44,A,30,9
1427620061.8,1427620062.44,B,14,9
1427620061.84,1427620062.48,A,23,9
1427620061.84,1427620062.48,B,10,9
1427620061.88,1427620062.52,A,19,8
1427620061.88,1427620062.52,B,9,8
1427620061.92,1427620062.56,A,18,8
1427620061.92,1427620062.56,B,10,8
1427620061.96,1427620062.6,A,18,8
1427620061.96,1427620062.6,B,10,8
1427620062.0,1427620062.64,A,21,8
1427620062.0,1427620062.64,B,11,8
1427620062.04,1427620062.68,A,23,9
1427620062.04,1427620062.68,B,15,9
1427620062.08,1427620062.72,A,25,9
1427620062.08,1427620062.72,B,14,9
1427620062.12,1427620062.76,A,24,7
1427620062.12,1427620062.76,B,10,7
1427620062.16,1427620062.8,A,25,7
1427620062.16,1427620062.8,B,9,7
1427620062.2,1427620062.84,A,21,7
1427620062.2,1427620062.84,B,8,7
1427620062.24,1427620062.88,A,21,7
1427620062.24,1427620062.88,B,10,7
1427620062.28,1427620062.92,A,17,7
1427620062.28,1427620062.92,B,12,7
1427620062.32,1427620062.96,A,16,7
1427620062.32,1427620062.96,B,10,7
1427620062.36,1427620063.0,A,11,6
1427620062.36,1427620063.0,B,8,6
1427620062.4,1427620063.04,A,12,6
1427620062.4,1427620063.04,B,9,6
1427620062.44,1427620063.08,A,13,6
1427620062.44,1427620063.08,B,11,6
1427620062.48,1427620063.12,A,18,7
1427620062.48,1427620063.12,B,14,7
1427620062.52,1427620063.16,A,16,7
1427620062.52,1427620063.16,B,17,7
1427620062.56,1427620063.2,A,19,7
1427620062.56,1427620063.2,B,15,7
1427620062.6,1427620063.24,A,17,7
1427620062.6,1427620063.24,B,13,7
1427620062.64,1427620063.28,A,18,6
1427620062.64,1427620063.28,B,7,6
1427620062.68,1427620063.32,A,12,6
1427620062.68,1427620063.32,B,5,6
1427620062.72,1427620063.36,A,11,5
1427620062.72,1427620063.36,B,4,5
1427620062.76,1427620063.4,A,7,6
1427620062.76,1427620063.4,B,3,6
1427620062.8,1427620063.44,A,5,6
1427620062.8,1427620063.44,B,3,6
1427620062.84,1427620063.48,A,4,7
1427620062.84,1427620063.48,B,7,7
1427620062.88,1427620063.52,A,3,6
1427620062.88,1427620063.52,B,7,6
1427620062.92,1427620063.56,A,4,6
1427620062.92,1427620063.56,B,7,6
1427620062.96,1427620063.6,A,6,6
1427620062.96,1427620063.6,B,5,6
1427620063.0,1427620063.64,A,8,6
1427620063.0,1427620063.64,B,2,6
1427620063.04,1427620063.68,A,9,6
1427620063.04,1427620063.68,B,4,6
1427620063.08,1427620063.72,A,10,7
1427620063.08,1427620063.72,B,7,7
1427620063.12,1427620063.76,A,6,6
1427620063.12,1427620063.76,B,10,6
1427620063.16,1427620063.8,A,6,6
1427620063.16,1427620063.8,B,10,6
1427620063.2,1427620063.84,A,4,6
1427620063.2,1427620063.84,B,8,6
1427620063.24,1427620063.88,A,1,5
1427620063.24,1427620063.88,B,7,5
1427620063.28,1427620063.92,A,3,5
1427620063.28,1427620063.92,B,8,5
1427620063.32,1427620063.96,A,4,5
1427620063.32,1427620063.96,B,9,5
1427620063.36,1427620064.0,A,6,6
1427620063.36,1427620064.0,B,10,6
1427620063.4,1427620064.04,A,10,6
1427620063.4,1427620064.04,B,11,6
1427620063.44,1427620064.08,A,7,6
1427620063.44,1427620064.08,B,13,6
1427620063.48,1427620064.12,A,8,6
1427620063.48,1427620064.12,B,10,6
1427620063.52,1427620064.16,A,6,5
1427620063.52,1427620064.16,B,9,5
1427620063.56,1427620064.2,A,6,5
1427620063.56,1427620064.2,B,9,5
1427620063.6,1427620064.24,A,7,5
1427620063.6,1427620064.24,B,10,5
1427620063.64,1427620064.28,A,6,5
1427620063.64,1427620064.28,B,10,5
1427620063.68,1427620064.32,A,6,5
1427620063.68,1427620064.32,B,9,5
1427620063.72,1427620064.36,A,5,4
1427620063.72,1427620064.36,B,11,4
1427620063.76,1427620064.4,A,4,5
1427620063.76,1427620064.4,B,12,5
1427620063.8,1427620064.44,A,4,5
1427620063.8,1427620064.44,B,12,5
1427620063.84,1427620064.48,A,4,4
1427620063.84,1427620064.48,B,11,4
1427620063.88,1427620064.52,A,2,4
1427620063.88,1427620064.52,B,9,4
1427620063.92,1427620064.56,A,4,4
1427620063.92,1427620064.56,B,8,4
1427620063.96,1427620064.6,A,6,4
1427620063.96,1427620064.6,B,10,4
1427620064.0,1427620064.64,A,7,5
1427620064.0,1427620064.64,B,10,5
1427620064.04,1427620064.68,A,3,4
1427620064.04,1427620064.68,B,10,4
1427620064.08,1427620064.72,A,4,5
1427620064.08,1427620064.72,B,8,5
1427620064.12,1427620064.76,A,5,4
1427620064.12,1427620064.76,B,8,4
1427620064.16,1427620064.8,A,5,4
1427620064.16,1427620064.8,B,8,4
1427620064.2,1427620064.84,A,5,4
1427620064.2,1427620064.84,B,8,4
1427620064.24,1427620064.88,A,6,4
1427620064.24,1427620064.88,B,8,4
1427620064.28,1427620064.92,A,6,4
1427620064.28,1427620064.92,B,8,4
1427620064.32,1427620064.96,A,6,4
1427620064.32,1427620064.96,B,8,4
1427620064.36,1427620065.0,A,6,4
1427620064.36,1427620065.0,B,8,4
1427620064.4,1427620065.04,A,6,4
1427620064.4,1427620065.04,B,6,4
1427620064.44,1427620065.08,A,3,4
1427620064.44,1427620065.08,B,5,4
1427620064.48,1427620065.12,A,3,4
1427620064.48,1427620065.12,B,6,4
1427620064.52,1427620065.16,A,3,4
1427620064.52,1427620065.16,B,6,4
1427620064.56,1427620065.2,A,2,3
1427620064.56,1427620065.2,B,5,3
1427620064.6,1427620065.24,A,3,3
1427620064.6,1427620065.24,B,6,3
1427620064.64,1427620065.28,A,1,3
1427620064.64,1427620065.28,B,5,3
1427620064.68,1427620065.32,A,0,2
1427620064.68,1427620065.32,B,5,2
1427620064.72,1427620065.36,A,1,2
1427620064.72,1427620065.36,B,4,2
1427620064.76,1427620065.4,A,1,2
1427620064.76,1427620065.4,B,4,2
1427620064.8,1427620065.44,A,1,3
1427620064.8,1427620065.44,B,4,3
1427620064.84,1427620065.48,A,2,3
1427620064.84,1427620065.48,B,5,3
1427620064.88,1427620065.52,A,3,3
1427620064.88,1427620065.52,B,7,3
1427620064.92,1427620065.56,A,4,3
1427620064.92,1427620065.56,B,7,3
1427620064.96,1427620065.6,A,5,3
1427620064.96,1427620065.6,B,7,3
1427620065.0,1427620065.64,A,7,3
1427620065.0,1427620065.64,B,5,3
1427620065.04,1427620065.68,A,8,3
1427620065.04,1427620065.68,B,2,3
1427620065.08,1427620065.72,A,7,3
1427620065.08,1427620065.72,B,3,3
1427620065.12,1427620065.76,A,6,3
1427620065.12,1427620065.76,B,3,3
1427620065.16,1427620065.8,A,6,3
1427620065.16,1427620065.8,B,3,3
