#targetfile:$(projectRoot)/result/result/100cm/waist-front/hasc-20150329-180749-mag-pca.csv-lowpass.csv
1427620074.92,1427620075.56,B,12,5
1427620074.96,1427620075.6,B,11,4
1427620075.0,1427620075.64,B,10,5
1427620075.04,1427620075.68,A,12,6
1427620075.04,1427620075.68,B,7,6
1427620075.08,1427620075.72,A,15,6
1427620075.08,1427620075.72,B,9,6
1427620075.12,1427620075.76,A,15,5
1427620075.12,1427620075.76,B,10,5
1427620075.16,1427620075.8,A,14,5
1427620075.16,1427620075.8,B,9,5
1427620075.2,1427620075.84,A,14,5
1427620075.2,1427620075.84,B,9,5
1427620075.24,1427620075.88,A,13,5
1427620075.24,1427620075.88,B,10,5
1427620075.28,1427620075.92,A,13,5
1427620075.28,1427620075.92,B,11,5
1427620075.32,1427620075.96,A,8,5
1427620075.32,1427620075.96,B,13,5
1427620075.36,1427620076.0,A,9,6
1427620075.36,1427620076.0,B,16,6
1427620075.4,1427620076.04,A,8,6
1427620075.4,1427620076.04,B,15,6
1427620075.44,1427620076.08,A,11,6
1427620075.44,1427620076.08,B,13,6
1427620075.48,1427620076.12,A,13,6
1427620075.48,1427620076.12,B,14,6
1427620075.52,1427620076.16,A,16,7
1427620075.52,1427620076.16,B,16,7
1427620075.56,1427620076.2,A,15,7
1427620075.56,1427620076.2,B,17,7
1427620075.6,1427620076.24,A,15,7
1427620075.6,1427620076.24,B,19,7
1427620075.64,1427620076.28,A,12,7
1427620075.64,1427620076.28,B,20,7
1427620075.68,1427620076.32,A,9,6
1427620075.68,1427620076.32,B,17,6
1427620075.72,1427620076.36,A,7,6
1427620075.72,1427620076.36,B,14,6
1427620075.76,1427620076.4,A,6,6
1427620075.76,1427620076.4,B,13,6
1427620075.8,1427620076.44,A,7,6
1427620075.8,1427620076.44,B,14,6
1427620075.84,1427620076.48,A,6,6
1427620075.84,1427620076.48,B,14,6
1427620075.88,1427620076.52,A,7,6
1427620075.88,1427620076.52,B,13,6
1427620075.92,1427620076.56,A,9,6
1427620075.92,1427620076.56,B,11,6
1427620075.96,1427620076.6,A,12,6
1427620075.96,1427620076.6,B,8,6
1427620076.0,1427620076.64,A,8,5
1427620076.0,1427620076.64,B,9,5
1427620076.04,1427620076.68,A,8,5
1427620076.04,1427620076.68,B,10,5
1427620076.08,1427620076.72,A,6,5
1427620076.08,1427620076.72,B,10,5
1427620076.12,1427620076.76,A,6,5
1427620076.12,1427620076.76,B,7,5
1427620076.16,1427620076.8,A,1,4
1427620076.16,1427620076.8,B,5,4
1427620076.2,1427620076.84,A,1,4
1427620076.2,1427620076.84,B,6,4
1427620076.24,1427620076.88,A,3,3
1427620076.24,1427620076.88,B,3,3
1427620076.28,1427620076.92,A,4,3
1427620076.28,1427620076.92,B,2,3
1427620076.32,1427620076.96,A,6,4
1427620076.32,1427620076.96,B,3,4
1427620076.36,1427620077.0,A,7,4
1427620076.36,1427620077.0,B,4,4
1427620076.4,1427620077.04,A,8,4
1427620076.4,1427620077.04,B,3,4
1427620076.44,1427620077.08,A,7,4
1427620076.44,1427620077.08,B,3,4
1427620076.48,1427620077.12,A,6,4
1427620076.48,1427620077.12,B,4,4
1427620076.52,1427620077.16,A,5,4
1427620076.52,1427620077.16,B,3,4
1427620076.56,1427620077.2,A,5,4
1427620076.56,1427620077.2,B,1,4
1427620076.6,1427620077.24,A,2,4
1427620076.6,1427620077.24,B,5,4
1427620076.64,1427620077.28,A,1,4
1427620076.64,1427620077.28,B,7,4
1427620076.68,1427620077.32,A,5,5
1427620076.68,1427620077.32,B,3,5
1427620076.72,1427620077.36,A,5,5
1427620076.72,1427620077.36,B,4,5
1427620076.76,1427620077.4,A,7,5
1427620076.76,1427620077.4,B,5,5
1427620076.8,1427620077.44,A,6,5
1427620076.8,1427620077.44,B,6,5
1427620076.84,1427620077.48,A,6,6
1427620076.84,1427620077.48,B,7,6
1427620076.88,1427620077.52,A,6,6
1427620076.88,1427620077.52,B,7,6
1427620076.92,1427620077.56,A,7,6
1427620076.92,1427620077.56,B,7,6
1427620076.96,1427620077.6,A,9,6
1427620076.96,1427620077.6,B,6,6
1427620077.0,1427620077.64,A,14,6
1427620077.0,1427620077.64,B,6,6
1427620077.04,1427620077.68,A,15,6
1427620077.04,1427620077.68,B,6,6
1427620077.08,1427620077.72,A,17,6
1427620077.08,1427620077.72,B,4,6
1427620077.12,1427620077.76,A,19,6
1427620077.12,1427620077.76,B,3,6
1427620077.16,1427620077.8,A,20,7
1427620077.16,1427620077.8,B,6,7
1427620077.2,1427620077.84,A,22,7
1427620077.2,1427620077.84,B,9,7
1427620077.24,1427620077.88,A,20,7
1427620077.24,1427620077.88,B,11,7
1427620077.28,1427620077.92,A,20,7
1427620077.28,1427620077.92,B,11,7
1427620077.32,1427620077.96,A,16,7
1427620077.32,1427620077.96,B,10,7
1427620077.36,1427620078.0,A,13,7
1427620077.36,1427620078.0,B,12,7
1427620077.4,1427620078.04,A,12,7
1427620077.4,1427620078.04,B,13,7
1427620077.44,1427620078.08,A,16,7
1427620077.44,1427620078.08,B,14,7
1427620077.48,1427620078.12,A,16,8
1427620077.48,1427620078.12,B,13,8
1427620077.52,1427620078.16,A,21,8
1427620077.52,1427620078.16,B,9,8
1427620077.56,1427620078.2,A,21,8
1427620077.56,1427620078.2,B,6,8
1427620077.6,1427620078.24,A,22,7
1427620077.6,1427620078.24,B,4,7
1427620077.64,1427620078.28,A,19,7
1427620077.64,1427620078.28,B,3,7
1427620077.68,1427620078.32,A,18,7
1427620077.68,1427620078.32,B,5,7
1427620077.72,1427620078.36,A,17,7
1427620077.72,1427620078.36,B,5,7
1427620077.76,1427620078.4,A,15,7
1427620077.76,1427620078.4,B,4,7
1427620077.8,1427620078.44,A,11,7
1427620077.8,1427620078.44,B,8,7
1427620077.84,1427620078.48,A,11,7
1427620077.84,1427620078.48,B,13,7
1427620077.88,1427620078.52,A,16,8
1427620077.88,1427620078.52,B,15,8
1427620077.92,1427620078.56,A,18,8
1427620077.92,1427620078.56,B,13,8
1427620077.96,1427620078.6,A,27,8
1427620077.96,1427620078.6,B,13,8
1427620078.0,1427620078.64,A,25,7
1427620078.0,1427620078.64,B,15,7
1427620078.04,1427620078.68,A,28,7
1427620078.04,1427620078.68,B,13,7
1427620078.08,1427620078.72,A,24,8
1427620078.08,1427620078.72,B,12,8
1427620078.12,1427620078.76,A,24,7
1427620078.12,1427620078.76,B,10,7
1427620078.16,1427620078.8,A,17,7
1427620078.16,1427620078.8,B,9,7
1427620078.2,1427620078.84,A,17,7
1427620078.2,1427620078.84,B,10,7
1427620078.24,1427620078.88,A,16,7
1427620078.24,1427620078.88,B,8,7
1427620078.28,1427620078.92,A,19,7
1427620078.28,1427620078.92,B,11,7
1427620078.32,1427620078.96,A,22,8
1427620078.32,1427620078.96,B,11,8
1427620078.36,1427620079.0,A,23,8
1427620078.36,1427620079.0,B,10,8
1427620078.4,1427620079.04,A,26,8
1427620078.4,1427620079.04,B,10,8
1427620078.44,1427620079.08,A,27,8
1427620078.44,1427620079.08,B,9,8
1427620078.48,1427620079.12,A,27,9
1427620078.48,1427620079.12,B,10,9
1427620078.52,1427620079.16,A,27,9
1427620078.52,1427620079.16,B,9,9
1427620078.56,1427620079.2,A,25,9
1427620078.56,1427620079.2,B,10,9
1427620078.6,1427620079.24,A,17,8
1427620078.6,1427620079.24,B,17,8
1427620078.64,1427620079.28,A,21,9
1427620078.64,1427620079.28,B,20,9
1427620078.68,1427620079.32,A,22,10
1427620078.68,1427620079.32,B,22,10
1427620078.72,1427620079.36,A,29,11
1427620078.72,1427620079.36,B,27,11
1427620078.76,1427620079.4,A,41,11
1427620078.76,1427620079.4,B,22,11
1427620078.8,1427620079.44,A,44,13
1427620078.8,1427620079.44,B,22,13
1427620078.84,1427620079.48,A,54,13
1427620078.84,1427620079.48,B,14,13
1427620078.88,1427620079.52,A,51,14
1427620078.88,1427620079.52,B,19,14
1427620078.92,1427620079.56,A,52,14
1427620078.92,1427620079.56,B,18,14
1427620078.96,1427620079.6,A,48,13
1427620078.96,1427620079.6,B,14,13
1427620079.0,1427620079.64,A,47,14
1427620079.0,1427620079.64,B,11,14
1427620079.04,1427620079.68,A,42,14
1427620079.04,1427620079.68,B,13,14
1427620079.08,1427620079.72,A,42,14
1427620079.08,1427620079.72,B,15,14
1427620079.12,1427620079.76,A,37,16
1427620079.12,1427620079.76,B,16,16
1427620079.16,1427620079.8,A,37,15
1427620079.16,1427620079.8,B,15,15
1427620079.2,1427620079.84,A,45,14
1427620079.2,1427620079.84,B,15,14
1427620079.24,1427620079.88,A,46,15
1427620079.24,1427620079.88,B,11,15
1427620079.28,1427620079.92,A,63,20
1427620079.28,1427620079.92,B,18,20
1427620079.32,1427620079.96,A,61,20
1427620079.32,1427620079.96,B,27,20
1427620079.36,1427620080.0,A,64,20
1427620079.36,1427620080.0,B,28,20
1427620079.4,1427620080.04,A,54,21
1427620079.4,1427620080.04,B,28,21
1427620079.44,1427620080.08,A,51,21
1427620079.44,1427620080.08,B,30,21
1427620079.48,1427620080.12,A,37,20
1427620079.48,1427620080.12,B,20,20
1427620079.52,1427620080.16,A,38,22
1427620079.52,1427620080.16,B,20,22
1427620079.56,1427620080.2,A,36,21
1427620079.56,1427620080.2,B,35,21
1427620079.6,1427620080.24,A,47,23
1427620079.6,1427620080.24,B,44,23
1427620079.64,1427620080.28,A,63,26
1427620079.64,1427620080.28,B,36,26
1427620079.68,1427620080.32,A,69,28
1427620079.68,1427620080.32,B,29,28
1427620079.72,1427620080.36,A,82,29
1427620079.72,1427620080.36,B,28,29
1427620079.76,1427620080.4,A,81,28
1427620079.76,1427620080.4,B,31,28
1427620079.8,1427620080.44,A,85,29
1427620079.8,1427620080.44,B,33,29
1427620079.84,1427620080.48,A,76,30
1427620079.84,1427620080.48,B,39,30
1427620079.88,1427620080.52,A,78,26
1427620079.88,1427620080.52,B,31,26
1427620079.92,1427620080.56,A,51,24
1427620079.92,1427620080.56,B,15,24
1427620079.96,1427620080.6,A,49,24
1427620079.96,1427620080.6,B,16,24
1427620080.0,1427620080.64,A,33,26
1427620080.0,1427620080.64,B,34,26
1427620080.04,1427620080.68,A,44,28
1427620080.04,1427620080.68,B,44,28
1427620080.08,1427620080.72,A,65,30
1427620080.08,1427620080.72,B,43,30
1427620080.12,1427620080.76,A,70,29
1427620080.12,1427620080.76,B,45,29
1427620080.16,1427620080.8,A,86,27
1427620080.16,1427620080.8,B,36,27
1427620080.2,1427620080.84,A,84,27
1427620080.2,1427620080.84,B,32,27
1427620080.24,1427620080.88,A,77,26
1427620080.24,1427620080.88,B,32,26
1427620080.28,1427620080.92,A,61,26
1427620080.28,1427620080.92,B,20,26
1427620080.32,1427620080.96,A,56,26
1427620080.32,1427620080.96,B,34,26
1427620080.36,1427620081.0,A,36,25
1427620080.36,1427620081.0,B,28,25
1427620080.4,1427620081.04,A,50,27
1427620080.4,1427620081.04,B,24,27
1427620080.44,1427620081.08,A,67,26
1427620080.44,1427620081.08,B,31,26
1427620080.48,1427620081.12,A,75,26
1427620080.48,1427620081.12,B,37,26
1427620080.52,1427620081.16,A,99,30
1427620080.52,1427620081.16,B,34,30
1427620080.56,1427620081.2,A,99,31
1427620080.56,1427620081.2,B,38,31
1427620080.6,1427620081.24,A,105,30
1427620080.6,1427620081.24,B,32,30
1427620080.64,1427620081.28,A,92,28
1427620080.64,1427620081.28,B,28,28
1427620080.68,1427620081.32,A,85,29
1427620080.68,1427620081.32,B,33,29
1427620080.72,1427620081.36,A,61,25
1427620080.72,1427620081.36,B,19,25
1427620080.76,1427620081.4,A,76,26
1427620080.76,1427620081.4,B,28,26
1427620080.8,1427620081.44,A,75,25
1427620080.8,1427620081.44,B,18,25
1427620080.84,1427620081.48,A,91,25
1427620080.84,1427620081.48,B,23,25
1427620080.88,1427620081.52,A,101,24
1427620080.88,1427620081.52,B,12,24
1427620080.92,1427620081.56,A,106,24
1427620080.92,1427620081.56,B,9,24
1427620080.96,1427620081.6,A,112,25
1427620080.96,1427620081.6,B,7,25
1427620081.0,1427620081.64,A,109,25
1427620081.0,1427620081.64,B,17,25
1427620081.04,1427620081.68,A,100,26
1427620081.04,1427620081.68,B,26,26
1427620081.08,1427620081.72,A,87,25
1427620081.08,1427620081.72,B,25,25
1427620081.12,1427620081.76,A,82,25
1427620081.12,1427620081.76,B,29,25
1427620081.16,1427620081.8,A,66,20
1427620081.16,1427620081.8,B,23,20
1427620081.2,1427620081.84,A,76,19
1427620081.2,1427620081.84,B,27,19
1427620081.24,1427620081.88,A,76,18
1427620081.24,1427620081.88,B,20,18
1427620081.28,1427620081.92,A,85,19
1427620081.28,1427620081.92,B,16,19
1427620081.32,1427620081.96,A,88,18
1427620081.32,1427620081.96,B,12,18
1427620081.36,1427620082.0,A,92,17
1427620081.36,1427620082.0,B,9,17
1427620081.4,1427620082.04,A,79,17
1427620081.4,1427620082.04,B,13,17
1427620081.44,1427620082.08,A,76,17
1427620081.44,1427620082.08,B,11,17
1427620081.48,1427620082.12,A,59,15
1427620081.48,1427620082.12,B,25,15
1427620081.52,1427620082.16,A,53,14
1427620081.52,1427620082.16,B,22,14
1427620081.56,1427620082.2,A,50,14
1427620081.56,1427620082.2,B,23,14
1427620081.6,1427620082.24,A,44,13
1427620081.6,1427620082.24,B,15,13
1427620081.64,1427620082.28,A,54,13
1427620081.64,1427620082.28,B,14,13
1427620081.68,1427620082.32,A,55,12
1427620081.68,1427620082.32,B,11,12
1427620081.72,1427620082.36,A,61,12
1427620081.72,1427620082.36,B,7,12
1427620081.76,1427620082.4,A,59,13
1427620081.76,1427620082.4,B,3,13
1427620081.8,1427620082.44,A,60,13
1427620081.8,1427620082.44,B,6,13
1427620081.84,1427620082.48,A,52,14
1427620081.84,1427620082.48,B,13,14
1427620081.88,1427620082.52,A,51,14
1427620081.88,1427620082.52,B,14,14
1427620081.92,1427620082.56,A,42,14
1427620081.92,1427620082.56,B,19,14
1427620081.96,1427620082.6,A,38,13
1427620081.96,1427620082.6,B,16,13
1427620082.0,1427620082.64,A,37,12
1427620082.0,1427620082.64,B,14,12
1427620082.04,1427620082.68,A,35,11
1427620082.04,1427620082.68,B,11,11
1427620082.08,1427620082.72,A,38,11
1427620082.08,1427620082.72,B,8,11
1427620082.12,1427620082.76,A,37,11
1427620082.12,1427620082.76,B,9,11
1427620082.16,1427620082.8,A,38,11
1427620082.16,1427620082.8,B,8,11
1427620082.2,1427620082.84,A,36,11
1427620082.2,1427620082.84,B,7,11
1427620082.24,1427620082.88,A,32,9
1427620082.24,1427620082.88,B,8,9
1427620082.28,1427620082.92,A,27,9
1427620082.28,1427620082.92,B,13,9
1427620082.32,1427620082.96,A,26,9
1427620082.32,1427620082.96,B,14,9
1427620082.36,1427620083.0,A,15,7
1427620082.36,1427620083.0,B,14,7
1427620082.4,1427620083.04,A,18,8
1427620082.4,1427620083.04,B,18,8
1427620082.44,1427620083.08,A,17,7
1427620082.44,1427620083.08,B,14,7
1427620082.48,1427620083.12,A,19,6
1427620082.48,1427620083.12,B,12,6
1427620082.52,1427620083.16,A,20,6
1427620082.52,1427620083.16,B,10,6
1427620082.56,1427620083.2,A,19,6
1427620082.56,1427620083.2,B,10,6
1427620082.6,1427620083.24,A,16,6
1427620082.6,1427620083.24,B,8,6
1427620082.64,1427620083.28,A,17,5
1427620082.64,1427620083.28,B,8,5
1427620082.68,1427620083.32,A,16,5
1427620082.68,1427620083.32,B,7,5
1427620082.72,1427620083.36,A,16,5
1427620082.72,1427620083.36,B,7,5
1427620082.76,1427620083.4,A,16,5
1427620082.76,1427620083.4,B,7,5
1427620082.8,1427620083.44,A,14,5
1427620082.8,1427620083.44,B,9,5
1427620082.84,1427620083.48,A,14,5
1427620082.84,1427620083.48,B,9,5
1427620082.88,1427620083.52,A,14,5
1427620082.88,1427620083.52,B,8,5
1427620082.92,1427620083.56,A,13,5
1427620082.92,1427620083.56,B,9,5
1427620082.96,1427620083.6,A,14,5
1427620082.96,1427620083.6,B,8,5
1427620083.0,1427620083.64,A,16,5
1427620083.0,1427620083.64,B,4,5
1427620083.04,1427620083.68,A,9,4
1427620083.04,1427620083.68,B,7,4
1427620083.08,1427620083.72,A,9,4
1427620083.08,1427620083.72,B,10,4
1427620083.12,1427620083.76,A,8,4
1427620083.12,1427620083.76,B,10,4
1427620083.16,1427620083.8,A,8,4
1427620083.16,1427620083.8,B,9,4
1427620083.2,1427620083.84,A,8,4
1427620083.2,1427620083.84,B,9,4
1427620083.24,1427620083.88,A,8,4
1427620083.24,1427620083.88,B,9,4
1427620083.28,1427620083.92,A,7,4
1427620083.28,1427620083.92,B,7,4
1427620083.32,1427620083.96,A,5,4
1427620083.32,1427620083.96,B,8,4
1427620083.36,1427620084.0,A,6,4
1427620083.36,1427620084.0,B,9,4
1427620083.4,1427620084.04,A,6,4
1427620083.4,1427620084.04,B,9,4
1427620083.44,1427620084.08,A,7,4
1427620083.44,1427620084.08,B,10,4
1427620083.48,1427620084.12,A,7,4
1427620083.48,1427620084.12,B,11,4
1427620083.52,1427620084.16,A,8,4
1427620083.52,1427620084.16,B,10,4
1427620083.56,1427620084.2,A,7,4
1427620083.56,1427620084.2,B,9,4
1427620083.6,1427620084.24,A,8,3
1427620083.6,1427620084.24,B,7,3
1427620083.64,1427620084.28,A,5,4
1427620083.64,1427620084.28,B,6,4
1427620083.68,1427620084.32,A,3,3
1427620083.68,1427620084.32,B,5,3
1427620083.72,1427620084.36,A,4,3
1427620083.72,1427620084.36,B,4,3
1427620083.76,1427620084.4,A,3,3
1427620083.76,1427620084.4,B,4,3
1427620083.8,1427620084.44,A,3,3
1427620083.8,1427620084.44,B,4,3
1427620083.84,1427620084.48,A,1,3
1427620083.84,1427620084.48,B,6,3
1427620083.88,1427620084.52,A,2,3
1427620083.88,1427620084.52,B,7,3
1427620083.92,1427620084.56,A,1,3
1427620083.92,1427620084.56,B,5,3
1427620083.96,1427620084.6,A,3,3
1427620083.96,1427620084.6,B,5,3
1427620084.0,1427620084.64,A,2,3
1427620084.0,1427620084.64,B,6,3
1427620084.04,1427620084.68,A,1,3
1427620084.04,1427620084.68,B,6,3
1427620084.08,1427620084.72,A,4,3
1427620084.08,1427620084.72,B,7,3
1427620084.12,1427620084.76,A,5,3
1427620084.12,1427620084.76,B,10,3
1427620084.16,1427620084.8,A,6,4
1427620084.16,1427620084.8,B,10,4
1427620084.2,1427620084.84,A,7,4
1427620084.2,1427620084.84,B,9,4
1427620084.24,1427620084.88,A,10,4
1427620084.24,1427620084.88,B,7,4
1427620084.28,1427620084.92,A,9,4
1427620084.28,1427620084.92,B,5,4
1427620084.32,1427620084.96,A,8,4
1427620084.32,1427620084.96,B,6,4
1427620084.36,1427620085.0,A,9,4
1427620084.36,1427620085.0,B,6,4
1427620084.4,1427620085.04,A,9,4
1427620084.4,1427620085.04,B,6,4
1427620084.44,1427620085.08,A,12,4
1427620084.44,1427620085.08,B,6,4
1427620084.48,1427620085.12,A,10,4
1427620084.48,1427620085.12,B,7,4
1427620084.52,1427620085.16,A,11,4
1427620084.52,1427620085.16,B,8,4
1427620084.56,1427620085.2,A,10,4
1427620084.56,1427620085.2,B,7,4
1427620084.6,1427620085.24,A,10,4
1427620084.6,1427620085.24,B,9,4
1427620084.64,1427620085.28,A,10,4
1427620084.64,1427620085.28,B,9,4
1427620084.68,1427620085.32,A,7,4
1427620084.68,1427620085.32,B,9,4
1427620084.72,1427620085.36,A,9,4
1427620084.72,1427620085.36,B,9,4
1427620084.76,1427620085.4,A,4,4
1427620084.76,1427620085.4,B,10,4
1427620084.8,1427620085.44,A,4,4
1427620084.8,1427620085.44,B,10,4
1427620084.84,1427620085.48,A,2,4
1427620084.84,1427620085.48,B,11,4
1427620084.88,1427620085.52,A,2,4
1427620084.88,1427620085.52,B,11,4
1427620084.92,1427620085.56,A,2,4
1427620084.92,1427620085.56,B,11,4
1427620084.96,1427620085.6,A,2,4
1427620084.96,1427620085.6,B,11,4
1427620085.0,1427620085.64,A,3,4
1427620085.0,1427620085.64,B,10,4
1427620085.04,1427620085.68,A,4,4
1427620085.04,1427620085.68,B,10,4
1427620085.08,1427620085.72,A,7,4
1427620085.08,1427620085.72,B,11,4
1427620085.12,1427620085.76,A,8,5
1427620085.12,1427620085.76,B,14,5
1427620085.16,1427620085.8,A,10,5
1427620085.16,1427620085.8,B,17,5
1427620085.2,1427620085.84,A,9,5
1427620085.2,1427620085.84,B,18,5
1427620085.24,1427620085.88,A,9,5
1427620085.24,1427620085.88,B,17,5
1427620085.28,1427620085.92,A,7,5
1427620085.28,1427620085.92,B,15,5
1427620085.32,1427620085.96,A,7,5
1427620085.32,1427620085.96,B,14,5
1427620085.36,1427620086.0,A,8,5
1427620085.36,1427620086.0,B,13,5
1427620085.4,1427620086.04,A,6,5
1427620085.4,1427620086.04,B,13,5
1427620085.44,1427620086.08,A,6,5
1427620085.44,1427620086.08,B,13,5
1427620085.48,1427620086.12,A,6,5
1427620085.48,1427620086.12,B,12,5
1427620085.52,1427620086.16,A,6,6
1427620085.52,1427620086.16,B,13,6
1427620085.56,1427620086.2,A,6,6
1427620085.56,1427620086.2,B,13,6
1427620085.6,1427620086.24,A,3,6
1427620085.6,1427620086.24,B,13,6
1427620085.64,1427620086.28,A,3,6
1427620085.64,1427620086.28,B,13,6
1427620085.68,1427620086.32,A,3,6
1427620085.68,1427620086.32,B,12,6
1427620085.72,1427620086.36,A,2,6
1427620085.72,1427620086.36,B,14,6
1427620085.76,1427620086.4,A,3,5
1427620085.76,1427620086.4,B,13,5
1427620085.8,1427620086.44,A,4,6
1427620085.8,1427620086.44,B,10,6
1427620085.84,1427620086.48,A,2,5
1427620085.84,1427620086.48,B,9,5
1427620085.88,1427620086.52,A,1,5
1427620085.88,1427620086.52,B,9,5
1427620085.92,1427620086.56,A,1,5
1427620085.92,1427620086.56,B,11,5
1427620085.96,1427620086.6,A,1,5
1427620085.96,1427620086.6,B,12,5
1427620086.0,1427620086.64,A,4,5
1427620086.0,1427620086.64,B,11,5
1427620086.04,1427620086.68,A,4,5
1427620086.04,1427620086.68,B,10,5
1427620086.08,1427620086.72,A,6,5
1427620086.08,1427620086.72,B,8,5
1427620086.12,1427620086.76,A,6,5
1427620086.12,1427620086.76,B,6,5
1427620086.16,1427620086.8,A,4,4
1427620086.16,1427620086.8,B,4,4
1427620086.2,1427620086.84,A,3,4
1427620086.2,1427620086.84,B,4,4
1427620086.24,1427620086.88,A,2,4
1427620086.24,1427620086.88,B,5,4
1427620086.28,1427620086.92,A,1,4
1427620086.28,1427620086.92,B,5,4
1427620086.32,1427620086.96,A,1,4
1427620086.32,1427620086.96,B,5,4
